0 -68.5 -140.0 671.5 -1 1 -1
1 -68.0 -140.5 671.0 0 2 -1
2 -67.5 -141.0 671.0 1 3 -1
3 -67.0 -141.5 671.0 2 4 -1
4 -66.5 -141.5 671.0 3 5 -1
5 -66.0 -142.0 671.0 4 6 -1
6 -65.5 -142.5 670.5 5 7 -1
7 -65.0 -143.0 670.5 6 8 -1
8 -64.5 -143.5 670.5 7 9 -1
9 -64.0 -143.5 670.5 8 10 -1
10 -63.5 -144.0 670.5 9 11 -1
11 -63.5 -144.5 670.0 10 12 -1
12 -63.0 -145.0 669.5 11 13 -1
13 -62.5 -145.5 669.5 12 14 -1
14 -62.0 -146.0 669.0 13 15 -1
15 -61.5 -146.5 668.5 14 16 -1
16 -61.0 -147.0 668.0 15 17 -1
17 -60.5 -147.5 668.0 16 18 -1
18 -60.0 -148.0 667.5 17 19 -1
19 -59.5 -148.5 667.0 18 20 -1
20 -59.0 -149.0 666.5 19 21 -1
21 -58.5 -149.0 666.5 20 22 -1
22 -58.0 -149.5 666.0 21 23 -1
23 -57.5 -150.0 665.5 22 24 -1
24 -57.0 -150.0 665.5 23 25 -1
25 -56.5 -150.5 665.0 24 26 -1
26 -56.0 -151.0 665.0 25 27 -1
27 -55.5 -151.5 664.5 26 28 -1
28 -55.0 -151.5 664.0 27 29 -1
29 -54.5 -152.0 663.5 28 30 -1
30 -54.0 -152.5 663.5 29 31 -1
31 -53.5 -153.0 663.0 30 32 -1
32 -53.0 -153.0 662.5 31 33 -1
33 -52.5 -153.5 662.0 32 34 -1
34 -52.0 -154.0 662.0 33 35 -1
35 -52.0 -154.5 661.5 34 36 -1
36 -51.5 -155.0 661.0 35 37 -1
37 -51.0 -155.5 660.5 36 38 -1
38 -51.0 -156.0 660.5 37 39 -1
39 -50.5 -156.5 660.0 38 40 -1
40 -50.5 -156.5 659.5 39 41 -1
41 -50.0 -157.0 659.0 40 42 43
42 -49.5 -157.5 659.0 41 44 -1
43 -49.0 -158.0 658.0 41 45 -1
44 -49.5 -158.0 659.5 42 46 -1
45 -49.0 -157.5 657.5 43 47 -1
46 -49.5 -158.5 660.0 44 48 -1
47 -48.5 -158.0 657.0 45 49 -1
48 -49.5 -159.0 660.0 46 50 -1
49 -48.5 -158.0 656.5 47 51 -1
50 -49.0 -159.5 660.5 48 52 -1
51 -48.0 -158.5 656.0 49 53 -1
52 -49.5 -159.5 661.0 50 54 -1
53 -48.0 -158.0 655.5 51 55 -1
54 -49.5 -159.5 661.5 52 56 -1
55 -47.5 -158.5 655.0 53 57 -1
56 -49.5 -159.5 662.0 54 58 -1
57 -47.5 -158.5 654.5 55 59 -1
58 -50.0 -160.0 662.5 56 60 -1
59 -47.0 -158.5 654.0 57 61 -1
60 -50.0 -160.5 663.0 58 62 -1
61 -47.0 -158.5 653.5 59 63 -1
62 -50.0 -160.5 663.5 60 64 -1
63 -46.5 -158.5 653.0 61 65 -1
64 -50.0 -160.5 664.0 62 66 -1
65 -46.5 -158.5 652.5 63 67 -1
66 -50.0 -160.5 664.5 64 68 -1
67 -46.0 -158.5 652.0 65 69 -1
68 -50.0 -160.5 665.0 66 70 -1
69 -45.5 -158.5 651.5 67 71 -1
70 -50.0 -161.0 665.5 68 72 -1
71 -45.5 -158.5 651.0 69 73 -1
72 -50.0 -161.0 666.0 70 74 -1
73 -45.5 -158.5 650.5 71 75 -1
74 -50.0 -161.0 666.5 72 76 -1
75 -45.0 -158.5 650.0 73 77 -1
76 -50.5 -161.0 667.0 74 78 -1
77 -45.0 -158.5 649.5 75 79 -1
78 -50.5 -161.0 667.5 76 80 -1
79 -44.5 -158.5 649.0 77 81 -1
80 -50.0 -161.0 668.0 78 82 -1
81 -44.5 -158.5 648.5 79 83 -1
82 -50.0 -161.5 668.5 80 84 -1
83 -44.5 -159.0 648.0 81 85 -1
84 -50.0 -161.5 669.0 82 86 -1
85 -44.0 -159.0 647.5 83 87 -1
86 -50.0 -161.5 669.5 84 88 -1
87 -43.5 -158.5 647.0 85 89 -1
88 -50.0 -161.5 670.0 86 90 -1
89 -43.5 -159.0 646.5 87 91 -1
90 -50.0 -161.5 670.5 88 92 -1
91 -43.5 -158.5 646.0 89 93 -1
92 -50.0 -162.0 671.0 90 94 -1
93 -43.5 -158.5 645.5 91 95 -1
94 -49.5 -162.5 671.5 92 96 -1
95 -43.0 -159.0 645.0 93 97 -1
96 -49.5 -162.5 672.0 94 98 -1
97 -43.0 -158.5 644.5 95 99 -1
98 -49.5 -162.5 672.5 96 100 -1
99 -43.0 -158.5 644.0 97 101 -1
100 -50.0 -162.0 673.0 98 102 -1
101 -42.5 -158.5 643.5 99 103 -1
102 -49.5 -162.5 673.5 100 104 -1
103 -42.5 -158.5 643.0 101 105 -1
104 -49.5 -162.5 674.0 102 106 -1
105 -42.0 -158.5 642.5 103 107 -1
106 -49.5 -162.5 674.5 104 108 -1
107 -41.5 -158.5 642.0 105 109 -1
108 -49.5 -162.5 675.0 106 110 -1
109 -41.5 -158.5 641.5 107 111 -1
110 -49.5 -162.5 675.5 108 112 -1
111 -41.0 -158.5 641.0 109 113 -1
112 -49.5 -162.5 676.0 110 114 -1
113 -41.0 -158.5 640.5 111 115 -1
114 -49.5 -162.5 676.5 112 116 -1
115 -40.5 -158.5 640.0 113 117 -1
116 -49.5 -163.0 677.0 114 118 -1
117 -40.0 -158.5 639.5 115 119 -1
118 -49.5 -163.0 677.5 116 120 -1
119 -40.0 -158.5 639.0 117 121 -1
120 -49.5 -163.0 678.0 118 122 -1
121 -39.5 -158.5 638.5 119 123 -1
122 -49.5 -163.0 678.5 120 124 -1
123 -39.0 -158.5 638.0 121 125 -1
124 -49.5 -163.5 679.0 122 126 -1
125 -39.0 -158.5 637.5 123 127 -1
126 -49.5 -163.5 679.5 124 128 -1
127 -38.5 -158.5 637.0 125 129 -1
128 -49.5 -163.5 680.0 126 130 -1
129 -38.0 -158.5 636.5 127 131 -1
130 -49.5 -164.0 680.5 128 132 -1
131 -37.5 -158.5 636.0 129 133 -1
132 -49.5 -164.0 681.0 130 134 -1
133 -37.0 -158.5 635.5 131 135 -1
134 -49.0 -164.0 681.5 132 136 -1
135 -36.5 -158.5 635.0 133 137 -1
136 -49.5 -164.5 682.0 134 138 -1
137 -36.0 -158.5 635.0 135 139 -1
138 -49.0 -165.0 682.5 136 140 -1
139 -35.5 -158.5 634.5 137 141 -1
140 -49.0 -165.5 683.0 138 142 -1
141 -35.0 -158.5 634.0 139 143 -1
142 -49.0 -166.0 683.5 140 144 -1
143 -34.5 -158.5 634.0 141 145 -1
144 -48.5 -166.0 684.0 142 146 -1
145 -34.0 -159.0 633.5 143 147 -1
146 -48.5 -166.5 684.5 144 148 -1
147 -33.5 -159.0 633.0 145 149 -1
148 -48.5 -167.0 685.0 146 150 -1
149 -33.0 -159.5 632.5 147 151 -1
150 -48.5 -167.5 685.5 148 152 -1
151 -32.5 -159.5 632.5 149 153 -1
152 -48.5 -168.0 686.0 150 -1 -1
153 -32.0 -159.5 632.5 151 154 -1
154 -31.5 -159.5 632.5 153 155 -1
155 -31.0 -159.5 632.0 154 156 -1
156 -30.5 -159.5 631.5 155 157 -1
157 -30.0 -159.5 631.0 156 158 -1
158 -29.5 -159.5 631.0 157 159 -1
159 -29.0 -159.5 631.0 158 160 -1
160 -28.5 -160.0 630.5 159 161 -1
161 -28.0 -160.0 630.5 160 162 -1
162 -27.5 -160.0 630.5 161 163 -1
163 -27.0 -160.0 629.5 162 164 -1
164 -27.0 -160.5 629.0 163 165 -1
165 -26.5 -160.5 628.5 164 166 -1
166 -26.0 -160.5 628.0 165 167 -1
167 -26.0 -161.0 627.5 166 168 -1
168 -25.5 -161.0 627.0 167 169 -1
169 -25.5 -161.5 626.5 168 170 -1
170 -25.0 -161.5 626.0 169 171 -1
171 -24.5 -162.0 625.5 170 172 -1
172 -24.0 -162.0 625.5 171 173 -1
173 -23.5 -162.5 625.0 172 174 -1
174 -23.0 -163.0 624.5 173 175 -1
175 -22.5 -163.5 624.0 174 176 -1
176 -22.5 -164.0 624.0 175 177 -1
177 -22.0 -164.5 623.5 176 178 -1
178 -21.5 -165.0 623.0 177 179 -1
179 -21.0 -165.5 623.0 178 180 -1
180 -21.0 -166.0 622.5 179 181 -1
181 -20.5 -166.5 622.5 180 182 -1
182 -20.0 -167.0 622.0 181 183 -1
183 -19.5 -167.5 622.0 182 184 -1
184 -19.0 -168.0 621.5 183 185 -1
185 -19.0 -168.5 621.0 184 186 187
186 -19.5 -169.0 620.5 185 188 -1
187 -18.5 -169.0 621.5 185 189 -1
188 -19.5 -169.5 620.0 186 190 -1
189 -18.5 -169.5 621.5 187 191 -1
190 -19.5 -169.5 619.5 188 192 -1
191 -18.0 -170.0 621.5 189 193 -1
192 -20.0 -170.0 619.0 190 194 -1
193 -17.5 -170.5 621.5 191 195 -1
194 -20.0 -170.5 618.5 192 196 -1
195 -17.0 -170.5 621.5 193 197 -1
196 -20.0 -170.5 618.0 194 198 -1
197 -16.5 -171.0 621.5 195 199 -1
198 -20.5 -171.0 617.5 196 200 -1
199 -16.0 -171.5 622.0 197 201 -1
200 -20.5 -171.5 617.0 198 202 -1
201 -15.5 -171.5 622.0 199 203 -1
202 -20.5 -171.5 616.5 200 204 -1
203 -15.0 -172.0 622.0 201 205 -1
204 -20.5 -171.5 616.0 202 206 -1
205 -14.5 -172.0 622.0 203 207 -1
206 -20.5 -172.0 615.5 204 208 -1
207 -14.0 -172.0 621.5 205 209 -1
208 -20.5 -172.5 615.0 206 210 -1
209 -13.5 -172.0 621.5 207 211 -1
210 -20.5 -172.5 614.5 208 212 -1
211 -13.0 -172.5 622.0 209 213 -1
212 -20.5 -173.0 614.0 210 214 -1
213 -12.5 -173.0 622.5 211 215 -1
214 -21.0 -172.5 613.5 212 216 -1
215 -12.0 -173.0 622.0 213 217 -1
216 -21.0 -173.0 613.0 214 218 -1
217 -11.5 -173.0 622.5 215 219 -1
218 -21.0 -173.0 612.5 216 220 -1
219 -11.0 -173.0 622.5 217 221 -1
220 -21.5 -173.0 612.0 218 222 -1
221 -10.5 -173.5 623.0 219 223 -1
222 -21.0 -173.5 611.5 220 224 -1
223 -10.0 -174.0 623.0 221 225 -1
224 -21.5 -173.5 611.0 222 226 -1
225 -9.5 -174.0 623.5 223 227 -1
226 -21.5 -174.0 610.5 224 228 -1
227 -9.0 -174.5 623.0 225 229 -1
228 -22.0 -174.0 610.0 226 230 -1
229 -8.5 -174.5 623.5 227 231 -1
230 -22.5 -174.0 609.5 228 -1 -1
231 -8.0 -175.0 623.5 229 232 -1
232 -7.5 -175.0 623.5 231 233 -1
233 -7.0 -175.0 624.0 232 234 -1
234 -6.5 -175.5 624.0 233 235 -1
235 -6.0 -175.5 624.5 234 236 -1
236 -5.5 -176.0 624.5 235 237 -1
237 -5.0 -176.0 625.0 236 238 -1
238 -4.5 -176.0 625.0 237 239 -1
239 -4.0 -176.5 625.0 238 240 -1
240 -3.5 -177.0 625.0 239 241 -1
241 -3.0 -177.0 625.0 240 242 -1
242 -2.5 -176.5 625.5 241 243 -1
243 -2.0 -177.0 625.5 242 244 -1
244 -1.5 -177.0 625.5 243 245 -1
245 -1.0 -177.0 625.5 244 246 -1
246 -0.5 -177.0 626.0 245 247 -1
247 0.0 -177.0 626.0 246 248 -1
248 0.5 -177.0 626.0 247 249 -1
249 1.0 -177.0 626.0 248 250 -1
250 1.5 -177.0 626.0 249 251 -1
251 2.0 -177.0 626.0 250 252 -1
252 2.5 -177.0 626.0 251 253 -1
253 3.0 -177.0 626.0 252 254 -1
254 3.5 -177.5 626.0 253 255 -1
255 4.0 -177.5 626.0 254 256 -1
256 4.5 -177.5 626.0 255 257 -1
257 5.0 -177.5 626.0 256 258 -1
258 5.5 -177.5 626.0 257 259 -1
259 6.0 -177.5 626.0 258 260 -1
260 6.5 -178.0 626.0 259 261 -1
261 7.0 -178.0 626.0 260 262 -1
262 7.5 -178.0 626.0 261 263 -1
263 8.0 -178.0 626.0 262 264 -1
264 8.5 -178.0 626.0 263 265 -1
265 9.0 -178.0 626.0 264 266 -1
266 9.5 -178.0 626.0 265 267 -1
267 10.0 -178.0 626.0 266 268 -1
268 10.5 -178.0 625.5 267 269 -1
269 11.0 -178.0 625.5 268 270 -1
270 11.5 -178.0 625.5 269 271 -1
271 12.0 -178.0 625.5 270 272 -1
272 12.5 -178.0 625.5 271 273 -1
273 13.0 -177.5 625.0 272 274 -1
274 13.5 -177.5 625.0 273 275 -1
275 14.0 -177.5 625.0 274 276 -1
276 14.5 -177.5 625.0 275 277 -1
277 15.0 -177.5 625.0 276 278 -1
278 15.5 -177.0 625.0 277 279 -1
279 16.0 -176.5 625.0 278 280 -1
280 16.5 -176.5 625.0 279 281 -1
281 17.0 -176.5 624.5 280 282 -1
282 17.5 -176.0 624.5 281 283 -1
283 18.0 -175.5 624.5 282 284 -1
284 18.5 -175.0 624.5 283 285 -1
285 19.0 -174.5 624.0 284 286 -1
286 19.5 -174.5 624.0 285 287 -1
287 20.0 -174.0 623.5 286 288 -1
288 20.0 -173.5 623.5 287 289 -1
289 20.5 -173.0 623.0 288 290 -1
290 21.0 -172.5 622.5 289 291 -1
291 21.5 -172.5 622.5 290 292 -1
292 22.0 -172.0 622.5 291 293 -1
293 22.5 -171.5 622.5 292 294 -1
294 23.0 -171.0 622.5 293 295 -1
295 23.5 -170.5 622.0 294 296 -1
296 24.0 -170.0 622.0 295 297 -1
297 24.5 -169.5 622.0 296 298 -1
298 25.0 -169.0 622.0 297 299 -1
299 25.0 -168.5 621.5 298 300 -1
300 25.5 -168.0 621.5 299 301 -1
301 26.0 -167.5 621.5 300 302 -1
302 26.0 -167.0 621.5 301 303 -1
303 26.0 -166.5 621.0 302 304 -1
304 26.5 -166.0 621.0 303 305 -1
305 27.0 -165.5 621.5 304 306 -1
306 27.0 -165.0 621.0 305 307 -1
307 27.5 -164.5 621.5 306 308 -1
308 28.0 -164.0 621.5 307 309 -1
309 28.5 -163.5 621.5 308 310 -1
310 28.5 -163.0 621.5 309 311 -1
311 29.0 -162.5 622.0 310 312 -1
312 29.5 -162.0 622.5 311 313 -1
313 29.5 -161.5 622.5 312 314 -1
314 29.5 -161.0 622.5 313 315 -1
315 30.0 -160.5 623.0 314 316 -1
316 30.0 -160.0 622.5 315 317 -1
317 30.0 -159.5 622.5 316 318 -1
318 30.5 -159.0 623.0 317 319 -1
319 31.0 -158.5 623.5 318 320 -1
320 31.0 -158.0 623.0 319 321 -1
321 31.0 -157.5 623.5 320 322 -1
322 31.5 -157.0 623.5 321 323 -1
323 31.5 -156.5 624.0 322 324 -1
324 32.0 -156.0 624.5 323 325 -1
325 32.5 -155.5 625.0 324 326 -1
326 33.0 -155.0 625.5 325 327 -1
327 33.0 -154.5 625.5 326 328 -1
328 33.5 -154.0 626.0 327 329 -1
329 34.0 -153.5 626.5 328 330 -1
330 34.5 -153.5 627.0 329 331 -1
331 35.0 -153.0 627.5 330 332 -1
332 35.5 -152.5 628.0 331 333 -1
333 36.0 -152.0 628.5 332 334 -1
334 36.5 -151.5 628.5 333 335 -1
335 37.0 -151.5 629.0 334 336 -1
336 37.5 -151.0 629.5 335 337 -1
337 38.0 -151.0 630.0 336 338 -1
338 38.5 -151.0 630.5 337 339 -1
339 39.0 -151.0 631.0 338 340 -1
340 39.5 -150.5 631.0 339 341 -1
341 40.0 -151.0 631.5 340 342 -1
342 40.5 -151.0 631.5 341 343 -1
343 41.0 -151.0 631.5 342 344 -1
344 41.5 -150.5 632.0 343 345 -1
345 42.0 -150.5 632.0 344 346 -1
346 42.5 -150.5 632.0 345 347 -1
347 43.0 -150.5 632.5 346 348 -1
348 43.5 -150.5 632.5 347 349 -1
349 44.0 -150.5 632.5 348 350 -1
350 44.5 -150.5 632.5 349 351 -1
351 45.0 -150.5 633.0 350 352 -1
352 45.5 -151.0 633.0 351 353 -1
353 46.0 -150.5 633.5 352 354 -1
354 46.5 -150.5 633.5 353 355 -1
355 47.0 -150.5 633.5 354 356 -1
356 47.5 -150.5 633.5 355 357 -1
357 48.0 -150.5 633.5 356 358 -1
358 48.5 -150.5 633.5 357 359 -1
359 49.0 -150.5 634.0 358 360 -1
360 49.5 -150.5 634.0 359 361 -1
361 50.0 -150.5 634.0 360 362 -1
362 50.5 -150.5 634.0 361 363 -1
363 51.0 -150.0 634.0 362 364 -1
364 51.5 -150.0 634.0 363 365 -1
365 52.0 -150.0 634.5 364 366 -1
366 52.5 -150.0 634.5 365 367 -1
367 53.0 -150.0 634.5 366 368 -1
368 53.5 -150.0 634.5 367 369 -1
369 54.0 -150.0 634.5 368 370 -1
370 54.5 -149.5 634.5 369 371 -1
371 55.0 -149.5 634.5 370 372 -1
372 55.5 -150.0 634.0 371 373 -1
373 56.0 -150.0 634.0 372 374 -1
374 56.5 -149.5 634.0 373 375 -1
375 57.0 -149.5 634.0 374 376 -1
376 57.5 -149.5 633.5 375 377 -1
377 58.0 -149.5 633.5 376 378 -1
378 58.5 -149.5 633.0 377 379 -1
379 59.0 -149.0 633.0 378 380 -1
380 59.5 -149.0 633.0 379 381 -1
381 60.0 -148.5 632.5 380 382 -1
382 60.5 -148.5 633.0 381 383 -1
383 61.0 -148.5 632.5 382 384 -1
384 61.5 -148.0 632.5 383 385 -1
385 62.0 -148.0 632.5 384 386 -1
386 62.5 -147.5 632.0 385 387 -1
387 63.0 -147.5 632.0 386 388 -1
388 63.5 -147.0 631.5 387 389 -1
389 64.0 -147.0 631.5 388 390 -1
390 64.5 -146.5 631.0 389 391 -1
391 64.5 -146.5 630.5 390 392 -1
392 65.0 -146.0 630.0 391 393 -1
393 65.0 -146.5 629.5 392 394 -1
394 65.5 -146.0 629.0 393 395 -1
395 65.5 -146.0 628.5 394 396 -1
396 66.0 -146.0 628.0 395 397 -1
397 66.5 -146.0 627.5 396 398 -1
398 66.5 -145.5 627.0 397 399 -1
399 67.0 -145.0 626.5 398 400 -1
400 67.5 -144.5 626.0 399 401 -1
401 68.0 -144.0 626.0 400 402 -1
402 68.5 -143.5 625.5 401 403 -1
403 69.0 -143.5 625.0 402 404 -1
404 69.5 -143.0 624.5 403 405 -1
405 70.0 -142.5 624.0 404 406 -1
406 70.5 -142.0 624.0 405 407 -1
407 71.0 -141.5 623.5 406 408 -1
408 71.5 -141.5 623.0 407 409 -1
409 72.0 -141.0 622.5 408 410 -1
410 72.5 -141.0 622.0 409 411 -1
411 72.5 -141.5 621.5 410 412 -1
412 73.0 -142.0 621.0 411 413 -1
413 73.0 -142.5 620.5 412 -1 -1
