0 -68.5 -140.0 671.5 -1 1 -1
1 -68.34270451835543 -140.16031764371888 671.4665186309348 0 2 -1
2 -68.18506427940844 -140.31988836439257 671.4312921943726 1 3 -1
3 -68.0270132392065 -140.47865616059542 671.3943216115117 2 4 -1
4 -67.86857377483508 -140.63662384819136 671.3556263703202 3 5 -1
5 -67.70976790671925 -140.79379478408197 671.315226158459 4 6 -1
6 -67.5506172898136 -140.95017284884543 671.2731408343303 5 7 -1
7 -67.39114312194458 -141.10576221104682 671.2293899414124 6 8 -1
8 -67.23136633864105 -141.2605677929308 671.1839937033612 7 9 -1
9 -67.07130753789737 -141.41459513818452 671.1369727448063 8 10 -1
10 -66.91098684924891 -141.56785004599692 671.0883473404864 9 11 -1
11 -66.75042401180934 -141.72033874967877 671.0381378068602 10 12 -1
12 -66.58963837276447 -141.87206789879323 670.9863644797541 11 13 -1
13 -66.42864888687016 -142.02304454142566 670.9330476931415 12 14 -1
14 -66.26747411689408 -142.17327610664412 670.8782077590439 13 15 -1
15 -66.10613223494167 -142.32277038719815 670.8218649485483 14 16 -1
16 -65.94464102460744 -142.47153552249867 670.7640394739263 15 17 -1
17 -65.78301788389386 -142.61957998191716 670.7047514718378 16 18 -1
18 -65.62127982510931 -142.76691252174004 670.6440209335598 17 19 -1
19 -65.45944348734126 -142.91354221412521 670.5818677813257 18 20 -1
20 -65.29752514497028 -143.05947848925865 670.5183119710802 19 21 -1
21 -65.13554069409821 -143.20473097613257 670.4533731884227 20 22 -1
22 -64.97350566947351 -143.3493095558937 670.3870709746857 21 23 -1
23 -64.81143525090047 -143.49322434766646 670.3194247161689 22 24 -1
24 -64.64934426941605 -143.63648562619812 670.2504534948187 23 25 -1
25 -64.48724722009707 -143.77910396600498 670.1801763979178 24 26 -1
26 -64.32515826278834 -143.92109014319055 670.1086123372198 25 27 -1
27 -64.1630912309555 -144.06245509848932 670.0357799911482 26 28 -1
28 -64.00105964041855 -144.20320994729383 669.9616978421991 27 29 -1
29 -63.83907669762296 -144.34336596849133 669.8863841710753 28 30 -1
30 -63.67715530809846 -144.48293459381514 669.809857051525 29 31 -1
31 -63.515308085076654 -144.62192739770873 669.7321343458509 30 32 -1
32 -63.353547358239744 -144.76035608769848 669.6532337010586 31 33 -1
33 -63.19188518257496 -144.89823249527095 669.5731725456131 32 34 -1
34 -63.030333363489895 -145.03556849715247 669.491967937326 33 35 -1
35 -62.86890348950915 -145.17237595288373 669.4096364382251 34 36 -1
36 -62.707606794109935 -145.30866727432763 669.3261953517097 35 37 -1
37 -62.54645432427481 -145.44445470967798 669.2416612133678 36 38 -1
38 -62.38545689731335 -145.5797505927855 669.1560503320512 37 39 -1
39 -62.224625109926585 -145.71456733688467 669.0693787896425 38 40 -1
40 -62.063969473424685 -145.84891712139006 668.9816617445124 39 41 -1
41 -61.90350010175059 -145.9828127275824 668.892915317436 40 42 -1
42 -61.74322695210342 -146.11626686134287 668.8031551059512 41 43 -1
43 -61.583159829205435 -146.24929220158268 668.712396292004 42 44 -1
44 -61.423308467325775 -146.38190129286724 668.6206533815387 43 45 -1
45 -61.263682366222554 -146.51410689631442 668.5279410336153 44 46 -1
46 -61.104290713270814 -146.64592206928128 668.4342743008904 45 47 -1
47 -60.94514266227197 -146.77735968885136 668.3396674896885 46 48 -1
48 -60.78624742853799 -146.90843240104897 668.2441339863026 47 49 -1
49 -60.62761380724318 -147.03915332574698 668.1476880553183 48 50 -1
50 -60.46925046377204 -147.1695355888979 668.0503437036529 49 51 -1
51 -60.31116611560956 -147.29959213650125 667.9521141670036 50 52 -1
52 -60.15336950500659 -147.42933583805168 667.8530121375071 51 53 -1
53 -59.99586880283107 -147.55878009655024 667.7530515191601 52 54 -1
54 -59.838672349319886 -147.68793804131826 667.6522451939446 53 55 -1
55 -59.681788798254246 -147.81682251088623 667.5506048390125 54 56 -1
56 -59.52522597392006 -147.9454470353071 667.4481439585024 55 57 -1
57 -59.368991974665256 -148.07382484842393 667.3448749171985 56 58 -1
58 -59.21309523050733 -148.20196896098994 667.2408090071305 57 59 -1
59 -59.05754346433209 -148.329892876852 667.1359589087797 58 60 -1
60 -58.90234455499997 -148.45760996186434 667.0303366110263 59 61 -1
61 -58.74750679477479 -148.5851333778967 666.9239529988464 60 62 -1
62 -58.59303783384018 -148.71247665921157 666.816820107273 61 63 -1
63 -58.43894542154921 -148.83965327843435 666.7089495131888 62 64 -1
64 -58.28523777946666 -148.9666765486067 666.6003517232894 63 65 -1
65 -58.131922544777645 -149.09356006163756 666.4910382100392 64 66 -1
66 -57.97900741057832 -149.2203173952201 666.3810201546614 65 67 -1
67 -57.82650056970626 -149.3469620251824 666.2703077584518 66 68 -1
68 -57.67440975039425 -149.47350761567716 666.1589119309965 67 69 -1
69 -57.52274263989011 -149.59996786198477 666.0468435201374 68 70 -1
70 -57.37150741310941 -149.72635641561178 665.9341125322782 69 71 -1
71 -57.220712051079275 -149.85268703320068 665.8207292429728 70 72 -1
72 -57.070364256731615 -149.97897354432973 665.7067042685126 71 73 -1
73 -56.92047216050361 -150.10522977947312 665.5920475621473 72 74 -1
74 -56.771044229301445 -150.2314696332696 665.4767686359658 73 75 -1
75 -56.62208816828917 -150.3577070798309 665.3608780097876 74 76 -1
76 -56.47361220939434 -150.48395612219986 665.2443854879448 75 77 -1
77 -56.32562497497018 -150.61023085056138 665.1273004312815 76 78 -1
78 -56.17813476668406 -150.73654541007238 665.0096326381233 77 79 -1
79 -56.031149857766785 -150.8629139856651 664.8913919571442 78 80 -1
80 -55.88467883900717 -150.98935084417522 664.7725879141619 79 81 -1
81 -55.73873066078721 -151.11587037184293 664.6532297237676 80 82 -1
82 -55.593314103122246 -151.24248699634884 664.5333268711892 81 83 -1
83 -55.44843787727392 -151.36921517614945 664.4128889780287 82 84 -1
84 -55.3041110512892 -151.49606948769113 664.2919253920834 83 85 -1
85 -55.160342832116335 -151.6230645927967 664.1704454332465 84 86 -1
86 -55.017142702090894 -151.750215279661 664.048458289456 85 87 -1
87 -54.874520254339096 -151.8775364247276 663.9259731866201 86 88 -1
88 -54.732484919201426 -152.00504289583455 663.8029996141483 87 89 -1
89 -54.59104653467809 -152.1327497228595 663.6795468499705 88 90 -1
90 -54.45021511726792 -152.2606720356387 663.5556241799075 89 91 -1
91 -54.31000087019629 -152.38882506677737 663.4312409053077 90 92 -1
92 -54.17041419174988 -152.51722415438465 663.3064063508558 91 93 -1
93 -54.031465683721244 -152.64588474472177 663.1811298725589 92 94 -1
94 -53.89316615996613 -152.77482239474912 663.0554208659244 93 95 -1
95 -53.755526655077304 -152.90405277455636 662.9292887743309 94 96 -1
96 -53.61855843317588 -153.03359166966283 662.8027430976083 95 97 -1
97 -53.48227299682272 -153.1634549831692 662.6757934008292 96 98 -1
98 -53.346682096050735 -153.29365873774543 662.5484493233263 97 99 -1
99 -53.21179773751871 -153.42421907743525 662.42072058794 98 100 -1
100 -53.077632193785895 -153.55515226925957 662.2926170105103 99 101 -1
101 -52.944198012706956 -153.68647470459698 662.1641485096176 100 102 -1
102 -52.81150802694497 -153.8182029003216 662.0353251165848 101 103 -1
103 -52.67957545880889 -153.95035355392386 661.9061569444297 102 104 -1
104 -52.548414177652404 -154.08294369346717 661.7766541058733 103 105 -1
105 -52.41803749579839 -154.2159899773282 661.6468272357056 104 106 -1
106 -52.28845948860058 -154.34950943596812 661.516686924768 105 107 -1
107 -52.15969469080025 -154.48351930339817 661.3862438869688 106 108 -1
108 -52.03175862961281 -154.61803734789152 661.2555088087133 107 109 -1
109 -51.904665640762765 -154.75308051333715 661.1244931116174 108 110 -1
110 -51.778431534682845 -154.88866654839367 660.9932080336534 109 111 -1
111 -51.653072883488925 -155.02481358380606 660.8616649462934 110 112 -1
112 -51.528605029554654 -155.16153882875275 660.7298759192419 111 113 -1
113 -51.40504613170027 -155.29886118539744 660.5978526178078 112 114 -1
114 -51.28241200955899 -155.43679786525433 660.4656076809343 113 115 -1
115 -51.16072179812974 -155.57536811417822 660.333153337484 114 116 -1
116 -51.03999226677012 -155.71458940845847 660.2005027386153 115 117 -1
117 -50.92024322259703 -155.85448108110552 660.0676688136845 116 118 -1
118 -50.80149307309975 -155.99506129852884 659.9346651885588 117 119 -1
119 -50.683761217072515 -156.1363486674021 659.8015057182627 118 120 -1
120 -50.56706870402239 -156.27836269657632 659.6682044704515 119 121 -1
121 -50.451435522928534 -156.4211218853371 659.534776119515 120 122 -1
122 -50.336882729212675 -156.56464518606288 659.4012356508674 121 123 -1
123 -50.22343210889129 -156.70895175648246 659.2675984493158 122 124 -1
124 -50.11110599252097 -156.85406080930744 659.1338803448208 123 125 -1
125 -50.0 -157.0 659.0 124 126 127
126 -49.88070169424666 -157.0629963304191 658.8511602613995 125 128 -1
127 -49.99579533196326 -157.1388502514418 659.1095685012602 125 129 -1
128 -49.76284110038202 -157.12437165965113 658.7005760369015 126 130 -1
129 -49.99191750711116 -157.2756311953342 659.2217879169905 127 131 -1
130 -49.64641095528689 -157.18428377153822 658.5482992098855 128 132 -1
131 -49.98813450668181 -157.41037549973615 659.3364478813132 129 133 -1
132 -49.53140362714571 -157.24273706217892 658.3943829373068 130 134 -1
133 -49.98444622040113 -157.54302737362542 659.4535252345265 131 135 -1
134 -49.41780950672817 -157.29973746307584 658.2388803705694 132 136 -1
135 -49.98085234916169 -157.67353345343096 659.5729926636903 133 137 -1
136 -49.30561915924123 -157.3552902236595 658.081842291646 134 138 -1
137 -49.97735238396793 -157.8018434739189 659.6948184020658 135 139 -1
138 -49.19481885399524 -157.4094045254161 657.9233219785236 136 140 -1
139 -49.97394584056025 -157.9279046877531 659.818972275833 137 141 -1
140 -49.08539169370133 -157.46209236241972 657.7633736882036 138 142 -1
141 -49.970631575800844 -158.0516786712008 659.9454089451812 139 143 -1
142 -48.97732093630135 -157.51336511204605 657.6020491654134 140 144 -1
143 -49.96740864625923 -158.1731206340292 660.0740894750878 141 145 -1
144 -48.87058828994849 -157.56323530884268 657.4393995005229 142 146 -1
145 -49.96427556388462 -158.29219826051832 660.2049631779735 143 147 -1
146 -48.76517400675543 -157.6117165644951 657.2754750333071 144 148 -1
147 -49.96123096966544 -158.4088744491994 660.3379843309913 145 149 -1
148 -48.66105943669359 -157.65882086686628 657.1103229970653 146 150 -1
149 -49.95827292046082 -158.52312672254564 660.4730950371811 147 151 -1
150 -48.55822001386261 -157.704566040612 656.9439941109297 148 152 -1
151 -49.95539952728669 -158.6349301498003 660.6102409044762 149 153 -1
152 -48.45663164654039 -157.7489690275651 656.7765364800919 150 154 -1
153 -49.95260867188262 -158.74426516632442 660.7493643314034 151 155 -1
154 -48.356269696031966 -157.7920469684259 656.6079966752332 152 156 -1
155 -49.94989789999317 -158.8511214341675 660.8904021403189 153 157 -1
156 -48.257108538372975 -157.8338176887577 656.4384201864132 154 158 -1
157 -49.94726468017434 -158.95549038193877 661.033291901755 155 159 -1
158 -48.15912165304031 -157.87429962656017 656.2678513858488 156 160 -1
159 -49.94470634327572 -159.05736703473886 661.1779705842259 157 161 -1
160 -48.06228170896092 -157.9135117624572 656.0963334988589 158 162 -1
161 -49.94222002585362 -159.1567521500218 661.3243732939717 159 163 -1
162 -47.96656064746933 -157.95147355273537 655.9239085824323 160 164 -1
163 -49.93980265142344 -159.25365349881955 661.4724328708821 161 165 -1
164 -47.871929761926324 -157.98820486542004 655.7506175108585 162 166 -1
165 -49.93745106586493 -159.34808145362578 661.6220831544629 163 167 -1
166 -47.77836050074331 -158.02372508078332 655.5764994123492 164 168 -1
167 -49.93516199268352 -159.44005076119075 661.7732579198029 165 169 -1
168 -47.68582220115891 -158.0580557137964 655.4015934724374 166 170 -1
169 -49.93293205682292 -159.52957991380336 661.9258914380084 167 171 -1
170 -47.59428456301062 -158.09121762850512 655.2259370525924 168 172 -1
171 -49.93075781910914 -159.61668986203716 662.0799193135917 169 173 -1
172 -47.503717024033016 -158.12323175900974 655.0495662538614 170 174 -1
173 -49.92863566446486 -159.70140943098565 662.2352755766852 171 175 -1
174 -47.41408871761543 -158.15411917921725 654.8725160096304 172 176 -1
175 -49.92656196640701 -159.78376858211976 662.391896685935 173 177 -1
176 -47.32536852915011 -158.1839010589063 654.6948201023404 174 178 -1
177 -49.92453304400399 -159.8638004573152 662.5497203618792 175 179 -1
178 -47.23752514843341 -158.21259862305902 654.516511183583 176 180 -1
179 -49.922545193318655 -159.94153995558364 662.7086863277862 177 181 -1
180 -47.15052711818004 -158.24023311438506 654.3376207971418 178 182 -1
181 -49.92059467390954 -160.01702458232023 662.8687358505248 179 183 -1
182 -47.06434367005362 -158.26682472615457 654.1581788770279 180 184 -1
183 -49.91867767266588 -160.09029757448167 663.0298103646894 181 185 -1
184 -46.97894254709193 -158.29239541907205 653.9782152712781 182 186 -1
185 -49.91679040606385 -160.16140209758464 663.191854241641 183 187 -1
186 -46.894292047769056 -158.3169663515854 653.7977584017408 184 188 -1
187 -49.914929124572296 -160.2303799578837 663.3548151228355 185 189 -1
188 -46.81036051412996 -158.34055853667374 653.6168356724587 186 190 -1
189 -49.91309001896687 -160.29727977359397 663.5186403699372 187 191 -1
190 -46.72711632847736 -158.36319286232103 653.435473524978 188 192 -1
191 -49.91126931527194 -160.36215058669774 663.6832798779797 189 193 -1
192 -46.64452794101006 -158.38489007081603 653.2536974714968 190 194 -1
193 -49.90946330196 -160.42503673419301 663.848687853013 191 195 -1
194 -46.562563894447926 -158.405670740425 653.0715321287113 192 196 -1
195 -49.90766822567464 -160.48599273842373 664.0148169908927 193 197 -1
196 -46.48119284580159 -158.42555526930263 652.8890012521409 194 198 -1
197 -49.9058804138699 -160.54506604209502 664.1816250158057 195 199 -1
198 -46.40038476912379 -158.44456195105707 652.7061270562724 196 200 -1
199 -49.90409620519157 -160.6023095364102 664.3490698940336 197 201 -1
200 -46.32010781509752 -158.4627118867399 652.5229321702308 198 202 -1
201 -49.902311984220496 -160.65777305676616 664.517112811384 199 203 -1
202 -46.240330605709005 -158.4800255872652 652.3394382637149 200 204 -1
203 -49.900524177877706 -160.7115103159312 664.6857157098767 201 205 -1
204 -46.16102239755098 -158.49652262411885 652.1556660037277 202 206 -1
205 -49.898729240558424 -160.7635699595848 664.8548441104107 203 207 -1
206 -46.08215277213703 -158.51222207237487 651.9716352871267 204 208 -1
207 -49.896923699218604 -160.81400705635238 665.0244633886581 205 209 -1
208 -46.003692686128446 -158.5271403323776 651.7873646690417 206 210 -1
209 -49.895104095926115 -160.86287111301567 665.1945424000819 207 211 -1
210 -45.92561034012554 -158.54129921120006 651.6028738099359 208 212 -1
211 -49.893267026319975 -160.91021344605286 665.3650511101051 209 213 -1
212 -45.847875754445035 -158.5547173395621 651.4181808301291 210 214 -1
213 -49.891409154079454 -160.95608645687696 665.5359607954526 211 215 -1
214 -45.770459734472375 -158.56741169232004 651.2333029587728 212 216 -1
215 -49.88952717050963 -161.000540497191 665.7072448188553 213 217 -1
216 -45.69333284042905 -158.5793997072073 651.0482571611016 214 218 -1
217 -49.88761778544345 -161.04362447807588 665.8788783196559 215 219 -1
218 -45.616464763147775 -158.59070141842676 650.86306053352 216 220 -1
219 -49.88567778638959 -161.0853887274718 666.0508374107076 217 221 -1
220 -45.53982658744898 -158.60133369030646 650.6777290196204 218 222 -1
221 -49.883704006909774 -161.12588288805415 666.2230996613991 219 223 -1
222 -45.46338982922335 -158.61131185767684 650.492277984724 220 224 -1
223 -49.881693308329204 -161.16515542086054 666.3956441244483 221 225 -1
224 -45.387124715408646 -158.62065603971863 650.3067232776685 222 226 -1
225 -49.879642591479914 -161.2032542166023 666.5684511063829 223 227 -1
226 -45.311002934267634 -158.629381884059 650.1210796191277 224 228 -1
227 -49.87754879533397 -161.240226567701 666.7415021035521 225 229 -1
228 -45.23499610987277 -158.63750499707723 649.9353615163543 226 230 -1
229 -49.87540889548041 -161.27611914635935 666.9147797392945 227 231 -1
230 -45.15907547789536 -158.64504437718634 649.7495835478186 228 232 -1
231 -49.873219902466595 -161.31097798816072 667.0882677024965 229 233 -1
232 -45.08321318442611 -158.652013688409 649.5637594872078 230 234 -1
233 -49.87097886002298 -161.34484848071506 667.2619506877262 231 235 -1
234 -45.00738100654195 -158.65843054580697 649.3779032351234 232 236 -1
235 -49.86868284318889 -161.3777753568927 667.4358143370886 233 237 -1
236 -44.931551141808406 -158.6643112023401 649.1920282958484 234 238 -1
237 -49.86632895635475 -161.4098026922115 667.6098451839086 235 239 -1
238 -44.855695750209954 -158.66966917015625 649.0061479674998 236 240 -1
239 -49.86391433123532 -161.44097390597068 667.7840305983191 237 241 -1
240 -44.77978749176517 -158.67452293429722 648.8202753684762 238 242 -1
241 -49.86143606311126 -161.4713310503597 667.9583588567939 239 243 -1
242 -44.70379850782608 -158.6788847196019 648.6344235568951 240 244 -1
243 -49.858891346482785 -161.50091660161908 668.1328187791328 241 245 -1
244 -44.62770192608403 -158.6827721903017 648.4486052452731 242 246 -1
245 -49.856277406276625 -161.52977239971625 668.307399878089 243 247 -1
246 -44.551470231976886 -158.686198831513 648.262833248868 244 248 -1
247 -49.853591460882306 -161.55793933762882 668.4820923627636 245 249 -1
248 -44.475076486207676 -158.68917999367574 648.0771201473784 246 250 -1
249 -49.85083067153833 -161.58545712197065 668.6568871257922 247 251 -1
250 -44.398493851828526 -158.69173050322183 647.8914784413855 248 252 -1
251 -49.84799224850875 -161.61236534148026 668.8317755319836 249 253 -1
252 -44.32169505744019 -158.69386406604718 647.705920793119 250 254 -1
253 -49.845073537969355 -161.6387038837398 669.0067493288138 251 255 -1
254 -44.24465409387701 -158.6955962944652 647.5204593770038 252 256 -1
255 -49.84207172684974 -161.6645108574759 669.1818009216062 253 257 -1
256 -44.16734322895748 -158.69693979865335 647.335107085088 254 258 -1
257 -49.8389840093959 -161.68982404216507 669.3569231151812 255 259 -1
258 -44.089737307009685 -158.69791053702255 647.1498758109567 256 260 -1
259 -49.835807805775104 -161.71468187839938 669.5321089496956 257 261 -1
260 -44.01180812346311 -158.69852046439763 646.964778766762 258 262 -1
261 -49.83254017553486 -161.73912051839028 669.7073520808771 259 263 -1
262 -43.93353129802149 -158.69878554867498 646.7798276575951 260 264 -1
263 -49.82917853672556 -161.7631773712438 669.8826462594701 261 265 -1
264 -43.854878240322094 -158.69871743289758 646.595036058675 262 266 -1
265 -49.825720081568754 -161.78688841557053 670.0579856715578 263 267 -1
266 -43.77582518348461 -158.69833184893957 646.4104156174311 264 268 -1
267 -49.822162041754666 -161.81028948147227 670.2333647360523 265 269 -1
268 -43.69634331798113 -158.69764038611868 646.2259802762599 266 270 -1
269 -49.818501738728926 -161.83341627231655 670.4087780797538 267 271 -1
270 -43.61640926371768 -158.6966583742866 646.0417417867455 268 272 -1
271 -49.814736293836326 -161.8563036682343 670.5842205983586 269 273 -1
272 -43.535994221369116 -158.69539753240744 645.8577144311333 270 274 -1
273 -49.81086306273245 -161.87898676923157 670.7596873045237 271 275 -1
274 -43.45507492451725 -158.69387269073854 645.6739102513347 272 276 -1
275 -49.80687913983142 -161.9014999014797 670.9351734240443 273 277 -1
276 -43.37362285992638 -158.69209581689412 645.4903438171619 274 278 -1
277 -49.8027818142504 -161.92387745464512 671.1106742749846 275 279 -1
278 -43.29161457229853 -158.69008120187178 645.307027665488 276 280 -1
279 -49.798568242123665 -161.94615339311494 671.2861853018542 277 281 -1
280 -43.20902214191995 -158.68784112632684 645.1239765821209 278 282 -1
281 -49.79423554179325 -161.9683614791164 671.4617020279289 279 283 -1
282 -43.12582160832332 -158.68538935030924 644.9412038167186 280 284 -1
283 -49.78978102286731 -161.99053533232498 671.6372200331107 281 285 -1
284 -43.041985970751035 -158.68273848643875 644.7587242851378 282 286 -1
285 -49.785201527410095 -162.0127083299294 671.8127349298799 283 287 -1
286 -42.957490447749535 -158.6799018108063 644.5765521761043 284 288 -1
287 -49.7804945040839 -162.03491367095367 671.988242363061 285 289 -1
288 -42.872309289028955 -158.67689224993765 644.3947024394012 286 290 -1
289 -49.77565673563268 -162.0571845580512 672.163737934199 287 291 -1
290 -42.786416589312886 -158.67372267299464 644.2131904333341 288 292 -1
291 -49.77068547111128 -162.0795538869226 672.339217251858 289 293 -1
292 -42.699788176252184 -158.67040627314842 644.0320310388046 290 294 -1
293 -49.765577766151225 -162.10205449090145 672.5146758642152 291 295 -1
294 -42.612396741502124 -158.6669556117744 643.8512410147009 292 296 -1
295 -49.76033038749426 -162.12471947512435 672.6901091933879 293 297 -1
296 -42.52422000597886 -158.66338407924295 643.6708350662875 294 298 -1
297 -49.754940643587965 -162.14758118903893 672.8655126739392 295 299 -1
298 -42.43522901111024 -158.659704043229 643.4908315813235 296 300 -1
299 -49.74940522832026 -162.17067272921977 673.0408815049452 297 301 -1
300 -42.345403668352624 -158.65592900586245 643.3112449806307 298 302 -1
301 -49.743721152296416 -162.194026694768 673.2162108205873 299 303 -1
302 -42.254713159990224 -158.65207126379468 643.1320955038303 300 304 -1
303 -49.737885481608046 -162.21767544560575 673.391495632289 301 305 -1
304 -42.16313951376473 -158.64814431307212 642.9533973583241 302 306 -1
305 -49.73189465500683 -162.24165260703043 673.5667305816434 303 307 -1
306 -42.07065093568632 -158.64416057025306 642.7751723085884 304 308 -1
307 -49.725745899134466 -162.26599011737355 673.7419103690701 305 309 -1
308 -41.97723007289576 -158.64013335653053 642.5974351601334 306 310 -1
309 -49.71943592142325 -162.29072098395693 673.9170293164149 307 311 -1
310 -41.88284648131396 -158.63607535793778 642.4202080893331 308 312 -1
311 -49.71296125872515 -162.31587871792937 674.0920814283902 309 313 -1
312 -41.7874814821827 -158.63199966782574 642.2435075966346 310 314 -1
313 -49.70631899788316 -162.34149537082178 674.2670606827647 311 315 -1
314 -41.69110682957885 -158.62791919437356 642.067355876756 312 316 -1
315 -49.69950554818109 -162.3676048402278 674.44196048732 313 317 -1
316 -41.593702436760374 -158.62384691876784 641.8917712903157 314 318 -1
317 -49.69251766891041 -162.39424008743484 674.6167740995525 315 319 -1
318 -41.49524248511853 -158.61979586540113 641.7167759572592 316 320 -1
319 -49.685352211904 -162.42143374312948 674.7914945164005 317 321 -1
320 -41.39570542649777 -158.6157790112259 641.5423902580662 318 322 -1
321 -49.67800525662094 -162.44922097715988 674.9661139627394 319 323 -1
322 -41.295068098367885 -158.61180939071258 641.3686361307365 320 324 -1
323 -49.670473894452165 -162.47763369404154 675.1406248541812 321 325 -1
324 -41.1933074556027 -158.6079000765506 641.1955361349292 322 326 -1
325 -49.66275444399777 -162.5067063994819 675.3150187735431 323 327 -1
326 -41.09040323285718 -158.60406400563568 641.0231118959124 324 328 -1
327 -49.65484333801042 -162.5364733233436 675.4892869332633 325 329 -1
328 -40.98633085602319 -158.60031443968532 640.85138831934 326 330 -1
329 -49.646737411252374 -162.56696724713888 675.6634203798186 327 331 -1
330 -40.881073226196754 -158.5966641059925 640.6803865505472 328 332 -1
331 -49.63843251277803 -162.5982247548072 675.8374089850481 329 333 -1
332 -40.77460419395633 -158.5931265448146 640.5101340266121 330 334 -1
333 -49.62992569178873 -162.6302779021185 676.0112429930064 331 335 -1
334 -40.666910142965094 -158.58971415293422 640.3406511927473 332 336 -1
335 -49.62121297083929 -162.663162829014 676.1849113477466 333 337 -1
336 -40.55796326653866 -158.5864408395297 640.1719682364703 334 338 -1
337 -49.61229091382915 -162.69691362036903 676.3584028537358 335 339 -1
338 -40.44775371293675 -158.58331854794434 640.0041046763151 336 340 -1
339 -49.60315591606016 -162.73156512191917 676.5317055981966 337 341 -1
340 -40.33625218313764 -158.58036161474917 639.8370935197793 338 342 -1
341 -49.59380414503963 -162.7671532750212 676.7048068332078 339 343 -1
342 -40.22345131307002 -158.57758162188304 639.670954159282 340 344 -1
343 -49.58423229531177 -162.80371182971012 676.8776936614262 341 345 -1
344 -40.10932452260073 -158.574992798044 639.5057197293629 342 346 -1
345 -49.57443625031587 -162.84127824500698 677.0503517016534 343 347 -1
346 -39.993862911811114 -158.5726069001167 639.3414122194617 344 348 -1
347 -49.5644129134837 -162.87988550199603 677.2227669053577 345 349 -1
348 -39.87704455437545 -158.5704376986042 639.1780635400801 346 350 -1
349 -49.55415801946479 -162.91957206637218 677.3949232195978 347 351 -1
350 -39.75885855682393 -158.5684972838109 639.0156987634537 348 352 -1
351 -49.54366857476497 -162.96037060423072 677.5668052314562 349 353 -1
352 -39.63928850765943 -158.56679870286504 638.8543478242264 350 354 -1
353 -49.53294032234588 -163.00231990314842 677.7383952318107 351 355 -1
354 -39.518320894953135 -158.56535458438606 638.6940395289953 352 356 -1
355 -49.52197025258738 -163.04545288957598 677.909676176045 353 357 -1
356 -39.395945868764564 -158.56417692080095 638.534800850001 354 358 -1
357 -49.510754293780025 -163.08980781786718 678.0806287807856 355 359 -1
358 -39.272146475414495 -158.56327914593362 638.3766651927848 356 360 -1
359 -49.499289290412705 -163.13541856033058 678.2512340414515 357 361 -1
360 -39.14692039194596 -158.56267184537342 638.219655527325 358 362 -1
361 -49.48757155024564 -163.18232182210485 678.4214712612618 359 363 -1
362 -39.020247044283394 -158.56236942056333 638.0638102879549 360 364 -1
363 -49.47559763517269 -163.2305531998221 678.5913190810436 361 365 -1
364 -38.89212846507115 -158.56238158044246 637.909150711733 362 366 -1
365 -49.46336443991721 -163.28014668872376 678.760755642394 363 367 -1
366 -38.76255080066072 -158.56272150003647 637.7557119269314 364 368 -1
367 -49.4508681046002 -163.33114045752674 678.9297567674654 365 369 -1
368 -38.631509906497584 -158.56340029051074 637.603522044975 366 370 -1
369 -49.438106079114846 -163.38356586142152 679.098299343878 367 371 -1
370 -38.49900358154726 -158.56442860869245 637.4526083303077 368 372 -1
371 -49.42507468889079 -163.43746047341583 679.2663571788253 369 373 -1
372 -38.36501971432219 -158.56581960291504 637.3030078195396 370 374 -1
373 -49.41177119614106 -163.49285697312098 679.4339045297166 371 375 -1
374 -38.22956469596647 -158.56758192542173 637.154742027962 372 376 -1
375 -49.39819288607445 -163.5497880324041 679.6009145429375 373 377 -1
376 -38.09263208996415 -158.56972746466278 637.007844901009 374 378 -1
377 -49.384336314125015 -163.60829064675283 679.7673575913155 375 379 -1
378 -37.95422104572436 -158.57226678492594 636.8623463364033 376 380 -1
379 -49.370199554902484 -163.66839341487238 679.9332058487341 377 381 -1
380 -37.81433762840843 -158.57520862511893 636.7182704305447 378 382 -1
381 -49.355779895665975 -163.73012956157973 680.0984285670652 379 383 -1
382 -37.67299320894548 -158.57856445935468 636.5756366406316 380 384 -1
383 -49.3410747398817 -163.79353190032174 680.2629937934702 381 385 -1
384 -37.530237215544695 -158.58234403905544 636.4344263070608 382 386 -1
385 -49.326082473698555 -163.85862767372134 680.4268704880812 383 387 -1
386 -37.38612326067596 -158.58655650457231 636.2946144474945 384 388 -1
387 -49.310800840179986 -163.92544808820816 680.5900246849818 385 389 -1
388 -37.24069741788028 -158.5912128684483 636.1561818082345 386 390 -1
389 -49.29522803698278 -163.9940218876115 680.7524220241805 387 391 -1
390 -37.0940046309956 -158.59632420893362 636.0191085947323 388 392 -1
391 -49.27936298214755 -164.06437362911893 680.9140286258265 389 393 -1
392 -36.946094958628635 -158.60189917490914 635.883367579931 390 394 -1
393 -49.26320403024251 -164.13653148717427 681.0748076107587 391 395 -1
394 -36.79701221353608 -158.6079481061254 635.7489364188309 392 396 -1
395 -49.24675022437017 -164.21051963898387 681.234722466675 393 397 -1
396 -36.6467958067301 -158.61448278560252 635.6157961335663 394 398 -1
397 -49.2300011857186 -164.28635880784375 681.3937369746249 395 399 -1
398 -36.49548812535534 -158.62151333265234 635.4839228182009 396 400 -1
399 -49.21295595873935 -164.3640735327775 681.5518116220562 397 401 -1
400 -36.34313111086352 -158.62904942518531 635.3532913910528 398 402 -1
401 -49.19561461879116 -164.44368203489663 681.7089086039665 399 403 -1
402 -36.18976324232797 -158.63710182038974 635.2238792936449 400 404 -1
403 -49.17797758326388 -164.5252004489724 681.8649899005613 401 405 -1
404 -36.03542087757861 -158.64568195168962 635.0956651563466 402 406 -1
405 -49.160044561804845 -164.6086497023429 682.0200134641018 403 407 -1
406 -35.88013838182434 -158.65480205363554 634.9686288329838 404 408 -1
407 -49.14181700688718 -164.69403951284687 682.1739420126611 405 409 -1
408 -35.723953823088635 -158.6644717157952 634.8427441929092 406 410 -1
409 -49.12329579741375 -164.7813834558825 682.3267348562468 407 411 -1
410 -35.56690115177403 -158.67470239285797 634.7179889903194 408 412 -1
411 -49.10448212347774 -164.8706932287382 682.478350985145 409 413 -1
412 -35.409013320095454 -158.6855057575998 634.5943411068105 410 414 -1
413 -49.085378335405856 -164.9619727967353 682.6287528414957 411 415 -1
414 -35.250321588697304 -158.69689429313487 634.4717795901545 412 416 -1
415 -49.06598565496136 -165.05523393266552 682.777896755643 413 417 -1
416 -35.09085585053935 -158.70888126075806 634.3502843791077 414 418 -1
417 -49.04630752459715 -165.15047324480867 682.9257475504947 415 419 -1
418 -34.93064853997601 -158.7214775020785 634.2298308597756 416 420 -1
419 -49.02634581197856 -165.24769831126557 683.072261785054 417 421 -1
420 -34.76972908544352 -158.73469576046182 634.1103975741424 418 422 -1
421 -49.00610458944817 -165.34690131320602 683.2174053508413 419 423 -1
422 -34.608126161833766 -158.74854909412358 633.9919632458065 420 424 -1
423 -48.985586339196175 -165.44808571421873 683.3611353359796 421 425 -1
424 -34.44586773783943 -158.76305089670078 633.874506784617 422 426 -1
425 -48.96479574722446 -165.55123922563502 683.5034191558454 423 427 -1
426 -34.28297902386408 -158.77821727566587 633.7580105556827 424 428 -1
427 -48.943736442793664 -165.6563571093893 683.6442179951777 425 429 -1
428 -34.11948885167704 -158.79406027087234 633.6424506687159 426 430 -1
429 -48.92241294589733 -165.76342811892653 683.7834971299013 427 431 -1
430 -33.95542346528028 -158.81059429868412 633.527806428479 428 432 -1
431 -48.90083026176402 -165.8724372725032 683.9212242472054 429 433 -1
432 -33.79080846709712 -158.8278343311062 633.4140575160807 430 434 -1
433 -48.87899316700679 -165.98337116899228 684.0573652746019 431 435 -1
434 -33.625668987562136 -158.84579578952028 633.3011837981849 432 436 -1
435 -48.85690684060288 -166.09621326722606 684.191888204884 433 437 -1
436 -33.46002795357189 -158.86449738305686 633.1891684452326 434 438 -1
437 -48.834577112979474 -166.2109418135273 684.3247652245684 435 439 -1
438 -33.29391140768396 -158.8839532137359 633.0779888406728 436 440 -1
439 -48.81200973090503 -166.32753542161183 684.4559681252512 437 441 -1
440 -33.127343531663136 -158.90417994532746 632.9676250604691 438 442 -1
441 -48.78921066995525 -166.4459706457563 684.5854704766793 439 443 -1
442 -32.96034802985803 -158.9251950814423 632.8580576739118 440 444 -1
443 -48.76618611515246 -166.5662220654792 684.7132477302846 441 445 -1
444 -32.79294735359536 -158.94701890666138 632.7492694261717 442 446 -1
445 -48.74294244042301 -166.6882623802896 684.8392773139095 443 447 -1
446 -32.62516507632002 -158.9696699926461 632.6412408004942 444 448 -1
447 -48.71948618703527 -166.81206251378669 684.9635387168532 445 449 -1
448 -32.45702526937324 -158.9931659934478 632.5339510463652 446 450 -1
449 -48.69582404119276 -166.93759172628268 685.0860135644617 447 451 -1
450 -32.28855961873617 -159.01752570435963 632.4273673442244 448 452 -1
451 -48.67196281096896 -167.06481773502074 685.2066856816061 449 453 -1
452 -32.11981594216519 -159.0427704865879 632.3214313428631 450 454 -1
453 -48.6479093199264 -167.19370756944275 685.3255403262734 451 455 -1
454 -31.950846954308044 -159.0689131518832 632.2160738098437 452 456 -1
455 -48.62367020187238 -167.32422938778623 685.4425621647878 453 457 -1
456 -31.781704059920852 -159.0959700404973 632.1112273523613 454 458 -1
457 -48.59925285015854 -167.4563439745331 685.5577451612093 455 459 -1
458 -31.61243829485426 -159.1239629887735 632.0068258532136 456 460 -1
459 -48.57466399495802 -167.59001728054386 685.671078469627 457 461 -1
460 -31.443102140803372 -159.1529060039144 631.9027982267202 458 462 -1
461 -48.54991063585253 -167.72521212475624 685.782555981726 459 463 -1
462 -31.27374777540113 -159.1828154185322 631.7990740415736 460 464 -1
463 -48.52499971206069 -167.86189106902805 685.8921731803187 461 465 -1
464 -31.104428238675332 -159.21371550919386 631.6955836599737 462 466 -1
465 -48.5 -168.0 686.0 463 -1 -1
466 -30.935196647024036 -159.2456174764351 631.5922535582879 464 467 -1
467 -30.766107435282724 -159.27854331635578 631.4890116020571 466 468 -1
468 -30.597215579931383 -159.31251093523218 631.3857841312868 467 469 -1
469 -30.428576421959743 -159.3475365952665 631.2824971508816 468 470 -1
470 -30.260248246017653 -159.3836436126418 631.1790753781752 469 471 -1
471 -30.09228711865297 -159.4208440470519 631.0754446258236 470 472 -1
472 -29.924755410887006 -159.45916448953665 630.9715273295453 471 473 -1
473 -29.75771040917107 -159.49861466164913 630.8672499485764 472 474 -1
474 -29.591218674167454 -159.53922206659948 630.762532965527 473 475 -1
475 -29.425339870683523 -159.5809960549534 630.6573034807102 474 476 -1
476 -29.26014414072274 -159.62396247467055 630.5514813325286 475 477 -1
477 -29.09569534475298 -159.66813233036612 630.4449934743012 476 478 -1
478 -28.93206584528628 -159.71352708466964 630.3377613497221 477 479 -1
479 -28.769326158773303 -159.76016141591532 630.2297102914531 478 480 -1
480 -28.60754871830919 -159.8080495738104 630.1207664570424 479 481 -1
481 -28.446813761847867 -159.85721184157865 630.010851537114 480 482 -1
482 -28.287193627336283 -159.90765545231332 629.8998976405909 481 483 -1
483 -28.128773490795744 -159.9593989442422 629.7878282232176 482 484 -1
484 -27.97163381752734 -160.01245175318633 629.6745746814199 483 485 -1
485 -27.81585599876161 -160.06682131270236 629.5600712512394 484 486 -1
486 -27.66153461921672 -160.12252375483865 629.444244110973 485 487 -1
487 -27.508751212845894 -160.17955965644916 629.3270354806226 486 488 -1
488 -27.357595054436388 -160.23793363122655 629.2083847603196 487 489 -1
489 -27.208145788417852 -160.29765725100214 629.0882527542932 488 490 -1
490 -27.06039240598584 -160.35872925681886 628.9667091378275 489 491 -1
491 -26.914317513138023 -160.42115735339146 628.8438327974748 490 492 -1
492 -26.769908096133488 -160.48495477688311 628.7196975264992 491 493 -1
493 -26.627132729839172 -160.55012127367775 628.5943887472274 492 494 -1
494 -26.485968693897206 -160.6166652607365 628.4679830121509 493 495 -1
495 -26.346395412725936 -160.68459879837656 628.3405540232104 494 496 -1
496 -26.208377371082378 -160.75392226863428 628.2121830667502 495 497 -1
497 -26.071888515174813 -160.82464568973054 628.0829435996739 496 498 -1
498 -25.936900991417332 -160.89677899835758 627.9529089255171 497 499 -1
499 -25.80337706549556 -160.97032387688336 627.8221557665594 498 500 -1
500 -25.671289409992823 -161.04529312499386 627.6907542528684 499 501 -1
501 -25.540602576396058 -161.12169272176027 627.5587771498435 500 502 -1
502 -25.411278579780554 -161.1995266335248 627.4262965597878 501 503 -1
503 -25.28329069693111 -161.27881184183934 627.2933797065887 502 504 -1
504 -25.156595362069073 -161.35954779931544 627.1600982997633 503 505 -1
505 -25.031159605307362 -161.44174612682454 627.0265196514457 504 506 -1
506 -24.90694851645911 -161.52541712930883 626.8927111189923 505 507 -1
507 -24.78392032543427 -161.61056297800104 626.7587401726604 506 508 -1
508 -24.6620460749553 -161.69720246481378 626.6246721354877 507 509 -1
509 -24.541280997277838 -161.7853341777133 626.4905730297651 508 510 -1
510 -24.421592605459665 -161.87497304350467 626.3565075905458 509 511 -1
511 -24.302941916733506 -161.96612525282262 626.2225401747878 510 512 -1
512 -24.18529145564282 -162.0587988057413 626.0887344709021 511 513 -1
513 -24.068606614152323 -162.15300615638841 625.9551545049316 512 514 -1
514 -23.95284670019168 -162.2487495115101 625.8218621955283 513 515 -1
515 -23.83798022605903 -162.34604614809928 625.6889221943951 514 516 -1
516 -23.723964835317656 -162.44489366780562 625.5563942904558 515 517 -1
517 -23.610771077972007 -162.54531262595748 625.4243443354835 516 518 -1
518 -23.49835649973256 -162.64729776327428 625.2928301702 517 519 -1
519 -23.386692080629746 -162.75086976803647 625.1619184637324 518 520 -1
520 -23.275736837357346 -162.85602284347362 625.0316658722938 519 521 -1
521 -23.165461980619355 -162.96277698545958 624.9021399034074 520 522 -1
522 -23.05582794910866 -163.07112527434023 624.7733960140384 521 523 -1
523 -22.94680650264034 -163.18108719048263 624.645502872223 522 524 -1
524 -22.838359827033944 -163.29265508704287 624.518515201657 523 525 -1
525 -22.730459415839608 -163.40584488792595 624.3925012856414 524 526 -1
526 -22.62307038489002 -163.52065133352926 624.2675172778341 525 527 -1
527 -22.51616355099377 -163.637084104371 624.1436292022292 526 528 -1
528 -22.409707315764248 -163.75514201424673 624.0208965469624 527 529 -1
529 -22.303671788905724 -163.87482617763493 623.8993808529589 528 530 -1
530 -22.198028853154455 -163.9961412945482 623.7791473466355 529 531 -1
531 -22.092748270903698 -164.1190785897855 623.6602511934801 530 532 -1
532 -21.98780473876987 -164.2436471478165 623.54276335604 531 533 -1
533 -21.883169513600254 -164.36983451767605 623.4267372329821 532 534 -1
534 -21.778817180393293 -164.49763896215617 623.3122363610966 533 535 -1
535 -21.67472327995756 -164.6270590504178 623.199326129817 534 536 -1
536 -21.570862469097747 -164.7580803189021 623.0880599480713 535 537 -1
537 -21.467212203992272 -164.8906993214559 622.9785034923069 536 538 -1
538 -21.36375009679098 -165.02490614298287 622.8707171430715 537 539 -1
539 -21.260454240348455 -165.1606842160063 622.7647546926719 538 540 -1
540 -21.15730457672262 -165.29802300245035 622.6606779974762 539 541 -1
541 -21.054281955107406 -165.43691065756136 622.5585491813624 540 542 -1
542 -20.951367568820682 -165.57732458780447 622.4584179133005 541 543 -1
543 -20.848544200075576 -165.71924645124224 622.3603401598039 542 544 -1
544 -20.745795777658902 -165.86265865652024 622.2643745294088 543 545 -1
545 -20.643107130857704 -166.00753976268126 622.1705758651206 544 546 -1
546 -20.540464040701277 -166.1538621310305 622.0789908258389 545 547 -1
547 -20.43785354931267 -166.3016000643162 621.9896698608031 546 548 -1
548 -20.335263773953375 -166.4507260326999 621.9026616922416 547 549 -1
549 -20.232683906567445 -166.6012106936252 621.8180131613294 548 550 -1
550 -20.13010420934969 -166.75302292307484 621.7357690734875 549 551 -1
551 -20.02751599060581 -166.90613106984793 621.6559744345674 550 552 -1
552 -19.92491163065635 -167.06049904974537 621.578666668845 551 553 -1
553 -19.82228454998453 -167.2160902958302 621.5038826173989 552 554 -1
554 -19.719629173493832 -167.37286712859924 621.4316572720238 553 555 -1
555 -19.616940906789566 -167.5307904310521 621.3620228522477 554 556 -1
556 -19.514216052009612 -167.6898211911683 621.2950122591956 555 557 -1
557 -19.411451880290883 -167.84991734339826 621.2306513234921 556 558 -1
558 -19.308646551786257 -168.011035615634 621.1689623262531 557 559 -1
559 -19.205799046915484 -168.17313221154518 621.1099653893708 558 560 -1
560 -19.10290913431209 -168.33616250547033 621.0536773339466 559 561 -1
561 -19.0 -168.5 621.0 560 562 563
562 -19.08480611586962 -168.6140896875441 620.8733848871867 561 564 -1
563 -18.905239208073304 -168.65718093966245 621.0628612461251 561 565 -1
564 -19.166782726988675 -168.72778449982343 620.7445445211764 562 566 -1
565 -18.805931657337943 -168.8124805662288 621.1234319433335 563 567 -1
566 -19.245898150115966 -168.841015773405 620.6135256556813 564 568 -1
567 -18.702059521441 -168.96569307808275 621.1816124139596 565 569 -1
568 -19.322134549152185 -168.95372332972195 620.480365836582 566 570 -1
569 -18.593584291106524 -169.11662642539505 621.2372949738217 567 571 -1
570 -19.395483647145046 -169.06584774665296 620.3451084864322 568 572 -1
571 -18.480495341445014 -169.26508854759112 621.2903805287474 569 573 -1
572 -19.465944222634786 -169.17733028457886 620.2078004768445 570 574 -1
573 -18.362810940012952 -169.41089083374663 621.340780733653 571 575 -1
574 -19.533521948591854 -169.2881130998869 620.0684915679352 572 576 -1
575 -18.240578533879606 -169.55385173019417 621.3884200213084 573 577 -1
576 -19.598233206704982 -169.39814054536905 619.9272365236674 574 578 -1
577 -18.113874279925216 -169.6938003568928 621.4332374161613 575 579 -1
578 -19.66009917575383 -169.50735796228724 619.7840906011627 576 580 -1
579 -17.98280182387695 -169.83057998769937 621.4751880570806 577 581 -1
580 -19.719152176628057 -169.61571371875885 619.639113374714 578 582 -1
581 -17.84741064797665 -169.96398453834098 621.5141877869182 579 583 -1
582 -19.77543128635615 -169.723158309581 619.4923653743099 580 584 -1
583 -17.707918963846236 -170.0939400749931 621.5502692339136 581 585 -1
584 -19.828983913541588 -169.82964509772475 619.3439087512223 582 586 -1
585 -17.564512526337037 -170.22035967548385 621.5834503105345 583 587 -1
586 -19.879864778946544 -169.93513023970579 619.1938062914537 584 588 -1
587 -17.417350888357255 -170.34313956743748 621.6137345634551 585 589 -1
588 -19.928136811475646 -170.03957328446955 619.0421216656847 586 590 -1
589 -17.266598081785975 -170.46218414468808 621.641132999913 587 591 -1
590 -19.973870196138893 -170.14293708863957 618.8889185768896 588 592 -1
591 -17.11254759720618 -170.5775537076401 621.6657728196576 589 593 -1
592 -20.017141996313526 -170.24518788616194 618.734260326822 590 594 -1
593 -16.955354891577205 -170.68917630898778 621.6876783191818 591 595 -1
594 -20.058034881160662 -170.3462948626395 618.5782089133387 592 596 -1
595 -16.79527591185978 -170.79711898999508 621.7069729178108 593 597 -1
596 -20.0966391740312 -170.4462313291723 618.4208261106168 594 598 -1
597 -16.632543237850783 -170.90145082773904 621.7237760853326 595 599 -1
598 -20.13305026622187 -170.54497365750507 618.2621718813961 596 600 -1
599 -16.46734348141751 -171.00220426314763 621.7381790967186 597 601 -1
600 -20.167368978856622 -170.64250155749505 618.1023045651291 598 602 -1
601 -16.29994143002326 -171.0995586193197 621.7503671254378 599 603 -1
602 -20.199700635198713 -170.73879762469423 617.9412803475977 600 604 -1
603 -16.130490265998844 -171.1935540389565 621.7604309793153 601 605 -1
604 -20.23015625887132 -170.83384820886107 617.7791540075657 602 606 -1
605 -15.959242447896207 -171.2844277435224 621.7685823191356 603 607 -1
606 -20.25885069821649 -170.92764235619643 617.6159779135614 604 608 -1
607 -15.786335890241224 -171.37225440405606 621.7749325587736 605 609 -1
608 -20.285901830713616 -171.02017113982524 617.4518016340312 606 610 -1
609 -15.6119912756538 -171.4572893655938 621.7798042331187 607 611 -1
610 -20.311432881968354 -171.1114295157232 617.2866734953515 608 612 -1
611 -15.43634276051747 -171.53965511308877 621.7836063323457 609 613 -1
612 -20.335569040375443 -171.20141364626772 617.1206386610077 610 614 -1
613 -15.259568114292403 -171.61960197350592 621.786820335012 611 615 -1
614 -20.35843944287894 -171.29012249680142 616.9537405427808 612 616 -1
615 -15.08179471700336 -171.69730870462905 621.7899088084669 613 617 -1
616 -20.380176150621164 -171.37755696310234 616.7860203652673 614 618 -1
617 -14.90316266272696 -171.7730055807065 621.7933544325866 615 619 -1
618 -20.400913944079733 -171.4637195366517 616.6175172149229 616 620 -1
619 -14.723804269560521 -171.84692151935343 621.7976373125043 617 621 -1
620 -20.420790424519648 -171.548614297749 616.4482683227552 618 622 -1
621 -14.543841516476006 -171.91926022112813 621.8032766909508 619 623 -1
622 -20.439945931806168 -171.6322467091376 616.2783092360145 620 624 -1
623 -14.36342078800885 -171.990282862631 621.8107172546626 621 625 -1
624 -20.45852349724378 -171.71462341346347 616.1076740209012 622 626 -1
625 -14.182673209368856 -172.0601907863119 621.820428925831 623 627 -1
626 -20.476668828369437 -171.79575203558502 615.9363954950468 624 628 -1
627 -14.001757299659603 -172.129239203798 621.8327841988431 625 629 -1
628 -20.49453031024029 -171.8756408811621 615.7645054374212 626 630 -1
629 -13.820837202741625 -172.19765857349938 621.8481949586159 627 631 -1
630 -20.51225911278805 -171.95429857480406 615.5920348107746 628 632 -1
631 -13.640104366365964 -172.2656756793102 621.8671637104015 629 633 -1
632 -20.530009280901904 -172.03173494799125 615.4190145688527 630 634 -1
633 -13.459765637326495 -172.3335309913464 621.8900475316588 631 635 -1
634 -20.54793785565434 -172.10795887551123 615.2454751109829 632 636 -1
635 -13.280058005451437 -172.4014480095616 621.9172932249844 633 637 -1
636 -20.566204784469015 -172.18298046052408 615.0714476975925 634 638 -1
637 -13.10127163182747 -172.46965535408714 621.9494274134478 635 639 -1
638 -20.584973263669987 -172.2568090119439 614.8969640608223 636 640 -1
639 -12.923688497280185 -172.53835379614114 621.986757951625 637 641 -1
640 -20.604409933739863 -172.32945343941952 614.7220571174524 638 642 -1
641 -12.747483237303781 -172.6076208854541 622.0292218060729 639 643 -1
642 -20.624684527433978 -172.40092273780502 614.5467616642624 640 644 -1
643 -12.572692429962052 -172.67743655435896 622.0763797632759 641 645 -1
644 -20.645970328761187 -172.4712250825677 614.3711146177563 642 646 -1
645 -12.399268337674682 -172.74777300104265 622.1276344201523 643 647 -1
646 -20.66844422726251 -172.5403678357822 614.1951556403399 644 648 -1
647 -12.22713962755706 -172.81861874326407 622.182435280804 645 649 -1
648 -20.6922865954639 -172.608357555489 614.0189277793166 646 650 -1
649 -12.056219275824771 -172.88997830365057 622.2402711855874 647 651 -1
650 -20.717680850151382 -172.67520008483524 613.8424781202682 648 652 -1
651 -11.886399438321483 -172.96186952855294 622.3006371751912 649 653 -1
652 -20.74481419268046 -172.74089977031196 613.6658583173864 650 654 -1
653 -11.717517147414007 -173.03430909201327 622.362948114594 651 655 -1
654 -20.77387656954045 -172.80545995179202 613.489125402813 652 656 -1
655 -11.54939008067369 -173.10733927672615 622.4265990709594 653 657 -1
656 -20.805060964079587 -172.86888245133494 613.3123424460109 654 658 -1
657 -11.381822228873947 -173.18101864675202 622.4909732067202 655 659 -1
658 -20.838561952633462 -172.93116798612448 613.1355792900429 656 660 -1
659 -11.214598154345312 -173.25540455383356 622.5554287679904 657 661 -1
660 -20.874576189960074 -172.99231550570084 612.9589132521601 658 662 -1
661 -11.047501580126502 -173.3305521310915 622.6193285138005 659 663 -1
662 -20.91330102840074 -173.05232244877854 612.7824298402547 660 664 -1
663 -10.88038036145295 -173.4064962666743 622.6822137616375 661 665 -1
664 -20.95493348206575 -173.11118470979594 612.6062233902603 662 666 -1
665 -10.713198550057433 -173.48322007434527 622.7439816783013 663 667 -1
666 -20.99966898882793 -173.16889663634063 612.4303976279842 664 668 -1
667 -10.545934627672128 -173.56070067998837 622.804571302017 665 669 -1
668 -21.04769996150953 -173.2254510634911 612.2550661224983 666 670 -1
669 -10.378568846573037 -173.63889870113778 622.8639456151274 667 671 -1
670 -21.09921412634324 -173.2808393913628 612.0803525938608 668 672 -1
671 -10.211080966337851 -173.71778139100226 622.9220563980886 669 673 -1
672 -21.15439373549263 -173.33505137794833 611.9063912861964 670 674 -1
673 -10.043451081689081 -173.79731383288248 622.9788572891289 671 675 -1
674 -21.213410769491507 -173.38807619445203 611.7333262974665 672 676 -1
675 -9.875659763280844 -173.8774590919455 623.0343040708009 673 677 -1
676 -21.276426634023977 -173.43990202558473 611.5613115205324 674 678 -1
677 -9.707687453021553 -173.95818037298162 623.0883495927968 675 679 -1
678 -21.343591392683777 -173.49051594617 611.3905104910723 676 680 -1
679 -9.539515649055032 -174.0394380136402 623.1409515890981 677 681 -1
680 -21.41503646487836 -173.53990571928747 611.2210938935767 678 682 -1
681 -9.371171229916351 -174.12116541632696 623.1922584798662 679 683 -1
682 -21.490876636883176 -173.58805893605933 611.0532393635336 680 684 -1
683 -9.202760516820634 -174.2032594053367 623.2427570352654 681 685 -1
684 -21.571207351454945 -173.6349636551783 610.8871297203449 682 686 -1
685 -9.03439383630549 -174.2856136804244 623.2929781663845 683 687 -1
686 -21.656100079480918 -173.68060964044963 610.7229497914188 684 688 -1
687 -8.866176868409868 -174.36812375390747 623.3434444465926 685 689 -1
688 -21.74560286209308 -173.7249882752828 610.5608847610978 686 690 -1
689 -8.698215839471407 -174.45068605572837 623.3946713881486 687 691 -1
690 -21.839738678200064 -173.76809320878561 610.4011173599922 688 692 -1
691 -8.530617821566102 -174.53319559173323 623.4471556772163 689 693 -1
692 -21.938506184004837 -173.80992046056767 610.2438258819859 690 694 -1
693 -8.36348730749101 -174.61554971444795 623.5013455223278 691 695 -1
694 -22.04187523841637 -173.85047007767534 610.0891789489694 692 696 -1
695 -8.196933328340958 -174.69764703132057 623.5576572122087 693 697 -1
696 -22.14979421361473 -173.8897446234753 609.9373366237556 694 698 -1
697 -8.031082630937197 -174.7793789875409 623.6165169743332 695 699 -1
698 -22.2621846227774 -173.92775126428074 609.7884441226134 696 700 -1
699 -7.865978894494071 -174.86068081681339 623.6780139730249 697 701 -1
700 -22.378948075642604 -173.96450045672367 609.6426329511258 698 702 -1
701 -7.7014774684364005 -174.94158481418046 623.7416161057382 699 703 -1
702 -22.5 -174.0 609.5 700 -1 -1
703 -7.537406097821484 -175.02213427006325 623.8067617418693 701 704 -1
704 -7.373570101739739 -175.10239437767746 623.8728507869458 703 705 -1
705 -7.209793727966136 -175.18241020497564 623.939382684292 704 706 -1
706 -7.045903004520352 -175.26224255342166 624.0058533324195 705 707 -1
707 -6.881723630571175 -175.3419352892931 624.0717765189772 706 708 -1
708 -6.717109265107981 -175.42153810893072 624.1367155346848 707 709 -1
709 -6.551915478446575 -175.50106047610006 624.2002663486647 708 710 -1
710 -6.386065857932493 -175.58034718374802 624.2623873731205 709 711 -1
711 -6.219513411327637 -175.6591924150214 624.3231756853544 710 712 -1
712 -6.052180221576148 -175.73736961152656 624.3826687126733 711 713 -1
713 -5.884029478721602 -175.8146879950185 624.440966592558 712 714 -1
714 -5.715011222745102 -175.89095018331807 624.4981360236573 713 715 -1
715 -5.545048727539081 -175.96591730224276 624.5542080515951 714 716 -1
716 -5.374115351462054 -176.0394139739798 624.6092655390423 715 717 -1
717 -5.202168041089591 -176.11123990405264 624.6633619963427 716 718 -1
718 -5.0291428103257045 -176.18114638737637 624.7165273370933 717 719 -1
719 -4.855014506246754 -176.24894025888898 624.7688188830601 718 720 -1
720 -4.679759017813438 -176.31442139276714 624.8202847036076 719 721 -1
721 -4.503335951230587 -176.3773376960266 624.870953849136 720 722 -1
722 -4.325719590764204 -176.4374433251981 624.9208589429809 721 723 -1
723 -4.146916840864779 -176.49454845874655 624.9700442453836 722 724 -1
724 -3.9669204842652985 -176.5484041549213 625.0185359058523 723 725 -1
725 -3.785712936159668 -176.5986875777649 625.0663459440124 724 726 -1
726 -3.603342593718755 -176.64523221806493 625.1135134880836 725 727 -1
727 -3.4198411286733585 -176.6877873910082 625.160057560205 726 728 -1
728 -3.235227415609072 -176.72598332019697 625.2059785596336 727 729 -1
729 -3.0495900408137313 -176.75965863362626 625.2513027449264 728 730 -1
730 -2.863031005173158 -176.78876597700256 625.2960051235382 729 731 -1
731 -2.675673967959286 -176.8135485591389 625.3399747199145 730 732 -1
732 -2.487653771953036 -176.83445753393227 625.3831207601236 731 733 -1
733 -2.299076018441426 -176.8519194365687 625.4253597912857 732 734 -1
734 -2.110015919172016 -176.8662978430923 625.4665960396773 733 735 -1
735 -1.9205369138348427 -176.87799325518264 625.5067454974502 734 736 -1
736 -1.7306937957821105 -176.88744597856214 625.5457508354076 735 737 -1
737 -1.5405219081902541 -176.8950460354142 625.5835428074035 736 738 -1
738 -1.3500405510828521 -176.90115519071014 625.6200252344426 737 739 -1
739 -1.1592741970790201 -176.9061934991433 625.655157607565 738 740 -1
740 -0.9682366874525535 -176.91054189139822 625.6888809382177 739 741 -1
741 -0.7769383154175827 -176.91457276586024 625.721133312546 740 742 -1
742 -0.5853836222298207 -176.91866317601134 625.7518184673904 741 743 -1
743 -0.39358968156471696 -176.92318401749597 625.7809059869467 742 744 -1
744 -0.2015720722007354 -176.9284953603137 625.8083356515762 743 745 -1
745 -0.009351877955183656 -176.93495371762467 625.8340452096521 744 746 -1
746 0.18304368551456265 -176.9429330155342 625.857950802886 745 747 -1
747 0.37557512651899944 -176.95275251254364 625.8800032177726 746 748 -1
748 0.5682006583177958 -176.9644401063422 625.9002493632839 747 749 -1
749 0.760885076076618 -176.9778992644789 625.9187623522904 748 750 -1
750 0.9535978038221061 -176.9930327833179 625.9356158036418 749 751 -1
751 1.1463124229101291 -177.00975762395117 625.9508698394982 750 752 -1
752 1.3390062921315153 -177.02797641999604 625.9645995359748 751 753 -1
753 1.531661188861127 -177.04758164424112 625.9768916269057 752 754 -1
754 1.7242623710781133 -177.06848161041637 625.9878176991333 753 755 -1
755 1.9167983033826277 -177.0905861487 625.9974485422985 754 756 -1
756 2.1092603982140927 -177.1138066193361 626.0058540779155 755 757 -1
757 2.3016424833405402 -177.13805911462768 626.0130996044674 756 758 -1
758 2.493940519265576 -177.16326331296938 626.0192465564595 757 759 -1
759 2.686154276169837 -177.18932393843951 626.0243745726483 758 760 -1
760 2.878284649852078 -177.2161583490433 626.0285496680277 759 761 -1
761 3.0703343423638376 -177.24368518855027 626.031836935544 760 762 -1
762 3.262307672784158 -177.27182429586694 626.0343005796686 761 763 -1
763 3.4542103987756803 -177.30049660470186 626.0360039606059 762 764 -1
764 3.646049548238986 -177.32962403499724 626.0370096477419 763 765 -1
765 3.8378332503303176 -177.3591294419146 626.03737935795 764 766 -1
766 4.029570221308902 -177.38893873073852 626.0371688367434 765 767 -1
767 4.22127100214803 -177.41897199957924 626.0364455894542 766 768 -1
768 4.412946201938341 -177.44915395299418 626.0352696438808 767 769 -1
769 4.604606975159834 -177.4794096379953 626.0337006162886 768 770 -1
770 4.796264894935222 -177.50966430806434 626.0317977984512 769 771 -1
771 4.987931829218591 -177.53984328530208 626.0296202474306 770 772 -1
772 5.1796198187659215 -177.5698718212674 626.0272268775012 771 773 -1
773 5.371340955716506 -177.5996749570335 626.0246765536613 772 774 -1
774 5.563107261599272 -177.62917738298327 626.0220281861907 773 775 -1
775 5.7549309256094 -177.65830090652315 626.0193409315391 774 776 -1
776 5.946823706208725 -177.68696736403413 626.0166750705451 775 777 -1
777 6.138796303092299 -177.71510174397832 626.0140905087136 776 778 -1
778 6.330859169969196 -177.7426258170237 626.0116473619908 777 779 -1
779 6.523022022566041 -177.7694603002876 626.0094062745791 778 780 -1
780 6.7152936108847605 -177.79552498537083 626.007424231731 779 781 -1
781 6.90767968672477 -177.82074550521156 626.0056406071328 780 782 -1
782 7.100182762207168 -177.84505560716275 626.0038411609906 781 783 -1
783 7.292805126698007 -177.86838083049264 626.0017931381628 782 784 -1
784 7.485546332958154 -177.8906520348986 625.9992598793312 783 785 -1
785 7.6784022972482635 -177.91180729378124 625.9960087778827 784 786 -1
786 7.871366065721802 -177.93177638913303 625.9918028762681 785 787 -1
787 8.064425960727993 -177.95048782725127 625.986402717598 786 788 -1
788 8.257564544014313 -177.96786888297484 625.9795664898236 787 789 -1
789 8.450757744905612 -177.98383340687087 625.9710342963933 788 790 -1
790 8.643972396253902 -177.99830171228268 625.9605504438017 789 791 -1
791 8.837166265367578 -178.01121216163867 625.9478848251002 790 792 -1
792 9.030287518792528 -178.02248895345897 625.9327905786673 791 793 -1
793 9.223273186400574 -178.032056484254 625.9150218822625 792 794 -1
794 9.416046001007336 -178.03982589364352 625.8943114646647 793 795 -1
795 9.608513930113462 -178.045712384669 625.870397551478 794 796 -1
796 9.8005776617753 -178.04966771580828 625.8430843106951 795 797 -1
797 9.992130240193767 -178.05162448989202 625.8121998230424 796 798 -1
798 10.183125180860312 -178.05151892023503 625.7779749588099 797 799 -1
799 10.373559778679143 -178.04926563699195 625.7408228914766 798 800 -1
800 10.563455699624143 -178.044801002785 625.7011944221712 799 801 -1
801 10.752852670485627 -178.03807957093105 625.6595472014417 800 802 -1
802 10.941795539457031 -178.0290330908435 625.6163067250285 801 803 -1
803 11.130336682829494 -178.0175901173091 625.5718950472082 802 804 -1
804 11.318530111575349 -178.0036475074959 625.5267287746631 803 805 -1
805 11.506437314315415 -177.98712802582887 625.4812414177128 804 806 -1
806 11.694119986096156 -177.9679702418273 625.4358629012961 805 807 -1
807 11.881633342264397 -177.9460863709583 625.3910212323227 806 808 -1
808 12.069026398051548 -177.9213849002283 625.3471511780383 807 809 -1
809 12.256337898871875 -177.89370817594133 625.3047349888742 808 810 -1
810 12.443596873293224 -177.8630113826693 625.2642111120416 809 811 -1
811 12.630814065448048 -177.82920155963322 625.2260439348852 810 812 -1
812 12.817980325710762 -177.79218206230263 625.1907122125322 811 813 -1
813 13.00505942191853 -177.7517773563812 625.1587985261451 812 814 -1
814 13.191974161122332 -177.70800041584585 625.1305884499399 813 815 -1
815 13.378576483807048 -177.66090650471725 625.1058616723521 814 816 -1
816 13.564714012018293 -177.61054049944156 625.0842720021184 815 817 -1
817 13.750256686623953 -177.55697831359814 625.0654244019606 816 818 -1
818 13.935108818038104 -177.50035643196037 625.0488705387883 817 819 -1
819 14.119183801804523 -177.44075754824962 625.0342062444022 818 820 -1
820 14.302388809707379 -177.3781988210545 625.0210475832106 819 821 -1
821 14.484687204028425 -177.31284249683674 625.0089359560028 820 822 -1
822 14.666031541955133 -177.24477247069487 624.9974612711844 821 823 -1
823 14.846365341496684 -177.17403197039786 624.9862121423563 822 824 -1
824 15.025656691902743 -177.10071995855 624.974767278733 823 825 -1
825 15.203882597902924 -177.02494784248566 624.9627213363184 824 826 -1
826 15.381008843718037 -176.94679988385715 624.9496747590256 825 827 -1
827 15.556971102627676 -176.86631104681734 624.9351908690516 826 828 -1
828 15.73175218290574 -176.78362479834013 624.9189021344067 827 829 -1
829 15.905305328237251 -176.69883901076741 624.900427553513 828 830 -1
830 16.077574056746414 -176.61205424229172 624.8793919598571 829 831 -1
831 16.24846256626183 -176.52334074411166 624.8553613028205 830 832 -1
832 16.41792998388453 -176.4328507155895 624.8281106484786 831 833 -1
833 16.58594772541753 -176.34067945354607 624.7976997025951 832 834 -1
834 16.752504523266843 -176.24690977522243 624.7642843626344 833 835 -1
835 16.91759266706977 -176.15161629093592 624.7280108244918 834 836 -1
836 17.08119619815394 -176.05485569100287 624.6889971398126 835 837 -1
837 17.24334622844467 -175.95672035031242 624.6474326569197 836 838 -1
838 17.404055513384456 -175.85727417929283 624.6034575336322 837 839 -1
839 17.563340981848988 -175.75657669712905 624.5572075287675 838 840 -1
840 17.721223157464102 -175.65468318187834 624.5088139565768 839 841 -1
841 17.87772563423194 -175.55164483615738 624.4584037051716 840 842 -1
842 18.03287170405004 -175.44750665618304 624.4060954225091 841 843 -1
843 18.18668137675131 -175.34230578183303 624.3519971443201 842 844 -1
844 18.339197628924925 -175.2360924491659 624.2962406297299 843 845 -1
845 18.490452028642885 -175.12890313321438 624.2389357948068 844 846 -1
846 18.640477329588307 -175.02077114816552 624.1801889003808 845 847 -1
847 18.789307231131676 -174.91172681632938 624.1201027807775 846 848 -1
848 18.93697617336915 -174.8017976297338 624.0587770875137 847 849 -1
849 19.083519163872324 -174.6910084034431 623.9963085448821 848 850 -1
850 19.228971633041585 -174.5793814200231 623.932791215043 849 851 -1
851 19.373369315130347 -174.4669365648414 623.8683167708544 850 852 -1
852 19.516748021442847 -174.35368993060285 623.8029771224291 851 853 -1
853 19.659142429024875 -174.2396395106219 623.7368871121041 852 854 -1
854 19.80058678760788 -174.12477097773555 623.6701765659216 853 855 -1
855 19.941110829983113 -174.00906334342832 623.6029728732847 854 856 -1
856 20.080752803186215 -173.89250139559658 623.5354078403907 855 857 -1
857 20.219549499082298 -173.7750675356551 623.4676113340366 856 858 -1
858 20.35753577322194 -173.6567411395955 623.3997125132865 857 859 -1
859 20.494746269717098 -173.53750037339378 623.3318412202347 858 860 -1
860 20.631215282235374 -173.4173223109513 623.2641283826864 859 861 -1
861 20.7669766160883 -173.2961830607096 623.1967064265533 860 862 -1
862 20.902063448426397 -173.17405790374806 623.1297096966267 861 863 -1
863 21.03650818353011 -173.05092144646898 623.0632748842185 862 864 -1
864 21.17034230015983 -172.926747791279 622.9975414598534 863 865 -1
865 21.303595017272524 -172.80150841259837 622.9326542152143 864 866 -1
866 21.436290480333014 -172.6751659001357 622.8687715548386 865 867 -1
867 21.56846274689133 -172.5477058077584 622.8060350572373 866 868 -1
868 21.700137767897974 -172.4191023455364 622.7446002902528 867 869 -1
869 21.831339561237975 -172.28933050926886 622.6846277962343 868 870 -1
870 21.96208994259499 -172.15836645488707 622.6262834796796 869 871 -1
871 22.092407066022574 -172.02618446958547 622.5697444986968 870 872 -1
872 22.22230144642486 -171.89274533203167 622.515222445724 871 873 -1
873 22.351793463367912 -171.75805201710932 622.4628717204962 872 874 -1
874 22.480892616620476 -171.6220903273951 622.412883707014 873 875 -1
875 22.609604335118846 -171.48485003496432 622.3654564063738 874 876 -1
876 22.737918653059378 -171.34629813767867 622.32085055436 875 877 -1
877 22.86580640895053 -171.20649509967092 622.279008895672 876 878 -1
878 22.99320672830868 -171.06551024154143 622.2397221841678 877 879 -1
879 23.120054534643682 -170.92339238879737 622.2027993151513 878 880 -1
880 23.246295927457894 -170.78020122120304 622.1680051577907 879 881 -1
881 23.371894288470084 -170.63600923311517 622.135065247598 880 882 -1
882 23.496800064856746 -170.49085618189739 622.1037515579911 881 883 -1
883 23.62097397240786 -170.34478910491677 622.0738062227629 882 884 -1
884 23.744397162890195 -170.19787020767896 622.0449430647742 883 885 -1
885 23.867026417358197 -170.050127857432 622.0169102369332 884 886 -1
886 23.98884151974585 -169.9016111179399 621.9894245893082 885 887 -1
887 24.10982991896749 -169.75237106353447 621.962206273086 886 888 -1
888 24.229944493465972 -169.60242906627724 621.9349755719636 887 889 -1
889 24.349186463002262 -169.45184581353885 621.9074502834883 888 890 -1
890 24.467530249172 -169.30066170725752 621.8793487590443 889 891 -1
891 24.584938647074253 -169.14891472005812 621.8503719465031 890 892 -1
892 24.70141130245882 -168.99666845318777 621.8202609389385 891 893 -1
893 24.81690183938777 -168.8439672086111 621.7887067153182 892 894 -1
894 24.93139143228758 -168.69087595581624 621.755442509639 893 895 -1
895 25.04486034082346 -168.53746394849063 621.7202174573763 894 896 -1
896 25.15724591710513 -168.38378867878558 621.6827394817516 895 897 -1
897 25.268602679626788 -168.22985741589915 621.6432910863492 896 898 -1
898 25.378974282828622 -168.07561557055794 621.6023148802874 897 899 -1
899 25.488413343309663 -167.92099673390632 621.5602709462784 898 900 -1
900 25.59700280418367 -167.76594020835032 621.5176395078896 899 901 -1
901 25.704789712072667 -167.61036130124472 621.4748746003918 900 902 -1
902 25.811847237998546 -167.45418814297335 621.432445242798 901 903 -1
903 25.91824341875544 -167.2973510840571 621.390809313827 902 904 -1
904 26.024017472049753 -167.13975292889629 621.350484256394 903 905 -1
905 26.12924148837141 -166.98134942373096 621.3119161068505 904 906 -1
906 26.233949016726328 -166.82206315135105 621.2756496761244 905 907 -1
907 26.338178727143227 -166.66185113275998 621.242197752571 906 908 -1
908 26.441955990067996 -166.50068626639427 621.2120882070291 907 909 -1
909 26.545282631171865 -166.33854393097408 621.1859446345051 908 910 -1
910 26.648159609739377 -166.1754620536603 621.1642608682063 909 911 -1
911 26.750545156382504 -166.01146771159154 621.1477661121543 910 912 -1
912 26.852400840089274 -165.8466763548424 621.1369213590094 911 913 -1
913 26.953631643910278 -165.68120557838344 621.1325071386792 912 914 -1
914 27.054147681429544 -165.51526143822673 621.1349512074802 913 915 -1
915 27.153804196112645 -165.3490664475854 621.1446979418229 914 916 -1
916 27.25250684528068 -165.18283834907572 621.1612384113362 915 917 -1
917 27.3501576675576 -165.01674923672635 621.1841948027665 916 918 -1
918 27.446715060112407 -164.8509288805845 621.2129862430274 917 919 -1
919 27.542134544291436 -164.68547477365496 621.2471812390742 918 920 -1
920 27.636418706338546 -164.52044252163952 621.2862255249445 919 921 -1
921 27.729559284107225 -164.35586778428203 621.3296999627426 920 922 -1
922 27.821597000393275 -164.19174654818357 621.3770669628262 921 923 -1
923 27.91254060484416 -164.02807019109053 621.4279588164923 922 924 -1
924 28.002463634815967 -163.86478921317166 621.4818484476905 923 925 -1
925 28.091379001883908 -163.70186395367074 621.5384218836087 924 926 -1
926 28.179376157527464 -163.53921672789548 621.5971896872255 925 927 -1
927 28.266493216453817 -163.37677680635528 621.6578139999998 926 928 -1
928 28.352801832881017 -163.21445622369012 621.7198976304992 927 929 -1
929 28.438367739724008 -163.05216269616628 621.7830711721372 928 930 -1
930 28.52324498430171 -162.88979657195034 621.846983320106 929 931 -1
931 28.607515993581583 -162.72725844753157 621.9112596774014 930 932 -1
932 28.691227135683782 -162.56443371447185 621.9755422355497 931 933 -1
933 28.774459622161668 -162.40122340951748 622.0394673459508 932 934 -1
934 28.857269857486536 -162.2375300050315 622.1027015991659 933 935 -1
935 28.939734278681197 -162.07331659293163 622.1650328072438 934 936 -1
936 29.021923415246537 -161.9085448161252 622.226243628699 935 937 -1
937 29.103910354042682 -161.74318255487722 622.2861182655088 936 938 -1
938 29.185767645934376 -161.57719797175852 622.3444272025008 937 939 -1
939 29.267567348160448 -161.4105647260136 622.4009385608933 938 940 -1
940 29.349381392999696 -161.24325489922902 622.455391574446 939 941 -1
941 29.43127914843069 -161.07525934280443 622.5075588156523 940 942 -1
942 29.513333164935247 -160.906550842511 622.5571128425265 941 943 -1
943 29.595606136949108 -160.73714410809743 622.6038394160945 942 944 -1
944 29.678167477632513 -160.5670317723262 622.6473841896048 943 945 -1
945 29.761074302700457 -160.39624373437277 622.6874894808642 944 946 -1
946 29.844338796066033 -160.2249021264102 622.7243676492993 945 947 -1
947 29.927952053456043 -160.05318423341527 622.7586177913024 946 948 -1
948 30.011904965395797 -159.8812641311659 622.7909734182122 947 949 -1
949 30.09619798662341 -159.70929438530527 622.822162415274 948 950 -1
950 30.180840749347123 -159.53741792539014 622.8529163529889 949 951 -1
951 30.265844628273086 -159.36577939063338 622.8840004505338 950 952 -1
952 30.351210269662463 -159.19452068148664 622.9161665599778 951 953 -1
953 30.436936316805237 -159.0237958496211 622.9501567690977 952 954 -1
954 30.52301839144478 -158.8537821890369 622.9867109981753 953 955 -1
955 30.60944080237782 -158.68464514881424 623.0263897189806 954 956 -1
956 30.69617662930637 -158.5165615214619 623.0696906922461 955 957 -1
957 30.783187777060203 -158.34974143513844 623.1171254208906 956 958 -1
958 30.870418793947213 -158.1844260340622 623.1691926083572 957 959 -1
959 30.957792741511284 -158.0208286803322 623.226206752694 958 960 -1
960 31.04522525000892 -157.85921679644522 623.2885440762999 959 961 -1
961 31.132655970039497 -157.6997786420623 623.3562495398604 960 962 -1
962 31.220052020761546 -157.54260008970965 623.4290904148655 961 963 -1
963 31.307385226087593 -157.38783323860042 623.5069957440702 962 964 -1
964 31.39468327777631 -157.23540329859253 623.589419862592 963 965 -1
965 31.482017272469975 -157.08527215471815 623.675926493985 964 966 -1
966 31.569466717116846 -156.93729803043314 623.7659628471358 965 967 -1
967 31.657115501998494 -156.79135752643128 623.8590740614883 966 968 -1
968 31.745061006764626 -156.6473774970077 623.954918801774 967 969 -1
969 31.833388967425574 -156.50518532803628 624.0530541565118 968 970 -1
970 31.92219378615791 -156.3646639651909 624.1531472536694 969 971 -1
971 32.01158342237292 -156.22572099910923 624.2549099871812 970 972 -1
972 32.101652993538266 -156.08822156074586 624.3580251986451 971 973 -1
973 32.19249831095964 -155.95204379230756 624.4622085230342 972 974 -1
974 32.28418934705509 -155.81711597043272 624.5672736847246 973 975 -1
975 32.376743816350995 -155.6834319064058 624.6731685630335 974 976 -1
976 32.470186238017156 -155.55101173632414 624.7798686058447 975 977 -1
977 32.564512896018904 -155.4198358222497 624.8873247456294 976 978 -1
978 32.659735640213555 -155.2899072901178 624.9955035569683 977 979 -1
979 32.7558668046125 -155.16123033997215 625.1043727111528 978 980 -1
980 32.85291920497849 -155.033810259585 625.2139008697628 979 981 -1
981 32.95090613720814 -154.9076534393013 625.3240575831433 980 982 -1
982 33.049846669747446 -154.78277442416837 625.4348163281227 981 983 -1
983 33.14975650230087 -154.65918361461894 625.5461483672088 982 984 -1
984 33.25064351097048 -154.53688165979418 625.6580210872538 983 985 -1
985 33.35252295532701 -154.41587963434378 625.7704067359715 984 986 -1
986 33.45541057485978 -154.29618981398488 625.883277987511 985 987 -1
987 33.559322588467026 -154.17782570085544 625.9966078601598 986 988 -1
988 33.66427569343823 -154.06080205086408 626.1103696355872 987 989 -1
989 33.77028706371701 -153.9451349030838 626.2245367792481 988 990 -1
990 33.87737434722021 -153.83084161122332 626.3390828615888 989 991 -1
991 33.98555566197065 -153.7179408771958 626.4539814797092 990 992 -1
992 34.09485885517179 -153.60646452732036 626.569208634919 991 993 -1
993 34.205295959338535 -153.49642515707504 626.6847353244692 992 994 -1
994 34.316884693617695 -153.38784351398152 626.8005342175327 993 995 -1
995 34.429645060100995 -153.2807441944363 626.9165782258242 994 996 -1
996 34.54359748594398 -153.1751533474342 627.0328398831259 995 997 -1
997 34.65876280584808 -153.0710987205593 627.1492912629938 996 998 -1
998 34.77516224095753 -152.96860970762933 627.2659038948357 997 999 -1
999 34.89281737371184 -152.86771739780772 627.3826486781339 998 1000 -1
1000 35.01175011815565 -152.76845462595867 627.4994957946051 999 1001 -1
1001 35.1319842968821 -152.6708580967928 627.6164146668498 1000 1002 -1
1002 35.25355615835042 -152.57498213797584 627.733373741977 1001 1003 -1
1003 35.3764742271388 -152.48084708372582 627.8503396467235 1002 1004 -1
1004 35.500761418038635 -152.3884934590771 627.9672786742133 1003 1005 -1
1005 35.62644073740756 -152.29796380236357 628.0841559122733 1004 1006 -1
1006 35.75353521241834 -152.2093027151106 628.2009351400166 1005 1007 -1
1007 35.8820678110345 -152.1225569097115 628.3175787218723 1006 1008 -1
1008 36.01206307222814 -152.03777759102343 628.4340472488088 1007 1009 -1
1009 36.1435660429433 -151.95504676298827 628.5502959699717 1008 1010 -1
1010 36.27657650670796 -151.87438774023266 628.6662848981446 1009 1011 -1
1011 36.41111621572871 -151.79585632882527 628.7819694510522 1010 1012 -1
1012 36.547206280332865 -151.71951062308446 628.8973030570878 1011 1013 -1
1013 36.68486701353638 -151.64541101646847 629.0122370406851 1012 1014 -1
1014 36.82414712650615 -151.5736635184214 629.1267113418312 1013 1015 -1
1015 36.96504221172704 -151.50430136950743 629.2406778896525 1014 1016 -1
1016 37.10756418786839 -151.43738501245036 629.3540821451071 1015 1017 -1
1017 37.25172822956034 -151.37298415733724 629.4668656335454 1016 1018 -1
1018 37.39757523973708 -151.31121465169934 629.5789549193956 1017 1019 -1
1019 37.54510425840059 -151.25213334496323 629.6902891344957 1018 1020 -1
1020 37.69431025577476 -151.19579485620392 629.8008069607029 1019 1021 -1
1021 37.84520364071787 -151.14228464324 629.9104360069642 1020 1022 -1
1022 37.9978258579602 -151.0917503352092 630.0190792835634 1021 1023 -1
1023 38.1521247387222 -151.0441609709322 630.1266786851827 1022 1024 -1
1024 38.308068106945385 -150.99946836104849 630.2331440623692 1023 1025 -1
1025 38.46566597280389 -150.9576866324487 630.3383479875297 1024 1026 -1
1026 38.624842320565186 -150.91867342299824 630.4422299620663 1025 1027 -1
1027 38.78556174060696 -150.8823532273779 630.5447034882374 1026 1028 -1
1028 38.947837493138834 -150.8487298393159 630.645633075893 1027 1029 -1
1029 39.11159051601466 -150.8176426035322 630.7449769695029 1028 1030 -1
1030 39.27680417518397 -150.78903481239428 630.8426333722712 1029 1031 -1
1031 39.44346781566871 -150.762854687183 630.9384904436182 1030 1032 -1
1032 39.611518633445414 -150.73896009554423 631.0325049533967 1031 1033 -1
1033 39.78096036000078 -150.7173151718532 631.1245471716053 1032 1034 -1
1034 39.9517471496709 -150.69780017282127 631.2145571577687 1033 1035 -1
1035 40.12384587073563 -150.6803142773279 631.3024609377084 1034 1036 -1
1036 40.297258124438166 -150.66480653722977 631.3881260499604 1035 1037 -1
1037 40.47192020255073 -150.65112635278757 631.4715335917421 1036 1038 -1
1038 40.64783915962297 -150.63922521815235 631.5525378294327 1037 1039 -1
1039 40.824965427626466 -150.62897250790076 631.6310996016005 1038 1040 -1
1040 41.00327865249757 -150.62027794524013 631.7071231660344 1039 1041 -1
1041 41.18276019939545 -150.61305168217666 631.7805053129791 1040 1042 -1
1042 41.363360044713325 -150.60716542201237 631.8512149350161 1041 1043 -1
1043 41.54508317690293 -150.60255555957357 631.9190842729316 1042 1044 -1
1044 41.72785874980778 -150.59907695011725 631.9841363917058 1043 1045 -1
1045 41.91162750869188 -150.59665895794362 632.0463789330969 1044 1046 -1
1046 42.09623533769448 -150.5951713027189 632.1061184817446 1045 1047 -1
1047 42.281570919897206 -150.594518970285 632.1635772627782 1046 1048 -1
1048 42.46751725890094 -150.59458785062742 632.2190326289008 1047 1049 -1
1049 42.65396827854336 -150.59526461203683 632.2727635401113 1048 1050 -1
1050 42.84083574252802 -150.59644706939116 632.3250196357608 1049 1051 -1
1051 43.028023163921574 -150.59801446159648 632.3761080891732 1050 1052 -1
1052 43.21545871363883 -150.5998686015202 632.4262693347786 1051 1053 -1
1053 43.40305982680745 -150.60189410846218 632.4758014078084 1052 1054 -1
1054 43.59075751858654 -150.60398795667052 632.5249635885941 1053 1055 -1
1055 43.778482656516225 -150.6060452368068 632.574022457241 1054 1056 -1
1056 43.966168779660016 -150.6079663111855 632.6232357838152 1055 1057 -1
1057 44.153747417181634 -150.60964649060293 632.6728657087946 1056 1058 -1
1058 44.3411544547388 -150.61099298292655 632.7231494087702 1057 1059 -1
1059 44.5283675908549 -150.61194127586765 632.7741593820124 1058 1060 -1
1060 44.71542242325718 -150.61245271123295 632.8257531997996 1059 1061 -1
1061 44.902367785307874 -150.61251043542902 632.8777448428411 1060 1062 -1
1062 45.08924890159715 -150.6120922260473 632.9299653589308 1061 1063 -1
1063 45.27611016393183 -150.61116642350757 632.9822503578621 1062 1064 -1
1064 45.46299656785079 -150.60970754152504 633.0344331749287 1063 1065 -1
1065 45.64995074067291 -150.60769703057247 633.0863541299989 1064 1066 -1
1066 45.83701386097448 -150.60510929820248 633.137855314152 1065 1067 -1
1067 46.02422950595216 -150.60190511550684 633.1887639971891 1066 1068 -1
1068 46.21163386229086 -150.598067849137 633.2389287985768 1067 1069 -1
1069 46.39926201673755 -150.59357277730993 633.288194019685 1068 1070 -1
1070 46.58714721077112 -150.5883923760759 633.336400765517 1069 1071 -1
1071 46.77532730470992 -150.5824812150422 633.3833565007458 1070 1072 -1
1072 46.963823589794345 -150.57582631473858 633.428923174999 1071 1073 -1
1073 47.15265949453977 -150.5683990556048 633.4729372884827 1072 1074 -1
1074 47.341855177018196 -150.56016875430487 633.5152295829994 1073 1075 -1
1075 47.53143430290625 -150.55108650409824 633.555585267431 1074 1076 -1
1076 47.721387836074854 -150.54114107276737 633.5939259468477 1075 1077 -1
1077 47.91166289625084 -150.53030539558586 633.6303860345959 1076 1078 -1
1078 48.102195047462224 -150.51854833336606 633.6651813352203 1077 1079 -1
1079 48.2929249128145 -150.50583129514257 633.6985263900929 1078 1080 -1
1080 48.48379211282677 -150.49214714118435 633.7306819890902 1079 1081 -1
1081 48.67474488109481 -150.47747158216632 633.7618787805784 1080 1082 -1
1082 48.86573441556809 -150.4617699516703 633.792342910382 1081 1083 -1
1083 49.05671281511914 -150.44501443669154 633.8223116077078 1082 1084 -1
1084 49.247634791571535 -150.42719677385102 633.8520260519787 1083 1085 -1
1085 49.43845621851632 -150.40829489912574 633.8817164969265 1084 1086 -1
1086 49.62913065535075 -150.38827421793272 633.9116170467413 1085 1087 -1
1087 49.819611565634816 -150.36711384458394 633.9419624246443 1086 1088 -1
1088 50.009854004213445 -150.34480758926273 633.9729750380025 1087 1089 -1
1089 50.19980898364089 -150.32133731223172 634.0048773012419 1088 1090 -1
1090 50.389421989108214 -150.2966783554738 634.0378971994388 1089 1091 -1
1091 50.578657603345114 -150.27084379625256 634.0721603073273 1090 1092 -1
1092 50.767579494503885 -150.244011832625 634.1073761293258 1091 1093 -1
1093 50.956273138477826 -150.21637106255204 634.143186171834 1092 1094 -1
1094 51.144828800592904 -150.18810662342975 634.1792359985337 1093 1095 -1
1095 51.33334013625425 -150.1593976157613 634.2151662667475 1094 1096 -1
1096 51.52190356117915 -150.13043434448934 634.2506155587531 1095 1097 -1
1097 51.71061167475665 -150.1014022417449 634.2852278798116 1096 1098 -1
1098 51.899553387753905 -150.0724860652521 634.3186408511177 1097 1099 -1
1099 52.08881406889846 -150.0438766424069 634.35047375759 1098 1100 -1
1100 52.2784756213346 -150.0157785752887 634.3803109232903 1099 1101 -1
1101 52.46859595023525 -149.98838600041242 634.4077866373779 1100 1102 -1
1102 52.65922417641673 -149.96190577083192 634.4324940681144 1101 1103 -1
1103 52.8503977303802 -149.93656855103265 634.4539699972363 1102 1104 -1
1104 53.04212719531703 -149.9126123865537 634.4717467929083 1103 1105 -1
1105 53.23438399223985 -149.89025355269712 634.4854228141934 1104 1106 -1
1106 53.42711805937765 -149.86974886500516 634.4945009683605 1105 1107 -1
1107 53.62024086942262 -149.85139192511522 634.4984108705531 1106 1108 -1
1108 53.8136043495391 -149.83539476684933 634.4967886551851 1107 1109 -1
1109 54.007020563890606 -149.82197667286292 634.489174222915 1108 1110 -1
1110 54.20026351462779 -149.8109314465995 634.4756298789473 1109 1111 -1
1111 54.393142856254045 -149.80183687268988 634.4565619744428 1110 1112 -1
1112 54.585489761691434 -149.7943418797222 634.4321557786863 1111 1113 -1
1113 54.77718792832438 -149.78802501686573 634.4028068245846 1112 1114 -1
1114 54.96815346689088 -149.78248509644382 634.3688749486342 1113 1115 -1
1115 55.15829740191168 -149.77733567082322 634.3305480582175 1114 1116 -1
1116 55.347604285537614 -149.77216796537456 634.288281251103 1115 1117 -1
1117 55.53604479925852 -149.76659191881984 634.2423508859474 1116 1118 -1
1118 55.72359698059153 -149.7601997658548 634.1930156524567 1117 1119 -1
1119 55.910282723869386 -149.75262183329204 634.1406544021086 1118 1120 -1
1120 56.09609789522403 -149.74345347140377 634.0855234309311 1119 1121 -1
1121 56.28104783616095 -149.73229094564806 634.0279069976478 1120 1122 -1
1122 56.46515605973763 -149.7187847813885 633.9681372180497 1121 1123 -1
1123 56.648412113223145 -149.70250584213966 633.9064701951233 1122 1124 -1
1124 56.830812241277044 -149.68306371004851 633.843203872273 1123 1125 -1
1125 57.012352701686865 -149.6601209421409 633.7786518665365 1124 1126 -1
1126 57.19299807794161 -149.6332836278231 633.7130986249972 1125 1127 -1
1127 57.37279205769623 -149.60258810039286 633.646900237004 1126 1128 -1
1128 57.5518127834142 -149.56821033407556 633.5804155441368 1127 1129 -1
1129 57.730121556305086 -149.53019461451044 633.5139975458385 1128 1130 -1
1130 57.907810797126935 -149.48870028125435 633.4480026828383 1129 1131 -1
1131 58.08497201618744 -149.44386467572787 633.382777502862 1130 1132 -1
1132 58.26168148390507 -149.39568889107872 633.3187189646349 1131 1133 -1
1133 58.43804133214236 -149.34435214256004 633.2561708195785 1132 1134 -1
1134 58.61413703397443 -149.28991394418324 633.1955304806861 1133 1135 -1
1135 58.790052683888064 -149.23242154878983 633.1372325880131 1134 1136 -1
1136 58.96587131477704 -149.1720251774478 633.0816419678639 1135 1137 -1
1137 59.14166238858463 -149.10869922991296 633.0293225190682 1136 1138 -1
1138 59.317433558521635 -149.042655496704 632.9804062019465 1137 1139 -1
1139 59.49305935001637 -148.97394957923422 632.9347394118693 1138 1140 -1
1140 59.668422844114176 -148.90283794516077 632.8918277295803 1139 1141 -1
1141 59.843408187700376 -148.8294036856504 632.8513501441665 1140 1142 -1
1142 60.017940900433075 -148.75388440170397 632.8127986165725 1141 1143 -1
1143 60.191941696258915 -148.6764079985831 632.7757527876347 1142 1144 -1
1144 60.365355420812485 -148.5971567439261 632.7397209641146 1143 1145 -1
1145 60.53814113606963 -148.51631557694344 632.7042063008183 1144 1146 -1
1146 60.71023947819644 -148.43401922587603 632.6686956903599 1145 1147 -1
1147 60.88162858169456 -148.3504770829283 632.6326681756591 1146 1148 -1
1148 61.05227263087583 -148.26586515609446 632.5956157681317 1147 1149 -1
1149 61.222115737489176 -148.1803565688204 632.5569772453852 1148 1150 -1
1150 61.3911143003206 -148.094164761845 632.5162151319862 1149 1151 -1
1151 61.55920252172064 -148.00750471205464 632.4727733837249 1150 1152 -1
1152 61.72629058264112 -147.9206065950932 632.4260740437152 1151 1153 -1
1153 61.89225257755879 -147.83372489181954 632.3754937212699 1152 1154 -1
1154 62.056941652652185 -147.74714157500583 632.3204446005101 1153 1155 -1
1155 62.22017820045883 -147.66116008668237 632.2603628532413 1154 1156 -1
1156 62.38173585324665 -147.57611156298654 632.1946824974225 1155 1157 -1
1157 62.541345692098815 -147.49235350504773 632.1228729127507 1156 1158 -1
1158 62.698697341560575 -147.41026582523114 632.0444583415631 1157 1159 -1
1159 62.85344281259728 -147.33024463000748 631.9590363152996 1158 1160 -1
1160 63.00517348565617 -147.25271943819214 631.8662278987604 1159 1161 -1
1161 63.153522989184474 -147.1780648752434 631.7659101366862 1160 1162 -1
1162 63.2981067642991 -147.10664924837292 631.6580257729147 1161 1163 -1
1163 63.43862038785269 -147.03872871673772 631.5427558726889 1162 1164 -1
1164 63.575039041997236 -146.97418626286571 631.4208114740803 1163 1165 -1
1165 63.70755776332564 -146.9126982278617 631.2931202978167 1164 1166 -1
1166 63.83646626538401 -146.85390216721828 631.1605539158636 1165 1167 -1
1167 63.961919474264086 -146.79755602307876 631.0236756828142 1166 1168 -1
1168 64.08430456812596 -146.74327286231588 630.8832305950309 1167 1169 -1
1169 64.20379122375026 -146.69082781530724 630.7396249229461 1168 1170 -1
1170 64.3207422378636 -146.6398849838878 630.5934135701898 1169 1171 -1
1171 64.4353585305522 -146.59021630537356 630.4449314687446 1170 1172 -1
1172 64.54792528080466 -146.54155329262585 630.2945597006616 1171 1173 -1
1173 64.65870123434273 -146.49365180216046 630.1426209503633 1172 1174 -1
1174 64.76788843558994 -146.44629430837077 629.9893667981243 1173 1175 -1
1175 64.87573717690236 -146.39924933341507 629.8350718590514 1174 1176 -1
1176 64.98247427983873 -146.3523007610033 629.6799763660626 1175 1177 -1
1177 65.08830803881264 -146.3052386857499 629.5242971140055 1176 1178 -1
1178 65.19343533422533 -146.2578438559392 629.368240512836 1177 1179 -1
1179 65.29807740155609 -146.20991108826286 629.2120221852997 1178 1180 -1
1180 65.40243362677423 -146.16123008252188 629.055844092686 1179 1181 -1
1181 65.50670276382772 -146.11158070319775 628.8999129935864 1180 1182 -1
1182 65.61109019526971 -146.0607182082023 628.744452982397 1181 1183 -1
1183 65.71579651994861 -146.0084338668276 628.5896810316372 1182 1184 -1
1184 65.82101982484113 -145.95449183575997 628.4358316572012 1183 1185 -1
1185 65.92690192957478 -145.89864153119032 628.2831196856738 1184 1186 -1
1186 66.03346880611439 -145.84074966412606 628.1316497726332 1185 1187 -1
1187 66.14074032047525 -145.7806779262838 627.9815322867146 1186 1188 -1
1188 66.24875856585857 -145.7182032267116 627.8329391722425 1187 1189 -1
1189 66.35751783702695 -145.65324246668393 627.685961918272 1188 1190 -1
1190 66.46703272731621 -145.58563305978615 627.5407511942345 1189 1191 -1
1191 66.57731170114926 -145.51521410104294 627.3974672111675 1190 1192 -1
1192 66.68833084489104 -145.44192994810834 627.2562061080268 1191 1193 -1
1193 66.80009945980784 -145.36557545179488 627.1171803330903 1192 1194 -1
1194 66.91257298067093 -145.28614730033715 626.9804648698777 1193 1195 -1
1195 67.02573088338958 -145.2035239102852 626.846230691719 1194 1196 -1
1196 67.13953479294108 -145.1176430386506 626.7146130657804 1195 1197 -1
1197 67.2539287704779 -145.02852078031003 626.5856893952573 1196 1198 -1
1198 67.3688780168899 -144.9360325952045 626.4596631366123 1197 1199 -1
1199 67.48430942323527 -144.84027006877943 626.3365576033295 1198 1200 -1
1200 67.60016235488297 -144.74124975441407 626.2164615997195 1199 1201 -1
1201 67.71638112163217 -144.6389186516345 626.0995363577919 1200 1202 -1
1202 67.83288853317529 -144.53341595154956 625.985760305269 1201 1203 -1
1203 67.94961808469463 -144.42480317898853 625.8751830846732 1202 1204 -1
1204 68.0665032484869 -144.3131553076977 625.7678393115143 1203 1205 -1
1205 68.1834835959227 -144.19856583742418 625.6637471856548 1204 1206 -1
1206 68.30052922186029 -144.08147068145715 625.5625560619524 1205 1207 -1
1207 68.41763839020874 -143.96230620885447 625.4638841620009 1206 1208 -1
1208 68.53482409858083 -143.84145976310305 625.3673711258065 1207 1209 -1
1209 68.65211045002023 -143.71928157287985 625.272673058916 1208 1210 -1
1210 68.76952996738154 -143.59609205502548 625.1794610542803 1209 1211 -1
1211 68.88712154342184 -143.47218845457797 625.0874191598591 1210 1212 -1
1212 69.00492887427922 -143.34785091194212 624.9962420000119 1211 1213 -1
1213 69.12299924500506 -143.22334807258392 624.9056321935973 1212 1214 -1
1214 69.24138255317153 -143.098942366482 624.815297665849 1213 1215 -1
1215 69.36013046898047 -142.97489508879838 624.7249489211888 1214 1216 -1
1216 69.47929563717152 -142.85147141338848 624.6342963275486 1215 1217 -1
1217 69.5989308271126 -142.72894546858905 624.543047457884 1216 1218 -1
1218 69.719087932622 -142.60760560052054 624.4509045406614 1217 1219 -1
1219 69.83981671227161 -142.48775994183785 624.3575620885356 1218 1220 -1
1220 69.96116314425615 -142.36974239094292 624.2627048043706 1219 1221 -1
1221 70.08316724791406 -142.25391908381084 624.1660059081244 1220 1222 -1
1222 70.20586019806107 -142.1406954011839 624.0671260892315 1221 1223 -1
1223 70.32926053151719 -142.03052348853072 623.9657133689793 1222 1224 -1
1224 70.45337242892417 -141.9239293930003 623.8613890142205 1223 1225 -1
1225 70.5781797285999 -141.82154601391207 623.7537338572891 1224 1226 -1
1226 70.70361588924737 -141.72397525759467 623.6424082158293 1225 1227 -1
1227 70.82958110980454 -141.6319439932656 623.5270403884406 1226 1228 -1
1228 70.95592435835476 -141.54638088598378 623.4071995428151 1227 1229 -1
1229 71.08244523454991 -141.46820444026653 623.2826007804338 1228 1230 -1
1230 71.2089846555929 -141.39823629048772 623.153236719764 1229 1231 -1
1231 71.33533216972127 -141.3377988377417 623.0189807253334 1230 1232 -1
1232 71.46120178894758 -141.28770525038078 622.8801058906587 1231 1233 -1
1233 71.58616981187232 -141.24949436980822 622.736719711613 1232 1234 -1
1234 71.70972715881697 -141.22416495861242 622.5893266007128 1233 1235 -1
1235 71.83123006397516 -141.21291202470726 622.4385211616966 1234 1236 -1
1236 71.94987016583735 -141.21699468028572 622.285104512582 1235 1237 -1
1237 72.0648829529472 -141.23682043487005 622.1301700245509 1236 1238 -1
1238 72.1754037485582 -141.27288555123243 621.974892962959 1237 1239 -1
1239 72.28064179445857 -141.32513462384298 621.8205550220636 1238 1240 -1
1240 72.38006725540271 -141.39276504204707 621.6683450509424 1239 1241 -1
1241 72.4731685485078 -141.47504429632642 621.5193774279171 1240 1242 -1
1242 72.55978669363593 -141.57062362727038 621.3744888709329 1241 1243 -1
1243 72.6399578937422 -141.67805280931628 621.2342586384931 1242 1244 -1
1244 72.71381409927153 -141.79598009121526 621.0990764830827 1243 1245 -1
1245 72.78162831447331 -141.92306041487825 620.9691154121599 1244 1246 -1
1246 72.84377690738398 -142.0580201391676 620.8443613677305 1245 1247 -1
1247 72.90070158315245 -142.1996998751894 620.7246520732696 1246 1248 -1
1248 72.95255258961639 -142.3474316666575 620.6100575274171 1247 1249 -1
1249 73.0 -142.5 620.5 1248 -1 -1
