0 -89.0 -33.5 -143.0 -1 1 -1
1 -89.5 -33.0 -143.0 0 2 -1
2 -89.5 -32.5 -143.5 1 3 -1
3 -90.0 -32.0 -143.5 2 4 -1
4 -90.5 -31.5 -143.5 3 5 -1
5 -90.5 -31.0 -144.0 4 6 -1
6 -91.0 -30.5 -143.5 5 7 -1
7 -91.0 -30.0 -144.0 6 8 -1
8 -91.5 -29.5 -144.0 7 9 -1
9 -91.5 -29.0 -144.0 8 10 -1
10 -91.5 -28.5 -144.5 9 11 -1
11 -92.0 -28.0 -144.5 10 12 -1
12 -92.0 -27.5 -145.0 11 13 -1
13 -92.0 -27.0 -145.0 12 14 -1
14 -91.5 -26.5 -145.5 13 15 -1
15 -92.0 -26.0 -145.5 14 16 -1
16 -92.0 -25.5 -145.5 15 17 -1
17 -92.5 -25.0 -145.0 16 18 -1
18 -92.5 -24.5 -145.5 17 19 -1
19 -92.0 -24.0 -146.0 18 20 -1
20 -92.0 -23.5 -146.5 19 21 -1
21 -92.0 -23.0 -147.0 20 22 -1
22 -92.0 -22.5 -147.5 21 23 24
23 -92.5 -22.5 -148.0 22 25 -1
24 -93.0 -20.0 -146.0 22 26 -1
25 -92.0 -22.5 -148.5 23 27 -1
26 -93.0 -19.5 -146.0 24 28 -1
27 -92.0 -22.5 -149.0 25 29 -1
28 -93.0 -19.0 -145.5 26 30 -1
29 -92.0 -22.5 -149.5 27 31 -1
30 -93.0 -18.5 -145.5 28 32 -1
31 -92.0 -22.5 -150.0 29 33 -1
32 -93.0 -18.0 -145.5 30 34 -1
33 -92.0 -22.5 -150.5 31 35 -1
34 -93.5 -17.5 -145.5 32 36 -1
35 -92.0 -22.5 -151.0 33 37 -1
36 -93.5 -17.0 -145.5 34 38 -1
37 -92.0 -22.5 -151.5 35 39 -1
38 -93.0 -16.5 -145.0 36 40 -1
39 -92.0 -22.5 -152.0 37 41 -1
40 -93.5 -16.0 -145.5 38 42 -1
41 -92.0 -22.5 -152.5 39 43 -1
42 -93.5 -15.5 -145.0 40 44 -1
43 -92.0 -22.5 -153.0 41 45 -1
44 -93.0 -15.0 -144.5 42 46 -1
45 -91.5 -23.0 -153.5 43 47 -1
46 -92.5 -14.5 -144.0 44 48 -1
47 -91.5 -23.0 -154.0 45 49 -1
48 -92.5 -14.0 -144.0 46 50 -1
49 -91.5 -23.0 -154.5 47 51 -1
50 -93.0 -13.5 -144.0 48 52 -1
51 -91.5 -23.0 -155.0 49 53 -1
52 -92.5 -13.0 -143.5 50 54 -1
53 -91.5 -23.0 -155.5 51 55 -1
54 -92.5 -12.5 -143.5 52 56 -1
55 -91.5 -23.0 -156.0 53 57 -1
56 -93.0 -12.0 -143.5 54 58 -1
57 -91.5 -23.0 -156.5 55 59 -1
58 -93.0 -11.5 -143.5 56 60 -1
59 -91.5 -23.0 -157.0 57 61 -1
60 -92.5 -11.0 -143.0 58 62 -1
61 -91.5 -23.0 -157.5 59 63 -1
62 -92.5 -10.5 -143.0 60 64 -1
63 -91.5 -23.0 -158.0 61 65 -1
64 -92.5 -10.0 -143.0 62 66 -1
65 -91.5 -23.0 -158.5 63 67 -1
66 -92.0 -9.5 -142.5 64 68 -1
67 -91.5 -23.0 -159.0 65 69 -1
68 -92.0 -9.0 -142.5 66 70 -1
69 -91.5 -23.0 -159.5 67 71 -1
70 -91.5 -8.5 -142.5 68 72 -1
71 -91.5 -23.0 -160.0 69 73 -1
72 -91.5 -8.0 -142.5 70 74 -1
73 -91.0 -23.0 -160.5 71 75 -1
74 -91.0 -7.5 -142.0 72 76 -1
75 -91.0 -23.0 -161.0 73 77 -1
76 -91.0 -7.0 -142.0 74 78 -1
77 -91.0 -23.0 -161.5 75 79 -1
78 -90.5 -6.5 -141.5 76 80 -1
79 -90.5 -22.5 -162.0 77 81 -1
80 -90.5 -6.0 -141.0 78 82 -1
81 -90.5 -23.0 -162.5 79 83 -1
82 -90.0 -5.5 -141.0 80 84 -1
83 -90.5 -23.0 -163.0 81 85 -1
84 -90.0 -5.0 -140.5 82 86 -1
85 -90.5 -23.0 -163.5 83 87 -1
86 -89.5 -4.5 -140.5 84 88 -1
87 -90.5 -23.0 -164.0 85 89 -1
88 -89.0 -4.0 -140.0 86 90 -1
89 -90.0 -23.0 -164.5 87 91 -1
90 -88.5 -3.5 -139.5 88 92 -1
91 -90.0 -23.0 -165.0 89 93 -1
92 -88.0 -3.0 -139.0 90 94 -1
93 -90.0 -23.0 -165.5 91 95 -1
94 -87.5 -2.5 -138.5 92 96 -1
95 -89.5 -23.0 -166.0 93 97 -1
96 -87.0 -2.0 -138.0 94 98 -1
97 -89.5 -23.0 -166.5 95 99 -1
98 -86.5 -1.5 -138.0 96 100 -1
99 -89.0 -22.5 -167.0 97 101 -1
100 -86.0 -1.5 -137.5 98 102 -1
101 -89.0 -22.5 -167.5 99 103 -1
102 -85.5 -1.0 -137.0 100 104 -1
103 -89.0 -23.0 -168.0 101 105 -1
104 -85.0 -1.0 -136.5 102 106 -1
105 -89.0 -23.0 -168.5 103 107 -1
106 -84.5 -0.5 -136.0 104 108 -1
107 -88.5 -23.0 -169.0 105 109 -1
108 -84.0 0.0 -135.5 106 110 -1
109 -88.5 -23.0 -169.5 107 111 -1
110 -83.5 0.5 -135.0 108 112 -1
111 -88.5 -23.0 -170.0 109 113 -1
112 -83.0 0.5 -134.5 110 114 -1
113 -88.0 -23.0 -170.5 111 115 -1
114 -82.5 1.0 -134.0 112 116 -1
115 -88.0 -23.0 -171.0 113 117 -1
116 -82.0 1.5 -133.5 114 118 -1
117 -88.0 -23.0 -171.5 115 119 -1
118 -81.5 2.0 -133.0 116 120 -1
119 -88.0 -23.0 -172.0 117 121 -1
120 -81.0 2.5 -132.5 118 122 -1
121 -87.5 -23.0 -172.5 119 123 -1
122 -80.5 3.0 -132.0 120 124 -1
123 -87.5 -23.0 -173.0 121 125 -1
124 -80.0 3.5 -131.5 122 126 -1
125 -87.5 -23.0 -173.5 123 127 -1
126 -79.5 3.5 -131.5 124 128 -1
127 -87.5 -23.5 -174.0 125 129 -1
128 -79.0 4.0 -131.0 126 130 -1
129 -87.0 -23.0 -174.5 127 131 -1
130 -78.5 4.0 -130.5 128 132 -1
131 -87.0 -23.0 -175.0 129 133 -1
132 -78.0 4.5 -130.0 130 134 -1
133 -86.5 -23.0 -175.5 131 135 -1
134 -77.5 5.0 -129.5 132 136 -1
135 -86.5 -23.0 -176.0 133 137 -1
136 -77.0 5.5 -129.0 134 138 -1
137 -86.0 -23.0 -176.5 135 139 -1
138 -76.5 5.5 -128.5 136 140 -1
139 -86.0 -23.0 -177.0 137 141 -1
140 -76.0 6.0 -128.0 138 142 -1
141 -86.0 -23.0 -177.5 139 143 -1
142 -75.5 6.0 -127.5 140 144 -1
143 -85.5 -23.0 -178.0 141 145 -1
144 -75.0 6.5 -127.0 142 146 -1
145 -85.5 -23.0 -178.5 143 147 -1
146 -74.5 7.0 -126.5 144 148 -1
147 -85.5 -23.0 -179.0 145 149 -1
148 -74.0 7.0 -126.0 146 150 -1
149 -85.0 -23.0 -179.5 147 151 -1
150 -73.5 7.0 -125.5 148 152 -1
151 -85.0 -23.0 -180.0 149 153 -1
152 -73.0 7.5 -125.0 150 154 -1
153 -84.5 -23.0 -180.5 151 155 -1
154 -72.5 8.0 -124.5 152 156 -1
155 -84.5 -23.0 -181.0 153 157 -1
156 -72.0 8.5 -124.0 154 158 -1
157 -84.0 -23.0 -181.5 155 159 -1
158 -71.5 8.5 -123.5 156 160 -1
159 -84.0 -23.0 -182.0 157 161 -1
160 -71.0 9.0 -123.0 158 162 -1
161 -83.5 -23.0 -182.5 159 163 -1
162 -70.5 9.5 -122.5 160 164 -1
163 -83.5 -23.0 -183.0 161 165 -1
164 -70.0 9.5 -122.0 162 166 -1
165 -83.0 -23.0 -183.5 163 167 -1
166 -69.5 10.0 -121.5 164 168 -1
167 -83.0 -23.0 -184.0 165 169 -1
168 -69.0 10.0 -121.0 166 170 -1
169 -82.5 -23.0 -184.5 167 171 -1
170 -68.5 10.0 -120.5 168 172 -1
171 -82.0 -23.0 -185.0 169 173 -1
172 -68.0 10.5 -120.0 170 174 -1
173 -82.0 -23.0 -185.5 171 175 -1
174 -67.5 10.5 -119.5 172 176 -1
175 -81.5 -23.5 -186.0 173 177 -1
176 -67.0 10.5 -119.5 174 178 -1
177 -81.5 -23.5 -186.5 175 179 -1
178 -66.5 11.0 -119.5 176 180 -1
179 -81.0 -24.0 -187.0 177 181 -1
180 -66.0 11.0 -119.0 178 182 -1
181 -81.0 -23.5 -187.5 179 183 -1
182 -65.5 11.5 -119.0 180 184 -1
183 -80.5 -24.0 -188.0 181 185 -1
184 -65.0 11.5 -118.5 182 186 -1
185 -80.5 -23.5 -188.5 183 187 -1
186 -64.5 11.5 -118.5 184 188 -1
187 -80.0 -24.0 -189.0 185 189 -1
188 -64.0 11.0 -118.0 186 190 -1
189 -79.5 -24.0 -189.5 187 191 -1
190 -63.5 11.5 -118.0 188 192 -1
191 -79.5 -24.0 -190.0 189 193 -1
192 -63.0 12.0 -118.0 190 194 -1
193 -79.0 -24.0 -190.5 191 195 -1
194 -62.5 12.0 -117.5 192 196 -1
195 -78.5 -24.0 -191.0 193 197 -1
196 -62.0 12.5 -118.0 194 198 -1
197 -78.0 -24.0 -191.5 195 199 -1
198 -61.5 12.5 -117.5 196 200 -1
199 -78.0 -24.0 -192.0 197 201 -1
200 -61.0 12.0 -117.0 198 202 -1
201 -77.5 -24.0 -192.5 199 203 -1
202 -60.5 12.5 -117.0 200 204 -1
203 -77.0 -24.5 -193.0 201 205 -1
204 -60.0 12.0 -116.5 202 206 -1
205 -76.5 -24.5 -193.5 203 207 -1
206 -59.5 12.0 -116.5 204 208 -1
207 -76.0 -24.5 -194.0 205 209 -1
208 -59.0 12.5 -116.5 206 210 -1
209 -76.0 -25.0 -194.5 207 211 -1
210 -58.5 12.5 -116.5 208 212 -1
211 -75.5 -25.0 -195.0 209 213 -1
212 -58.0 12.5 -116.0 210 214 -1
213 -75.0 -25.0 -195.0 211 215 -1
214 -57.5 12.5 -116.0 212 216 -1
215 -74.5 -25.0 -195.5 213 217 -1
216 -57.0 12.5 -116.0 214 218 -1
217 -74.5 -25.5 -196.0 215 219 -1
218 -56.5 12.5 -116.0 216 220 -1
219 -74.0 -25.5 -196.5 217 221 -1
220 -56.0 12.5 -116.0 218 222 -1
221 -73.5 -25.5 -197.0 219 223 -1
222 -55.5 12.5 -116.0 220 224 -1
223 -73.5 -26.0 -197.5 221 225 -1
224 -55.0 12.5 -115.5 222 226 -1
225 -73.0 -25.5 -198.0 223 227 -1
226 -54.5 12.0 -116.0 224 228 -1
227 -73.0 -26.0 -198.5 225 229 -1
228 -54.0 12.0 -115.5 226 230 -1
229 -72.5 -26.0 -199.0 227 231 -1
230 -53.5 12.0 -115.0 228 232 -1
231 -72.0 -26.0 -199.5 229 233 -1
232 -53.0 11.5 -115.0 230 234 -1
233 -71.5 -26.0 -200.0 231 235 -1
234 -52.5 11.5 -115.0 232 236 -1
235 -71.5 -26.0 -200.5 233 237 -1
236 -52.0 11.0 -115.0 234 238 -1
237 -71.0 -26.0 -201.0 235 239 -1
238 -51.5 11.0 -115.0 236 240 -1
239 -71.0 -26.5 -201.5 237 241 -1
240 -51.0 10.5 -114.5 238 242 -1
241 -70.5 -26.5 -202.0 239 243 -1
242 -50.5 10.5 -114.0 240 244 -1
243 -70.0 -26.0 -202.5 241 245 -1
244 -50.0 10.0 -114.0 242 246 -1
245 -70.0 -26.5 -203.0 243 247 -1
246 -49.5 9.5 -114.0 244 248 -1
247 -69.5 -26.5 -203.5 245 249 -1
248 -49.0 9.5 -113.5 246 250 -1
249 -69.5 -27.0 -204.0 247 251 -1
250 -49.0 9.5 -113.0 248 252 -1
251 -69.0 -27.0 -204.5 249 253 -1
252 -48.5 9.5 -112.5 250 254 -1
253 -69.0 -27.5 -205.0 251 255 -1
254 -48.0 9.0 -112.0 252 256 -1
255 -69.0 -27.5 -205.5 253 257 -1
256 -47.5 8.5 -111.5 254 258 -1
257 -68.5 -27.5 -206.0 255 259 -1
258 -47.0 8.0 -111.5 256 260 -1
259 -68.5 -28.0 -206.5 257 261 -1
260 -46.5 7.5 -111.0 258 -1 -1
261 -68.0 -28.0 -207.0 259 262 -1
262 -67.5 -28.0 -207.5 261 263 -1
263 -67.0 -27.5 -208.0 262 264 -1
264 -67.0 -28.0 -208.5 263 265 -1
265 -66.5 -28.0 -209.0 264 266 -1
266 -66.5 -28.5 -209.5 265 267 -1
267 -66.5 -29.0 -210.0 266 268 -1
268 -66.0 -29.0 -210.5 267 269 -1
269 -65.5 -29.0 -211.0 268 270 -1
270 -65.5 -29.5 -211.5 269 271 -1
271 -65.0 -29.5 -212.0 270 272 -1
272 -64.5 -29.5 -212.5 271 273 -1
273 -64.5 -30.0 -213.0 272 274 -1
274 -64.0 -30.0 -213.5 273 275 -1
275 -64.0 -30.5 -214.0 274 276 -1
276 -63.5 -30.5 -214.5 275 277 -1
277 -63.5 -31.0 -215.0 276 278 -1
278 -63.0 -31.5 -215.5 277 279 -1
279 -62.5 -32.0 -216.0 278 280 -1
280 -62.5 -32.0 -216.5 279 281 -1
281 -62.0 -32.5 -217.0 280 282 -1
282 -61.5 -33.0 -217.5 281 283 -1
283 -61.5 -33.5 -218.0 282 284 -1
284 -61.0 -34.0 -218.5 283 285 -1
285 -61.0 -34.0 -219.0 284 286 -1
286 -60.5 -34.5 -219.5 285 287 -1
287 -60.0 -35.0 -220.0 286 288 -1
288 -59.5 -35.5 -220.5 287 289 -1
289 -59.0 -36.0 -221.0 288 290 291
290 -58.5 -36.5 -221.0 289 292 -1
291 -58.5 -37.0 -222.0 289 293 -1
292 -58.0 -36.5 -220.5 290 294 -1
293 -59.0 -37.5 -222.5 291 295 -1
294 -57.5 -36.5 -221.0 292 296 -1
295 -59.5 -37.0 -223.0 293 297 -1
296 -57.0 -36.5 -221.0 294 298 -1
297 -60.0 -37.5 -223.5 295 299 -1
298 -56.5 -36.0 -221.0 296 300 -1
299 -60.5 -37.5 -224.0 297 301 -1
300 -56.0 -36.0 -221.0 298 302 -1
301 -61.0 -38.0 -224.5 299 303 -1
302 -55.5 -35.5 -221.0 300 304 -1
303 -61.5 -38.5 -225.0 301 305 -1
304 -55.0 -35.0 -221.0 302 306 -1
305 -61.5 -38.5 -225.5 303 307 -1
306 -54.5 -34.5 -221.0 304 308 -1
307 -62.0 -39.0 -226.0 305 309 -1
308 -54.0 -34.5 -221.0 306 310 -1
309 -62.0 -39.0 -226.5 307 311 -1
310 -53.5 -34.0 -221.5 308 312 -1
311 -62.0 -39.0 -227.0 309 313 -1
312 -53.0 -34.0 -221.5 310 314 -1
313 -62.0 -39.0 -227.5 311 315 -1
314 -52.5 -33.5 -221.5 312 316 -1
315 -62.0 -39.0 -228.0 313 317 -1
316 -52.0 -33.5 -221.5 314 318 -1
317 -62.0 -39.0 -228.5 315 319 -1
318 -51.5 -33.5 -221.5 316 320 -1
319 -62.5 -39.5 -229.0 317 321 -1
320 -51.0 -33.5 -222.0 318 322 -1
321 -63.0 -40.0 -229.5 319 323 -1
322 -50.5 -33.5 -222.0 320 324 -1
323 -63.0 -40.0 -230.0 321 325 -1
324 -50.0 -33.0 -222.5 322 326 -1
325 -63.5 -40.5 -230.5 323 327 -1
326 -49.5 -33.0 -222.5 324 328 -1
327 -63.5 -40.5 -231.0 325 329 -1
328 -49.0 -33.0 -222.5 326 330 -1
329 -63.5 -40.5 -231.5 327 331 -1
330 -48.5 -32.5 -223.0 328 332 -1
331 -63.5 -40.5 -232.0 329 333 -1
332 -48.0 -32.5 -223.0 330 334 -1
333 -63.5 -40.5 -232.5 331 335 -1
334 -47.5 -32.5 -222.5 332 336 -1
335 -64.0 -40.5 -233.0 333 337 -1
336 -47.0 -32.5 -222.5 334 338 -1
337 -64.0 -41.0 -233.5 335 339 -1
338 -46.5 -32.5 -222.5 336 340 -1
339 -64.0 -41.0 -234.0 337 341 -1
340 -46.0 -32.0 -222.5 338 342 -1
341 -64.5 -41.0 -234.5 339 343 -1
342 -45.5 -32.0 -222.5 340 344 -1
343 -64.0 -41.5 -235.0 341 345 -1
344 -45.0 -32.0 -222.5 342 346 -1
345 -64.5 -41.0 -235.5 343 347 -1
346 -44.5 -32.0 -223.0 344 348 -1
347 -64.5 -41.0 -236.0 345 349 -1
348 -44.0 -32.0 -223.0 346 350 -1
349 -64.5 -41.5 -236.5 347 351 -1
350 -43.5 -32.0 -223.0 348 352 -1
351 -64.0 -42.0 -237.0 349 353 -1
352 -43.0 -32.0 -223.0 350 354 -1
353 -64.5 -42.0 -237.5 351 355 -1
354 -42.5 -32.0 -223.0 352 356 -1
355 -64.5 -42.0 -238.0 353 357 -1
356 -42.0 -32.0 -223.5 354 358 -1
357 -65.0 -42.0 -238.5 355 359 -1
358 -41.5 -32.0 -223.0 356 360 -1
359 -64.5 -42.5 -239.0 357 -1 -1
360 -41.0 -32.0 -223.0 358 361 -1
361 -40.5 -32.0 -223.0 360 362 -1
362 -40.0 -32.0 -223.0 361 363 -1
363 -39.5 -32.0 -223.0 362 364 -1
364 -39.0 -32.5 -223.5 363 365 -1
365 -38.5 -32.5 -223.5 364 366 -1
366 -38.0 -32.5 -223.5 365 367 -1
367 -37.5 -33.0 -223.5 366 368 -1
368 -37.0 -33.0 -223.5 367 369 -1
369 -36.5 -33.0 -223.5 368 370 -1
370 -36.0 -33.0 -223.5 369 371 -1
371 -35.5 -33.0 -223.0 370 372 -1
372 -35.0 -33.0 -222.5 371 373 -1
373 -34.5 -33.0 -222.0 372 374 -1
374 -34.0 -33.0 -222.0 373 375 376
375 -33.5 -33.5 -222.0 374 377 -1
376 -33.5 -33.5 -223.0 374 378 -1
377 -33.0 -33.5 -221.5 375 379 -1
378 -33.5 -34.0 -223.5 376 380 -1
379 -32.5 -33.5 -221.0 377 381 -1
380 -33.0 -34.0 -224.0 378 382 -1
381 -32.0 -34.0 -220.5 379 383 -1
382 -33.0 -34.5 -224.5 380 384 -1
383 -31.5 -34.0 -220.0 381 385 -1
384 -33.0 -34.5 -225.0 382 386 -1
385 -31.0 -34.0 -219.5 383 387 -1
386 -33.0 -35.0 -225.5 384 388 -1
387 -30.5 -34.0 -219.0 385 389 -1
388 -32.5 -35.5 -226.0 386 390 -1
389 -30.0 -34.5 -219.0 387 391 -1
390 -32.0 -36.0 -226.5 388 392 -1
391 -29.5 -35.0 -219.0 389 393 -1
392 -32.0 -36.5 -227.0 390 394 -1
393 -29.0 -35.0 -218.5 391 395 -1
394 -32.0 -37.0 -227.0 392 396 -1
395 -28.5 -35.5 -218.5 393 397 -1
396 -32.0 -37.5 -227.5 394 398 -1
397 -28.0 -35.0 -218.0 395 399 -1
398 -32.0 -38.0 -227.5 396 -1 -1
399 -27.5 -35.0 -217.5 397 400 -1
400 -27.0 -35.5 -217.0 399 401 402
401 -27.5 -35.5 -216.5 400 403 -1
402 -26.5 -35.5 -217.0 400 404 -1
403 -28.0 -35.5 -216.0 401 405 -1
404 -26.0 -36.0 -216.5 402 406 -1
405 -28.5 -35.5 -215.5 403 407 -1
406 -25.5 -36.0 -216.5 404 408 -1
407 -29.0 -35.5 -215.0 405 409 -1
408 -25.0 -36.0 -216.5 406 410 -1
409 -29.5 -36.0 -214.5 407 411 -1
410 -24.5 -36.0 -216.0 408 412 -1
411 -30.0 -36.0 -214.0 409 413 -1
412 -24.0 -36.5 -215.5 410 414 -1
413 -30.5 -36.5 -213.5 411 415 -1
414 -23.5 -36.5 -215.5 412 416 -1
415 -31.0 -36.5 -213.0 413 417 -1
416 -23.0 -36.5 -215.0 414 418 -1
417 -31.5 -37.0 -212.5 415 419 -1
418 -22.5 -37.0 -214.5 416 420 -1
419 -32.0 -37.0 -212.0 417 -1 -1
420 -22.0 -37.0 -214.5 418 421 -1
421 -21.5 -37.0 -214.0 420 422 -1
422 -21.0 -37.0 -213.5 421 423 -1
423 -20.5 -37.5 -213.0 422 424 -1
424 -20.0 -37.5 -212.5 423 425 -1
425 -19.5 -37.5 -212.0 424 426 -1
426 -19.0 -37.5 -211.5 425 427 -1
427 -19.0 -37.5 -211.0 426 428 -1
428 -18.5 -37.0 -210.5 427 429 -1
429 -18.0 -36.5 -210.0 428 430 -1
430 -17.5 -36.0 -209.5 429 431 -1
431 -17.0 -35.5 -209.0 430 432 -1
432 -17.0 -35.0 -208.5 431 433 -1
433 -16.5 -34.5 -208.0 432 434 -1
434 -16.0 -34.0 -207.5 433 435 -1
435 -16.0 -33.5 -207.0 434 436 -1
436 -15.5 -33.0 -206.5 435 437 -1
437 -15.0 -32.5 -206.5 436 438 -1
438 -14.5 -32.0 -206.0 437 439 -1
439 -14.5 -31.5 -205.5 438 440 -1
440 -14.0 -31.0 -205.0 439 441 -1
441 -14.0 -30.5 -205.0 440 442 -1
442 -14.0 -30.0 -204.5 441 443 -1
443 -13.5 -29.5 -204.5 442 444 -1
444 -13.5 -29.0 -204.5 443 445 -1
445 -13.5 -28.5 -204.0 444 446 -1
446 -13.0 -28.0 -203.5 445 447 -1
447 -13.0 -27.5 -203.5 446 448 -1
448 -13.0 -27.0 -203.5 447 449 -1
449 -12.5 -26.5 -204.0 448 450 -1
450 -12.5 -26.0 -203.5 449 451 -1
451 -12.5 -25.5 -203.5 450 452 -1
452 -12.5 -25.0 -203.5 451 453 -1
453 -12.5 -24.5 -203.5 452 454 -1
454 -12.5 -24.0 -203.5 453 455 -1
455 -12.5 -23.5 -204.0 454 456 -1
456 -12.5 -23.0 -204.0 455 457 -1
457 -12.5 -22.5 -204.0 456 458 -1
458 -12.5 -22.0 -204.0 457 459 -1
459 -13.0 -21.5 -204.0 458 460 -1
460 -12.5 -21.0 -204.5 459 461 -1
461 -12.5 -20.5 -204.5 460 462 -1
462 -12.5 -20.0 -205.0 461 463 -1
463 -12.0 -19.5 -205.5 462 464 -1
464 -12.0 -19.0 -205.5 463 465 -1
465 -12.0 -18.5 -205.5 464 466 -1
466 -11.5 -18.0 -205.5 465 467 -1
467 -11.5 -17.5 -205.5 466 468 -1
468 -11.5 -17.0 -205.5 467 469 -1
469 -11.5 -16.5 -205.5 468 470 -1
470 -11.5 -16.0 -205.5 469 471 -1
471 -11.5 -15.5 -206.0 470 472 -1
472 -11.0 -15.0 -206.5 471 473 -1
473 -11.0 -14.5 -206.5 472 474 -1
474 -10.5 -14.0 -207.0 473 475 -1
475 -10.5 -13.5 -207.0 474 476 -1
476 -11.0 -13.0 -207.5 475 477 478
477 -11.5 -12.5 -208.0 476 479 -1
478 -10.5 -12.5 -207.0 476 480 -1
479 -11.5 -12.0 -208.5 477 481 -1
480 -10.0 -12.0 -206.5 478 482 -1
481 -12.0 -11.5 -209.0 479 483 -1
482 -10.0 -11.5 -206.5 480 484 -1
483 -12.0 -11.0 -209.5 481 485 -1
484 -9.5 -11.0 -206.0 482 486 -1
485 -12.0 -10.5 -210.0 483 487 -1
486 -9.5 -10.5 -206.0 484 488 -1
487 -12.0 -10.5 -210.5 485 489 -1
488 -9.0 -10.0 -205.5 486 490 -1
489 -12.0 -10.5 -211.0 487 491 -1
490 -9.0 -9.5 -205.0 488 492 -1
491 -11.5 -10.5 -211.5 489 493 -1
492 -8.5 -9.0 -204.5 490 494 -1
493 -11.5 -10.0 -212.0 491 495 -1
494 -8.0 -8.5 -204.0 492 496 -1
495 -11.5 -10.0 -212.5 493 497 -1
496 -7.5 -8.0 -203.5 494 498 -1
497 -11.5 -10.0 -213.0 495 499 -1
498 -7.0 -7.5 -203.0 496 500 -1
499 -11.5 -9.5 -213.5 497 501 -1
500 -6.5 -7.0 -202.5 498 502 -1
501 -11.5 -9.5 -214.0 499 503 -1
502 -6.5 -6.5 -202.0 500 504 -1
503 -11.0 -9.5 -214.5 501 505 -1
504 -6.5 -6.5 -201.5 502 506 -1
505 -11.5 -9.0 -215.0 503 507 -1
506 -6.5 -6.0 -201.0 504 508 -1
507 -11.5 -8.5 -215.5 505 509 -1
508 -6.5 -5.5 -200.5 506 510 -1
509 -11.5 -8.0 -216.0 507 511 -1
510 -6.5 -5.0 -200.0 508 512 -1
511 -11.5 -7.5 -216.5 509 513 -1
512 -7.0 -4.5 -199.5 510 514 -1
513 -11.5 -7.0 -217.0 511 515 -1
514 -7.0 -4.0 -199.0 512 516 -1
515 -11.5 -6.5 -217.5 513 517 -1
516 -7.5 -3.5 -198.5 514 518 -1
517 -11.0 -6.0 -218.0 515 519 -1
518 -8.0 -3.5 -198.0 516 520 -1
519 -11.0 -5.5 -218.0 517 521 -1
520 -8.0 -3.0 -197.5 518 522 -1
521 -10.5 -5.0 -218.5 519 523 -1
522 -8.0 -2.5 -197.5 520 524 -1
523 -10.0 -5.0 -219.0 521 525 -1
524 -8.0 -2.0 -197.0 522 526 -1
525 -9.5 -4.5 -219.5 523 527 -1
526 -8.5 -2.0 -196.5 524 528 -1
527 -9.0 -4.0 -220.0 525 529 -1
528 -9.0 -1.5 -196.0 526 530 -1
529 -8.5 -3.5 -220.5 527 531 -1
530 -9.0 -1.5 -195.5 528 532 -1
531 -8.0 -3.0 -221.0 529 533 -1
532 -9.5 -1.0 -195.0 530 534 -1
533 -7.5 -2.5 -221.5 531 535 -1
534 -9.5 -0.5 -195.0 532 536 -1
535 -7.0 -2.5 -221.5 533 537 -1
536 -9.5 0.0 -194.5 534 538 -1
537 -6.5 -2.0 -222.0 535 539 -1
538 -10.0 0.5 -194.0 536 540 -1
539 -6.0 -1.5 -222.0 537 541 -1
540 -10.0 1.0 -193.5 538 542 -1
541 -5.5 -1.0 -222.5 539 543 -1
542 -10.5 1.5 -193.0 540 544 -1
543 -5.0 -0.5 -222.5 541 545 -1
544 -10.5 2.0 -192.5 542 546 -1
545 -4.5 0.0 -222.5 543 547 -1
546 -10.0 2.5 -192.5 544 548 -1
547 -4.0 0.5 -222.5 545 549 -1
548 -10.0 3.0 -192.0 546 550 -1
549 -3.5 1.0 -223.0 547 551 -1
550 -10.0 3.5 -192.0 548 552 -1
551 -3.0 1.0 -223.0 549 553 -1
552 -10.0 4.0 -191.5 550 554 -1
553 -2.5 1.5 -223.0 551 555 -1
554 -9.5 4.5 -191.5 552 556 -1
555 -2.0 1.5 -223.0 553 557 -1
556 -9.5 5.0 -191.5 554 558 -1
557 -1.5 2.0 -223.0 555 559 -1
558 -9.0 5.5 -191.5 556 560 -1
559 -1.0 2.5 -223.0 557 561 -1
560 -9.0 6.0 -191.0 558 562 -1
561 -0.5 3.0 -223.0 559 563 -1
562 -9.0 6.5 -191.0 560 564 -1
563 0.0 3.5 -223.0 561 565 -1
564 -8.5 7.0 -190.5 562 566 -1
565 0.5 4.0 -223.0 563 567 -1
566 -8.0 7.5 -190.5 564 568 -1
567 1.0 4.5 -223.0 565 569 -1
568 -7.5 8.0 -190.0 566 570 -1
569 1.5 5.0 -223.0 567 571 572
570 -7.0 8.5 -190.5 568 577 -1
571 1.0 5.5 -222.5 569 578 -1
572 4.0 5.5 -222.5 569 579 -1
573 11.5 10.5 -219.5 569 580 -1
574 10.5 11.5 -220.0 569 581 -1
575 7.5 10.0 -221.5 569 582 -1
576 8.0 8.0 -222.0 569 583 -1
577 -6.5 9.0 -190.5 570 584 -1
578 1.0 6.0 -222.5 571 585 -1
579 4.5 5.0 -222.5 572 586 -1
580 12.0 10.5 -219.5 573 587 -1
581 10.5 12.0 -219.5 574 588 -1
582 7.5 10.5 -221.5 575 589 -1
583 8.0 7.5 -222.0 576 590 -1
584 -6.5 9.5 -190.5 577 591 -1
585 0.5 6.5 -222.5 578 592 -1
586 5.0 4.5 -222.5 579 593 -1
587 12.5 11.0 -219.0 580 594 -1
588 10.5 12.5 -219.5 581 595 -1
589 7.0 11.0 -221.5 582 596 -1
590 8.0 7.0 -221.5 583 597 -1
591 -6.0 10.0 -190.5 584 598 -1
592 0.0 7.0 -222.5 585 599 -1
593 5.5 4.0 -222.0 586 600 -1
594 13.0 11.0 -218.5 587 601 -1
595 10.5 13.0 -219.5 588 602 -1
596 7.0 11.5 -221.5 589 603 -1
597 8.0 6.5 -221.5 590 604 -1
598 -5.5 10.5 -190.5 591 605 -1
599 -0.5 7.5 -222.0 592 -1 -1
600 6.0 3.5 -222.0 593 606 -1
601 13.5 11.0 -218.0 594 607 -1
602 10.5 13.5 -219.0 595 608 -1
603 7.5 12.0 -221.5 596 609 -1
604 8.0 6.0 -221.5 597 610 -1
605 -5.0 11.0 -190.5 598 611 -1
606 6.5 3.0 -221.5 600 612 -1
607 14.0 11.0 -217.5 601 613 -1
608 10.5 14.0 -219.0 602 614 -1
609 7.5 12.5 -221.0 603 615 -1
610 8.0 5.5 -221.5 604 616 -1
611 -5.0 11.5 -190.5 605 617 -1
612 7.0 2.5 -221.0 606 618 -1
613 14.5 11.5 -217.0 607 619 -1
614 10.0 14.5 -218.5 608 620 -1
615 8.0 13.0 -220.5 609 621 -1
616 8.0 5.0 -221.5 610 -1 -1
617 -4.5 12.0 -190.5 611 622 -1
618 7.5 2.0 -220.5 612 -1 -1
619 15.0 11.5 -216.5 613 623 -1
620 9.5 15.0 -218.5 614 -1 -1
621 8.0 13.5 -220.0 615 624 -1
622 -4.0 12.5 -190.5 617 625 -1
623 15.5 11.5 -216.0 619 626 -1
624 8.0 14.0 -220.0 621 627 -1
625 -3.5 13.0 -190.5 622 628 -1
626 15.5 12.0 -215.5 623 629 -1
627 8.0 14.5 -219.5 624 630 -1
628 -3.0 13.5 -190.5 625 631 -1
629 16.0 12.0 -215.0 626 632 -1
630 8.0 15.0 -219.0 627 -1 -1
631 -3.0 14.0 -190.5 628 633 -1
632 16.0 12.5 -214.5 629 634 -1
633 -3.0 14.5 -190.5 631 635 -1
634 16.5 12.0 -214.0 632 636 -1
635 -3.0 15.0 -190.0 633 637 -1
636 16.5 12.5 -213.5 634 638 -1
637 -2.5 15.5 -190.5 635 639 -1
638 17.0 12.5 -213.0 636 640 -1
639 -2.5 16.0 -190.0 637 641 -1
640 17.0 13.0 -212.5 638 642 -1
641 -2.5 16.5 -190.0 639 643 -1
642 17.0 13.0 -212.0 640 644 -1
643 -2.0 17.0 -190.0 641 645 -1
644 17.5 13.0 -211.5 642 646 -1
645 -2.0 17.5 -190.0 643 647 -1
646 17.0 13.5 -211.0 644 648 -1
647 -2.0 18.0 -189.5 645 649 -1
648 17.5 13.0 -210.5 646 650 -1
649 -2.0 18.5 -189.5 647 651 -1
650 17.5 13.5 -210.0 648 652 -1
651 -2.0 19.0 -189.0 649 653 -1
652 17.5 13.5 -209.5 650 654 -1
653 -1.5 19.5 -189.0 651 655 -1
654 17.5 13.5 -209.0 652 656 -1
655 -2.0 20.0 -188.5 653 657 -1
656 17.5 13.5 -208.5 654 658 -1
657 -2.0 20.5 -188.0 655 659 -1
658 17.5 14.0 -208.0 656 660 -1
659 -2.0 21.0 -187.5 657 -1 -1
660 17.5 14.0 -207.5 658 661 -1
661 17.5 14.0 -207.0 660 662 -1
662 17.5 14.0 -206.5 661 663 -1
663 17.5 14.0 -206.0 662 664 -1
664 17.5 14.0 -205.5 663 665 -1
665 17.5 14.0 -205.0 664 666 -1
666 17.5 14.0 -204.5 665 667 -1
667 18.0 13.5 -204.0 666 668 -1
668 18.0 13.5 -203.5 667 669 -1
669 18.5 13.0 -203.0 668 670 -1
670 19.0 12.5 -202.5 669 671 -1
671 19.0 12.0 -202.0 670 672 -1
672 19.5 11.5 -201.5 671 673 -1
673 19.5 11.5 -201.0 672 674 -1
674 20.0 11.0 -200.5 673 675 -1
675 20.5 10.5 -200.0 674 676 -1
676 21.0 10.0 -199.5 675 677 -1
677 20.5 10.0 -199.0 676 678 -1
678 20.5 9.5 -198.5 677 679 -1
679 20.5 9.5 -198.0 678 680 -1
680 20.5 9.5 -197.5 679 681 -1
681 21.0 9.0 -197.0 680 682 -1
682 21.0 8.5 -196.5 681 683 -1
683 21.5 8.0 -196.0 682 684 -1
684 21.5 7.5 -195.5 683 685 -1
685 21.5 7.0 -195.0 684 686 -1
686 22.0 6.5 -194.5 685 -1 -1
