0 33.5 -154.5 244.5 -1 1 -1
1 33.0 -154.0 244.5 0 2 -1
2 32.5 -153.5 244.5 1 3 -1
3 32.0 -153.0 245.0 2 4 -1
4 32.0 -152.5 245.5 3 5 -1
5 31.5 -152.0 245.5 4 6 -1
6 31.5 -151.5 246.0 5 7 -1
7 31.0 -151.0 246.0 6 8 -1
8 31.0 -150.5 246.5 7 9 -1
9 30.5 -150.0 246.5 8 10 -1
10 30.0 -149.5 246.0 9 11 -1
11 30.0 -149.0 246.5 10 12 -1
12 29.5 -148.5 246.0 11 13 -1
13 29.5 -148.0 246.0 12 14 -1
14 29.0 -147.5 246.0 13 15 -1
15 29.0 -147.0 245.5 14 16 -1
16 28.5 -146.5 245.5 15 17 -1
17 28.0 -146.0 246.0 16 18 -1
18 28.0 -145.5 245.5 17 19 -1
19 27.5 -145.0 245.0 18 20 -1
20 27.0 -144.5 245.0 19 21 -1
21 26.5 -144.0 244.5 20 22 -1
22 26.5 -143.5 244.0 21 23 -1
23 26.0 -143.0 243.5 22 24 -1
24 25.5 -143.0 243.5 23 25 -1
25 25.0 -143.0 243.0 24 26 -1
26 24.5 -142.5 243.0 25 27 -1
27 24.0 -142.0 242.5 26 28 -1
28 23.5 -141.5 242.0 27 29 -1
29 23.0 -141.5 241.5 28 30 -1
30 22.5 -141.0 241.5 29 31 -1
31 22.0 -141.0 241.0 30 32 -1
32 21.5 -141.0 240.5 31 33 -1
33 21.0 -140.5 240.0 32 34 -1
34 21.0 -140.5 239.5 33 35 -1
35 21.0 -140.0 239.0 34 36 -1
36 20.5 -140.0 238.5 35 37 -1
37 20.0 -140.0 238.0 36 38 -1
38 20.0 -140.0 237.5 37 39 -1
39 19.5 -140.0 237.0 38 40 -1
40 19.5 -140.0 236.5 39 41 -1
41 19.0 -140.0 236.0 40 42 -1
42 18.5 -140.5 236.0 41 43 -1
43 18.0 -141.0 235.5 42 44 -1
44 17.5 -141.0 235.0 43 45 -1
45 17.0 -141.5 234.5 44 46 -1
46 16.5 -141.5 234.0 45 47 -1
47 16.5 -141.5 233.5 46 48 -1
48 16.5 -141.5 233.0 47 49 -1
49 16.0 -141.5 232.5 48 50 -1
50 15.5 -142.0 232.5 49 51 -1
51 15.0 -142.5 232.0 50 52 -1
52 14.5 -143.0 231.5 51 53 -1
53 14.0 -142.5 232.0 52 54 -1
54 13.5 -143.0 231.5 53 55 -1
55 13.0 -143.5 231.0 54 56 -1
56 12.5 -143.5 231.5 55 57 -1
57 12.0 -144.0 231.0 56 58 -1
58 11.5 -144.5 230.5 57 59 -1
59 11.0 -144.5 230.5 58 60 -1
60 10.5 -145.0 230.0 59 61 -1
61 10.0 -145.0 230.5 60 62 -1
62 9.5 -145.0 230.5 61 63 -1
63 9.0 -145.5 230.0 62 64 -1
64 8.5 -145.5 230.5 63 65 -1
65 8.0 -146.0 230.0 64 66 -1
66 7.5 -146.0 230.0 65 67 -1
67 7.0 -146.0 230.0 66 68 -1
68 6.5 -146.0 230.0 67 69 -1
69 6.0 -146.5 229.5 68 70 -1
70 5.5 -147.0 229.5 69 71 -1
71 5.0 -147.5 229.5 70 72 -1
72 4.5 -147.5 229.5 71 73 -1
73 4.0 -148.0 229.5 72 74 -1
74 3.5 -148.5 229.0 73 75 -1
75 3.0 -149.0 228.5 74 76 -1
76 3.0 -149.5 228.5 75 77 -1
77 2.5 -150.0 228.0 76 78 -1
78 2.0 -150.5 228.0 77 79 -1
79 1.5 -151.0 228.0 78 80 -1
80 1.5 -151.5 228.0 79 81 -1
81 1.0 -152.0 228.0 80 82 -1
82 1.0 -152.5 228.0 81 83 -1
83 0.5 -153.0 228.0 82 84 -1
84 0.5 -153.5 228.0 83 85 -1
85 0.0 -154.0 228.0 84 86 -1
86 -0.5 -154.5 228.5 85 87 -1
87 -1.0 -155.0 228.5 86 88 -1
88 -1.0 -155.5 228.5 87 89 -1
89 -1.0 -156.0 228.0 88 90 -1
90 -1.5 -156.5 228.5 89 91 -1
91 -1.5 -157.0 228.0 90 92 -1
92 -2.0 -157.5 228.5 91 93 -1
93 -2.0 -158.0 228.0 92 94 -1
94 -2.5 -158.5 228.5 93 95 -1
95 -2.5 -159.0 228.0 94 96 -1
96 -3.0 -159.5 228.5 95 97 -1
97 -3.0 -160.0 228.5 96 98 -1
98 -3.5 -160.5 228.5 97 99 -1
99 -3.5 -161.0 228.0 98 100 -1
100 -3.5 -161.5 227.5 99 101 -1
101 -3.5 -162.0 227.0 100 102 -1
102 -3.5 -162.5 227.0 101 103 -1
103 -4.0 -163.0 227.0 102 104 -1
104 -4.5 -163.5 227.5 103 105 -1
105 -5.0 -164.0 227.0 104 106 -1
106 -5.0 -164.5 226.5 105 107 -1
107 -5.0 -165.0 226.5 106 108 -1
108 -5.5 -165.5 226.0 107 109 -1
109 -5.5 -166.0 225.5 108 110 -1
110 -6.0 -166.5 225.0 109 111 -1
111 -6.0 -167.0 224.5 110 112 -1
112 -6.5 -167.5 224.5 111 113 -1
113 -7.0 -168.0 224.0 112 114 -1
114 -7.0 -168.5 223.5 113 115 -1
115 -7.0 -169.0 223.0 114 116 -1
116 -7.5 -169.5 222.5 115 117 -1
117 -8.0 -170.0 222.5 116 118 -1
118 -8.0 -170.5 222.5 117 119 -1
119 -8.5 -171.0 222.5 118 120 -1
120 -9.0 -171.0 222.0 119 121 -1
121 -9.5 -171.5 222.0 120 122 -1
122 -10.0 -172.0 222.0 121 123 -1
123 -10.0 -172.5 222.5 122 124 -1
124 -10.5 -173.0 222.5 123 125 -1
125 -11.0 -173.0 222.5 124 126 -1
126 -11.5 -173.0 222.0 125 127 -1
127 -12.0 -173.5 222.0 126 128 -1
128 -12.5 -173.5 222.0 127 129 -1
129 -13.0 -174.0 222.0 128 130 -1
130 -13.5 -174.0 222.5 129 131 -1
131 -14.0 -173.5 222.5 130 132 -1
132 -14.5 -173.5 222.5 131 133 -1
133 -15.0 -173.5 222.5 132 134 -1
134 -15.5 -173.5 222.5 133 135 -1
135 -16.0 -173.5 222.5 134 136 -1
136 -16.5 -173.5 222.0 135 137 -1
137 -17.0 -173.5 222.5 136 138 -1
138 -17.5 -173.0 222.5 137 139 -1
139 -18.0 -173.0 223.0 138 140 -1
140 -18.5 -173.0 223.0 139 141 -1
141 -19.0 -173.0 223.0 140 142 -1
142 -19.5 -173.0 222.5 141 143 -1
143 -20.0 -173.0 223.0 142 144 -1
144 -20.5 -173.0 223.0 143 145 -1
145 -21.0 -172.5 223.5 144 146 -1
146 -21.5 -172.5 223.5 145 147 -1
147 -22.0 -172.5 223.5 146 148 -1
148 -22.5 -172.5 223.5 147 149 -1
149 -23.0 -172.5 223.5 148 150 -1
150 -23.5 -172.5 223.5 149 151 -1
151 -24.0 -172.5 223.5 150 152 -1
152 -24.5 -172.5 224.0 151 153 -1
153 -25.0 -172.0 224.0 152 154 -1
154 -25.5 -172.0 224.0 153 155 -1
155 -26.0 -172.0 224.0 154 156 -1
156 -26.5 -172.0 224.5 155 157 -1
157 -27.0 -172.0 224.5 156 158 -1
158 -27.5 -172.0 224.5 157 159 -1
159 -28.0 -172.0 224.5 158 160 -1
160 -28.5 -171.5 225.0 159 161 -1
161 -29.0 -171.5 225.0 160 162 -1
162 -29.5 -171.0 225.0 161 163 -1
163 -30.0 -171.0 225.5 162 164 -1
164 -30.5 -171.0 225.0 163 165 -1
165 -31.0 -170.5 225.5 164 166 -1
166 -31.5 -170.5 225.5 165 167 -1
167 -32.0 -170.5 225.5 166 168 -1
168 -32.5 -170.0 226.0 167 169 -1
169 -33.0 -170.0 226.0 168 170 -1
170 -33.5 -169.5 226.5 169 171 -1
171 -34.0 -169.5 227.0 170 172 -1
172 -34.5 -169.0 227.0 171 173 -1
173 -35.0 -168.5 227.0 172 174 -1
174 -35.5 -168.5 227.0 173 175 -1
175 -36.0 -168.5 227.5 174 176 -1
176 -36.5 -168.5 227.5 175 177 -1
177 -37.0 -168.0 227.5 176 178 -1
178 -37.5 -168.0 228.0 177 179 -1
179 -38.0 -168.0 228.0 178 180 -1
180 -38.5 -167.5 228.0 179 181 -1
181 -39.0 -167.5 228.5 180 182 -1
182 -39.5 -167.5 228.5 181 183 -1
183 -40.0 -167.5 229.0 182 184 -1
184 -40.5 -167.5 229.0 183 185 -1
185 -41.0 -167.5 229.5 184 186 -1
186 -41.5 -167.0 229.5 185 187 -1
187 -42.0 -167.0 229.5 186 188 -1
188 -42.5 -167.0 229.5 187 189 -1
189 -43.0 -166.5 230.0 188 190 -1
190 -43.5 -166.5 230.0 189 191 -1
191 -44.0 -167.0 229.5 190 192 193
192 -44.0 -167.0 229.0 191 194 -1
193 -44.5 -166.5 230.5 191 195 -1
194 -44.5 -167.5 228.5 192 196 -1
195 -44.5 -166.0 231.0 193 197 -1
196 -45.0 -167.0 228.0 194 198 -1
197 -45.0 -165.5 231.0 195 199 -1
198 -45.5 -167.5 227.5 196 200 -1
199 -45.5 -165.5 231.5 197 201 -1
200 -46.0 -167.5 227.0 198 202 -1
201 -45.5 -165.0 232.0 199 203 -1
202 -46.0 -167.5 226.5 200 204 -1
203 -46.0 -164.5 232.5 201 205 -1
204 -46.0 -167.5 226.0 202 206 -1
205 -46.5 -164.0 233.0 203 207 -1
206 -46.5 -167.5 225.5 204 208 -1
207 -47.0 -164.0 233.5 205 209 -1
208 -46.5 -167.5 225.0 206 210 -1
209 -47.5 -163.5 234.0 207 211 -1
210 -47.0 -167.5 224.5 208 212 -1
211 -47.5 -163.0 234.5 209 213 -1
212 -47.0 -167.5 224.0 210 214 -1
213 -48.0 -163.0 235.0 211 215 -1
214 -47.0 -167.5 223.5 212 216 -1
215 -48.5 -163.0 235.5 213 217 -1
216 -47.5 -167.5 223.0 214 218 -1
217 -48.5 -162.5 236.0 215 219 -1
218 -48.0 -167.5 222.5 216 220 -1
219 -49.0 -162.5 236.5 217 221 -1
220 -47.5 -167.5 222.0 218 222 -1
221 -49.0 -162.0 237.0 219 223 -1
222 -47.5 -167.0 221.5 220 224 -1
223 -49.5 -162.0 237.5 221 225 -1
224 -48.0 -167.5 221.0 222 226 -1
225 -50.0 -162.0 238.0 223 227 -1
226 -48.0 -167.5 220.5 224 228 -1
227 -50.0 -162.0 238.5 225 229 -1
228 -48.0 -167.5 220.0 226 230 -1
229 -50.5 -162.0 239.0 227 231 -1
230 -48.0 -167.5 219.5 228 232 -1
231 -50.5 -161.5 239.5 229 233 -1
232 -48.0 -167.5 219.0 230 234 -1
233 -51.0 -161.5 240.0 231 235 -1
234 -48.0 -167.0 218.5 232 236 -1
235 -51.0 -162.0 240.5 233 237 -1
236 -48.0 -167.0 218.0 234 238 -1
237 -51.5 -161.5 241.0 235 239 -1
238 -48.0 -167.0 217.5 236 240 -1
239 -51.5 -162.0 241.5 237 241 -1
240 -48.0 -167.0 217.0 238 242 -1
241 -52.0 -161.5 242.0 239 243 -1
242 -48.0 -167.0 216.5 240 244 -1
243 -52.0 -161.5 242.5 241 245 -1
244 -48.0 -167.0 216.0 242 246 -1
245 -52.5 -161.5 243.0 243 247 -1
246 -48.0 -166.5 215.5 244 248 -1
247 -53.0 -161.5 243.5 245 249 -1
248 -48.0 -166.5 215.0 246 250 -1
249 -53.5 -161.5 244.0 247 251 -1
250 -48.0 -166.5 214.5 248 252 -1
251 -53.5 -161.5 244.5 249 253 -1
252 -48.0 -166.5 214.0 250 254 -1
253 -53.5 -162.0 245.0 251 255 -1
254 -48.0 -166.5 213.5 252 256 -1
255 -54.0 -162.0 245.5 253 257 -1
256 -48.0 -166.5 213.0 254 258 -1
257 -54.0 -162.0 246.0 255 259 -1
258 -48.0 -166.5 212.5 256 260 -1
259 -54.0 -162.5 246.5 257 261 -1
260 -48.0 -166.0 212.0 258 262 -1
261 -54.5 -162.0 247.0 259 263 -1
262 -48.0 -166.0 211.5 260 264 -1
263 -55.0 -162.0 247.5 261 265 -1
264 -48.0 -166.0 211.0 262 266 -1
265 -55.0 -162.0 248.0 263 267 -1
266 -48.0 -166.0 210.5 264 268 -1
267 -55.0 -162.0 248.5 265 269 -1
268 -48.0 -166.0 210.0 266 270 -1
269 -55.5 -162.0 249.0 267 271 -1
270 -48.0 -165.5 209.5 268 272 -1
271 -55.5 -162.5 249.5 269 273 -1
272 -48.0 -165.5 209.0 270 274 -1
273 -56.0 -162.0 250.0 271 275 -1
274 -48.0 -165.5 208.5 272 276 -1
275 -56.0 -162.0 250.5 273 277 -1
276 -48.0 -165.0 208.0 274 278 -1
277 -56.0 -162.0 251.0 275 279 -1
278 -48.0 -165.0 207.5 276 280 -1
279 -56.5 -162.0 251.5 277 281 -1
280 -48.0 -165.0 207.0 278 282 -1
281 -56.5 -162.0 252.0 279 283 -1
282 -48.5 -164.5 206.5 280 284 -1
283 -56.5 -162.0 252.5 281 285 -1
284 -48.0 -164.5 206.0 282 286 -1
285 -57.0 -161.5 253.0 283 287 -1
286 -48.5 -164.0 205.5 284 288 -1
287 -57.0 -161.5 253.5 285 289 -1
288 -48.5 -164.0 205.0 286 290 -1
289 -57.0 -161.5 254.0 287 291 -1
290 -48.0 -164.0 204.5 288 292 -1
291 -57.0 -161.0 254.5 289 293 -1
292 -48.5 -163.5 204.0 290 294 -1
293 -57.5 -161.0 255.0 291 295 -1
294 -48.0 -163.5 203.5 292 296 -1
295 -57.5 -160.5 255.5 293 297 -1
296 -48.0 -163.5 203.0 294 298 -1
297 -57.5 -160.5 256.0 295 299 -1
298 -48.0 -163.0 202.5 296 300 -1
299 -57.5 -160.0 256.5 297 301 -1
300 -48.5 -162.5 202.0 298 302 -1
301 -57.5 -160.0 257.0 299 303 -1
302 -48.0 -162.5 201.5 300 304 -1
303 -57.5 -159.5 257.5 301 305 -1
304 -48.0 -162.5 201.0 302 306 -1
305 -57.5 -159.5 258.0 303 307 -1
306 -48.0 -162.5 200.5 304 308 -1
307 -58.0 -159.5 258.5 305 309 -1
308 -47.5 -162.5 200.0 306 310 -1
309 -58.0 -159.0 259.0 307 311 -1
310 -48.0 -162.0 199.5 308 312 -1
311 -58.0 -159.0 259.5 309 313 -1
312 -48.0 -161.5 199.0 310 314 -1
313 -58.0 -158.5 260.0 311 315 -1
314 -48.0 -161.5 198.5 312 316 -1
315 -58.0 -158.5 260.5 313 317 -1
316 -48.0 -161.5 198.0 314 318 -1
317 -58.5 -158.5 261.0 315 319 -1
318 -48.0 -161.5 197.5 316 320 -1
319 -58.0 -158.0 261.5 317 321 -1
320 -47.5 -161.5 197.0 318 322 -1
321 -58.5 -158.5 262.0 319 323 -1
322 -47.5 -161.5 196.5 320 324 -1
323 -58.5 -158.5 262.5 321 325 -1
324 -48.0 -161.0 196.0 322 326 -1
325 -58.0 -158.0 263.0 323 327 -1
326 -47.5 -161.0 195.5 324 328 -1
327 -58.5 -158.0 263.5 325 329 -1
328 -47.5 -161.0 195.0 326 330 -1
329 -58.5 -158.0 264.0 327 331 -1
330 -47.5 -161.0 194.5 328 332 -1
331 -58.5 -158.0 264.5 329 333 -1
332 -47.0 -161.0 194.0 330 334 -1
333 -58.5 -158.0 265.0 331 335 -1
334 -47.0 -161.0 193.5 332 336 -1
335 -58.5 -158.0 265.5 333 337 -1
336 -46.5 -161.0 193.0 334 338 -1
337 -58.5 -157.5 266.0 335 339 -1
338 -46.5 -161.0 192.5 336 340 -1
339 -58.5 -157.5 266.5 337 341 -1
340 -46.5 -160.5 192.0 338 342 -1
341 -58.0 -157.5 267.0 339 343 -1
342 -46.5 -160.5 191.5 340 344 -1
343 -58.0 -157.5 267.5 341 345 -1
344 -46.0 -160.5 191.0 342 346 -1
345 -58.5 -157.5 268.0 343 347 -1
346 -45.5 -160.5 190.5 344 348 -1
347 -58.0 -157.0 268.5 345 349 -1
348 -46.0 -160.0 190.0 346 350 -1
349 -58.5 -157.0 269.0 347 351 -1
350 -45.5 -160.0 189.5 348 352 -1
351 -58.5 -157.0 269.5 349 353 -1
352 -45.0 -160.0 189.0 350 354 -1
353 -58.5 -157.0 270.0 351 355 -1
354 -45.0 -160.0 188.5 352 356 -1
355 -58.5 -157.0 270.5 353 357 -1
356 -44.5 -160.0 188.0 354 358 -1
357 -59.0 -157.0 271.0 355 359 -1
358 -44.5 -160.0 187.5 356 360 -1
359 -59.0 -157.0 271.5 357 361 -1
360 -44.5 -160.0 187.0 358 362 -1
361 -59.0 -157.0 272.0 359 363 -1
362 -44.5 -159.5 186.5 360 364 -1
363 -59.5 -156.5 272.5 361 365 -1
364 -44.5 -159.5 186.0 362 366 -1
365 -60.0 -156.5 273.0 363 367 -1
366 -44.0 -159.5 185.5 364 368 -1
367 -60.5 -156.0 273.5 365 369 -1
368 -44.0 -159.5 185.0 366 370 -1
369 -61.0 -156.0 274.0 367 371 -1
370 -44.0 -159.5 184.5 368 372 -1
371 -61.0 -156.0 274.5 369 373 -1
372 -43.5 -159.5 184.0 370 374 -1
373 -61.5 -156.0 275.0 371 375 -1
374 -43.5 -159.5 183.5 372 376 -1
375 -62.0 -156.0 276.0 373 377 378
376 -43.5 -159.5 183.0 374 379 -1
377 -62.5 -155.5 276.0 375 380 -1
378 -61.5 -156.0 276.0 375 381 -1
379 -43.5 -159.5 182.5 376 382 -1
380 -63.0 -155.0 276.5 377 383 -1
381 -61.0 -156.5 276.5 378 384 -1
382 -43.5 -159.5 182.0 379 385 -1
383 -63.5 -154.5 276.5 380 386 -1
384 -61.0 -156.5 277.0 381 387 -1
385 -43.5 -159.5 181.5 382 388 -1
386 -64.0 -154.5 277.0 383 389 -1
387 -60.5 -157.0 277.5 384 390 -1
388 -43.5 -160.0 181.0 385 391 -1
389 -64.5 -154.5 277.5 386 392 -1
390 -60.5 -157.5 278.0 387 393 -1
391 -43.5 -160.0 180.5 388 394 -1
392 -65.0 -154.0 277.5 389 395 -1
393 -60.0 -158.0 278.5 390 396 -1
394 -43.0 -160.0 180.0 391 397 -1
395 -65.5 -153.5 278.0 392 398 -1
396 -60.0 -158.0 279.0 393 399 -1
397 -43.0 -160.0 179.5 394 400 -1
398 -66.0 -153.0 278.5 395 401 402
399 -60.0 -158.5 279.5 396 403 -1
400 -43.0 -160.0 179.0 397 404 -1
401 -66.5 -152.5 279.0 398 405 -1
402 -65.5 -153.5 279.0 398 406 -1
403 -59.5 -159.0 280.0 399 407 -1
404 -42.5 -160.0 178.5 400 408 -1
405 -67.0 -152.0 279.0 401 409 -1
406 -65.5 -154.0 279.5 402 410 -1
407 -59.5 -159.5 280.5 403 411 -1
408 -42.5 -160.0 178.0 404 412 -1
409 -67.0 -151.5 279.5 405 413 -1
410 -66.0 -154.0 280.0 406 414 -1
411 -59.5 -160.0 281.0 407 415 -1
412 -42.5 -160.0 177.5 408 416 -1
413 -67.5 -151.0 280.0 409 417 -1
414 -66.0 -154.0 280.5 410 418 -1
415 -59.5 -160.5 281.5 411 419 -1
416 -42.5 -160.5 177.0 412 420 -1
417 -67.5 -150.5 280.0 413 421 -1
418 -66.0 -154.0 281.0 414 422 -1
419 -59.5 -161.0 282.0 415 423 -1
420 -42.5 -160.5 176.5 416 424 -1
421 -67.5 -150.0 280.5 417 425 -1
422 -66.5 -154.0 281.5 418 426 -1
423 -59.5 -161.5 282.5 419 427 -1
424 -42.5 -160.5 176.0 420 428 -1
425 -68.0 -149.5 281.0 421 429 -1
426 -66.5 -154.0 282.0 422 430 -1
427 -59.5 -162.0 283.0 423 431 -1
428 -42.0 -160.5 175.5 424 432 -1
429 -68.0 -149.0 281.0 425 433 -1
430 -67.0 -154.5 282.5 426 434 -1
431 -59.5 -162.5 283.5 427 435 -1
432 -42.0 -160.5 175.0 428 436 -1
433 -68.5 -148.5 281.0 429 437 -1
434 -67.5 -154.5 283.0 430 438 -1
435 -59.0 -163.0 284.0 431 439 -1
436 -42.0 -161.0 174.5 432 440 -1
437 -68.0 -148.0 281.5 433 441 -1
438 -68.0 -155.0 283.5 434 442 -1
439 -58.5 -163.5 284.0 435 443 -1
440 -42.0 -161.0 174.0 436 -1 -1
441 -68.0 -147.5 281.5 437 444 -1
442 -68.0 -155.5 284.0 438 445 -1
443 -58.0 -163.5 284.5 439 446 -1
444 -68.0 -147.0 281.5 441 447 -1
445 -68.5 -155.5 284.5 442 448 -1
446 -57.5 -164.0 285.0 443 449 -1
447 -68.0 -146.5 282.0 444 450 -1
448 -69.0 -155.5 285.0 445 451 -1
449 -57.5 -164.5 285.5 446 452 -1
450 -68.0 -146.0 282.0 447 453 -1
451 -69.5 -156.0 285.5 448 454 -1
452 -57.0 -165.0 286.0 449 455 -1
453 -68.5 -145.5 282.5 450 456 -1
454 -70.0 -156.0 285.5 451 457 -1
455 -57.0 -165.5 286.5 452 458 -1
456 -68.5 -145.0 282.5 453 459 -1
457 -70.5 -156.0 285.5 454 460 -1
458 -56.5 -166.0 287.0 455 461 -1
459 -68.5 -144.5 283.0 456 462 -1
460 -71.0 -156.5 286.0 457 463 -1
461 -56.0 -166.5 287.5 458 464 -1
462 -68.5 -144.0 283.0 459 465 -1
463 -71.5 -156.5 286.5 460 466 -1
464 -55.5 -166.5 287.5 461 467 -1
465 -68.5 -143.5 283.5 462 468 -1
466 -72.0 -157.0 286.5 463 469 -1
467 -55.0 -167.0 288.0 464 470 -1
468 -68.5 -143.0 284.0 465 471 -1
469 -72.5 -157.0 287.0 466 472 -1
470 -54.5 -167.5 288.5 467 473 -1
471 -68.5 -142.5 284.5 468 474 -1
472 -73.0 -157.0 287.0 469 475 -1
473 -54.5 -167.5 289.0 470 476 -1
474 -68.5 -142.0 285.0 471 477 -1
475 -73.5 -157.0 287.0 472 478 -1
476 -54.0 -168.0 289.5 473 479 -1
477 -68.5 -141.5 285.5 474 480 -1
478 -74.0 -157.5 287.5 475 481 -1
479 -53.5 -168.5 290.0 476 482 -1
480 -68.5 -141.0 286.0 477 483 -1
481 -74.5 -157.0 287.5 478 484 -1
482 -53.0 -169.0 290.5 479 485 -1
483 -68.5 -140.5 286.5 480 486 -1
484 -75.0 -157.0 287.5 481 487 -1
485 -52.5 -169.5 291.0 482 488 -1
486 -68.5 -140.0 287.0 483 489 -1
487 -75.5 -157.0 287.5 484 490 -1
488 -52.5 -170.0 291.5 485 491 -1
489 -68.5 -139.5 287.5 486 492 -1
490 -76.0 -157.0 287.5 487 493 -1
491 -52.0 -170.0 292.0 488 494 -1
492 -68.5 -139.0 288.0 489 495 -1
493 -76.5 -157.0 287.5 490 496 -1
494 -51.5 -170.5 292.5 491 497 -1
495 -68.0 -138.5 288.5 492 498 -1
496 -77.0 -157.0 287.5 493 499 -1
497 -51.5 -171.0 293.0 494 500 -1
498 -68.0 -138.5 289.0 495 501 -1
499 -77.5 -157.0 287.5 496 502 -1
500 -51.0 -171.0 293.5 497 503 -1
501 -68.0 -138.0 289.5 498 504 -1
502 -78.0 -157.5 288.0 499 505 -1
503 -50.5 -171.5 294.0 500 506 -1
504 -68.0 -137.5 290.0 501 507 -1
505 -78.5 -157.5 288.0 502 508 -1
506 -50.0 -171.5 294.5 503 509 -1
507 -68.0 -137.0 290.5 504 510 -1
508 -79.0 -157.5 288.0 505 511 -1
509 -50.0 -172.0 295.0 506 512 -1
510 -68.0 -136.5 291.0 507 513 -1
511 -79.5 -157.5 288.5 508 514 -1
512 -49.5 -172.0 295.5 509 515 -1
513 -68.0 -136.5 291.5 510 516 -1
514 -80.0 -157.5 288.5 511 517 -1
515 -49.0 -172.5 296.0 512 518 -1
516 -68.0 -136.0 292.0 513 519 -1
517 -80.5 -157.5 288.5 514 520 -1
518 -48.5 -173.0 296.5 515 521 -1
519 -67.5 -135.5 292.5 516 522 -1
520 -81.0 -157.5 288.5 517 523 -1
521 -48.5 -173.0 297.0 518 524 -1
522 -67.5 -135.5 293.0 519 525 -1
523 -81.5 -157.5 289.0 520 526 -1
524 -48.5 -173.5 297.5 521 527 -1
525 -67.5 -135.0 293.5 522 528 -1
526 -82.0 -157.5 289.0 523 529 -1
527 -48.0 -173.5 298.0 524 530 -1
528 -67.5 -134.5 294.0 525 531 -1
529 -82.5 -157.5 289.0 526 532 -1
530 -48.0 -174.0 298.5 527 533 -1
531 -67.5 -134.0 294.5 528 534 -1
532 -83.0 -157.5 289.0 529 535 -1
533 -47.5 -174.5 299.0 530 536 -1
534 -67.0 -134.0 295.0 531 537 -1
535 -83.5 -157.0 289.0 532 538 -1
536 -47.0 -174.5 299.5 533 539 -1
537 -67.0 -133.5 295.5 534 540 -1
538 -84.0 -157.0 289.5 535 541 -1
539 -47.0 -175.0 300.0 536 542 -1
540 -66.5 -133.5 296.0 537 543 -1
541 -84.5 -157.0 289.5 538 544 -1
542 -47.0 -175.5 300.5 539 -1 -1
543 -66.5 -133.0 296.5 540 545 -1
544 -85.0 -157.0 290.0 541 -1 -1
545 -66.5 -132.5 297.0 543 546 -1
546 -66.0 -132.5 297.5 545 547 -1
547 -66.0 -132.0 298.0 546 548 -1
548 -66.0 -131.5 298.5 547 549 -1
549 -65.5 -131.5 299.0 548 550 -1
550 -66.0 -131.0 299.5 549 551 -1
551 -65.5 -131.0 300.0 550 552 -1
552 -65.5 -130.5 300.5 551 553 -1
553 -65.0 -130.5 301.0 552 554 -1
554 -65.0 -130.5 301.5 553 555 -1
555 -65.0 -130.0 302.0 554 556 -1
556 -65.0 -129.5 302.5 555 557 -1
557 -64.5 -129.5 303.0 556 558 -1
558 -64.5 -129.5 303.5 557 559 -1
559 -64.5 -129.0 304.0 558 560 -1
560 -64.0 -129.0 304.5 559 561 -1
561 -64.0 -128.5 305.0 560 562 -1
562 -63.5 -128.5 305.5 561 563 -1
563 -63.5 -128.0 306.0 562 564 -1
564 -63.0 -128.0 306.5 563 565 -1
565 -63.0 -127.5 307.0 564 566 -1
566 -62.5 -127.5 307.5 565 567 -1
567 -62.5 -127.0 308.0 566 568 -1
568 -62.0 -127.0 308.5 567 569 -1
569 -61.5 -127.0 309.0 568 570 -1
570 -61.5 -127.0 309.5 569 571 -1
571 -61.5 -126.5 310.0 570 572 -1
572 -61.0 -126.5 310.5 571 573 -1
573 -60.5 -126.5 311.0 572 574 -1
574 -60.5 -126.0 311.5 573 575 -1
575 -60.0 -126.0 312.0 574 576 -1
576 -59.5 -126.0 312.5 575 577 -1
577 -59.5 -125.5 313.0 576 578 -1
578 -59.0 -125.5 313.5 577 579 -1
579 -59.0 -125.5 314.0 578 580 -1
580 -58.5 -125.5 314.5 579 581 -1
581 -58.0 -125.5 315.0 580 582 -1
582 -58.0 -125.0 315.5 581 583 -1
583 -57.5 -125.0 316.0 582 584 -1
584 -57.0 -125.0 316.5 583 585 -1
585 -57.0 -125.0 317.0 584 586 -1
586 -56.5 -125.0 317.5 585 587 -1
587 -56.0 -125.0 318.0 586 588 -1
588 -56.0 -125.5 318.5 587 589 -1
589 -55.5 -125.0 319.0 588 590 -1
590 -55.5 -125.5 319.5 589 591 -1
591 -55.0 -125.5 320.0 590 592 -1
592 -54.5 -125.5 320.5 591 593 -1
593 -54.0 -125.5 321.0 592 594 -1
594 -54.0 -126.0 321.5 593 595 -1
595 -53.5 -126.0 322.0 594 596 -1
596 -53.5 -126.0 322.5 595 597 -1
597 -53.0 -126.5 323.0 596 598 -1
598 -52.5 -126.5 323.5 597 599 -1
599 -52.5 -127.0 324.0 598 600 -1
600 -52.0 -127.0 324.5 599 601 -1
601 -52.0 -127.5 325.0 600 602 -1
602 -51.5 -127.5 325.5 601 603 -1
603 -51.0 -127.5 326.0 602 604 -1
604 -51.0 -127.5 326.5 603 605 -1
605 -51.0 -128.0 327.0 604 606 -1
606 -50.5 -128.0 327.5 605 607 -1
607 -50.5 -128.5 328.0 606 608 -1
608 -50.0 -128.5 328.5 607 609 -1
609 -49.5 -128.0 329.0 608 610 -1
610 -49.5 -128.5 329.5 609 611 -1
611 -49.0 -129.0 330.0 610 612 -1
612 -49.0 -129.5 330.5 611 613 -1
613 -48.5 -129.5 331.0 612 614 -1
614 -48.5 -129.5 331.5 613 615 -1
615 -48.0 -129.5 332.0 614 616 -1
616 -48.0 -130.0 332.5 615 617 -1
617 -48.0 -130.5 333.0 616 618 -1
618 -48.0 -131.0 333.5 617 619 -1
619 -47.5 -131.0 334.0 618 620 -1
620 -47.0 -131.0 334.5 619 621 -1
621 -46.5 -131.0 335.0 620 -1 -1
