0 -22.0 133.0 816.5 -1 1 -1
1 -21.5 133.0 817.0 0 2 -1
2 -21.5 133.5 817.5 1 3 -1
3 -21.5 133.5 818.0 2 4 -1
4 -21.5 133.5 818.5 3 5 -1
5 -21.5 133.5 819.0 4 6 -1
6 -21.5 133.5 819.5 5 7 -1
7 -21.5 133.5 820.0 6 8 -1
8 -21.5 134.0 820.5 7 9 -1
9 -21.5 134.0 821.0 8 10 -1
10 -21.5 134.0 821.5 9 11 -1
11 -21.5 134.0 822.0 10 12 -1
12 -21.5 134.0 822.5 11 13 -1
13 -21.5 134.0 823.0 12 14 -1
14 -21.5 134.0 823.5 13 15 -1
15 -21.0 134.0 824.0 14 16 -1
16 -21.0 134.0 824.5 15 17 -1
17 -21.0 134.0 825.0 16 18 -1
18 -21.0 134.0 825.5 17 19 -1
19 -20.5 134.0 826.0 18 20 -1
20 -20.5 134.0 826.5 19 21 -1
21 -20.0 133.5 827.0 20 22 23
22 -20.5 134.0 827.5 21 24 -1
23 -19.5 133.5 827.0 21 25 -1
24 -21.0 134.0 828.0 22 26 -1
25 -19.0 133.5 827.0 23 27 -1
26 -21.0 134.0 828.5 24 28 -1
27 -18.5 134.0 827.0 25 29 -1
28 -21.0 134.0 829.0 26 30 -1
29 -18.0 134.0 827.0 27 31 -1
30 -21.5 134.5 829.5 28 32 -1
31 -17.5 134.0 827.0 29 33 -1
32 -22.0 134.5 830.0 30 34 -1
33 -17.0 134.0 827.0 31 35 -1
34 -22.0 134.5 830.5 32 36 -1
35 -16.5 134.0 826.5 33 37 -1
36 -22.0 135.0 831.0 34 38 -1
37 -16.0 134.0 826.0 35 39 -1
38 -22.5 135.0 831.5 36 40 -1
39 -15.5 134.5 826.5 37 41 -1
40 -23.0 135.0 832.0 38 42 -1
41 -15.0 134.0 826.0 39 43 -1
42 -23.0 135.5 832.5 40 44 -1
43 -14.5 134.0 826.0 41 45 -1
44 -23.5 135.5 833.0 42 46 -1
45 -14.0 134.0 825.5 43 47 -1
46 -24.0 136.0 833.5 44 48 -1
47 -13.5 134.0 825.5 45 49 -1
48 -24.5 135.5 833.5 46 50 -1
49 -13.0 134.0 825.0 47 51 -1
50 -25.0 136.0 834.0 48 52 -1
51 -12.5 134.0 825.0 49 53 -1
52 -25.5 136.5 834.5 50 54 -1
53 -12.0 134.0 825.0 51 55 -1
54 -26.0 136.5 835.0 52 56 -1
55 -11.5 134.0 825.0 53 57 -1
56 -26.5 137.0 835.5 54 58 -1
57 -11.0 134.0 825.0 55 59 -1
58 -26.5 137.5 836.0 56 60 -1
59 -10.5 134.0 825.5 57 61 -1
60 -27.0 138.0 836.5 58 62 -1
61 -10.0 134.0 825.0 59 63 -1
62 -27.5 138.5 837.0 60 64 -1
63 -9.5 133.5 825.5 61 65 -1
64 -28.0 138.5 837.5 62 66 -1
65 -9.0 133.5 825.5 63 67 -1
66 -28.5 138.5 837.5 64 68 -1
67 -8.5 133.5 825.5 65 69 -1
68 -29.0 139.0 838.0 66 70 -1
69 -8.0 133.5 825.5 67 71 -1
70 -29.5 139.5 838.5 68 72 -1
71 -7.5 133.5 825.5 69 73 -1
72 -30.0 139.5 839.0 70 74 -1
73 -7.0 133.5 825.5 71 75 -1
74 -30.0 140.0 839.5 72 76 -1
75 -6.5 134.0 825.0 73 77 -1
76 -30.5 140.0 840.0 74 78 -1
77 -6.0 134.0 825.5 75 79 80
78 -31.0 140.5 840.5 76 81 -1
79 -5.5 134.0 825.0 77 82 -1
80 -5.5 134.0 826.0 77 83 -1
81 -31.5 140.5 841.0 78 84 -1
82 -5.0 134.0 824.5 79 85 -1
83 -5.5 134.0 826.5 80 86 -1
84 -32.0 141.0 841.0 81 87 -1
85 -5.0 134.0 824.0 82 88 -1
86 -5.5 134.0 827.0 83 89 -1
87 -32.0 141.5 841.5 84 90 -1
88 -4.5 134.0 823.5 85 91 -1
89 -5.0 134.0 827.5 86 92 -1
90 -32.5 142.0 842.0 87 93 -1
91 -4.0 134.0 823.0 88 94 -1
92 -5.0 134.0 828.0 89 95 -1
93 -32.5 142.5 842.5 90 96 -1
94 -3.5 134.0 823.0 91 97 -1
95 -5.0 134.0 828.5 92 98 -1
96 -33.0 142.5 843.0 93 99 -1
97 -3.0 134.0 822.5 94 100 -1
98 -5.0 134.0 829.0 95 101 -1
99 -33.0 143.0 843.5 96 102 -1
100 -2.5 134.0 822.5 97 103 -1
101 -4.5 134.0 829.5 98 104 -1
102 -33.0 143.5 844.0 99 105 -1
103 -2.0 134.0 822.5 100 106 -1
104 -4.5 134.0 830.0 101 107 -1
105 -33.5 143.5 844.5 102 108 -1
106 -1.5 134.0 822.5 103 109 -1
107 -4.5 134.0 830.5 104 110 -1
108 -34.0 144.0 845.0 105 111 -1
109 -1.0 134.0 822.5 106 112 -1
110 -4.0 134.0 831.0 107 113 -1
111 -34.5 144.0 845.0 108 114 -1
112 -0.5 134.0 822.5 109 115 -1
113 -4.0 134.5 831.5 110 116 -1
114 -35.0 144.5 845.5 111 117 -1
115 0.0 134.0 822.5 112 118 -1
116 -3.5 134.5 832.0 113 119 -1
117 -35.0 145.0 846.0 114 120 -1
118 0.5 134.0 822.5 115 121 -1
119 -3.5 134.5 832.5 116 122 -1
120 -35.5 145.5 846.0 117 123 -1
121 1.0 134.0 822.0 118 124 -1
122 -3.0 135.0 833.0 119 125 -1
123 -36.0 146.0 846.5 120 126 -1
124 1.5 134.0 822.0 121 127 -1
125 -3.0 135.0 833.5 122 128 -1
126 -36.5 146.0 846.5 123 129 -1
127 2.0 134.0 822.0 124 130 -1
128 -2.5 135.5 834.0 125 131 -1
129 -37.0 146.5 847.0 126 132 -1
130 2.5 134.5 822.0 127 133 -1
131 -2.5 135.5 834.5 128 134 -1
132 -37.5 147.0 847.0 129 135 -1
133 3.0 134.5 822.0 130 136 -1
134 -2.0 136.0 835.0 131 137 -1
135 -37.5 147.5 847.5 132 138 -1
136 3.5 134.5 822.0 133 139 -1
137 -2.0 136.0 835.5 134 140 -1
138 -38.0 148.0 847.5 135 141 -1
139 4.0 134.5 822.0 136 142 -1
140 -1.5 136.5 836.0 137 143 -1
141 -38.5 148.5 848.0 138 144 -1
142 4.5 134.5 822.0 139 145 -1
143 -1.5 136.5 836.5 140 146 -1
144 -39.0 149.0 848.0 141 147 -1
145 5.0 134.5 822.0 142 148 -1
146 -1.0 137.0 837.0 143 149 -1
147 -39.5 149.5 848.5 144 150 -1
148 5.5 134.5 822.0 145 151 -1
149 -1.0 137.0 837.5 146 152 -1
150 -40.0 150.0 849.0 147 153 -1
151 6.0 134.5 822.5 148 154 -1
152 -1.0 137.5 838.0 149 155 -1
153 -40.5 150.5 849.5 150 156 -1
154 6.5 134.5 822.5 151 157 -1
155 -0.5 137.5 838.5 152 158 -1
156 -41.0 151.0 850.0 153 159 -1
157 7.0 134.5 822.5 154 160 -1
158 -0.5 137.5 839.0 155 161 -1
159 -41.5 151.5 850.0 156 162 -1
160 7.5 134.5 822.5 157 163 -1
161 -0.5 138.0 839.5 158 164 -1
162 -42.0 152.0 850.5 159 165 -1
163 8.0 134.5 823.0 160 166 -1
164 -0.5 138.5 840.0 161 167 -1
165 -42.5 152.0 851.0 162 168 -1
166 8.5 134.5 823.0 163 169 -1
167 -0.5 138.5 840.5 164 170 -1
168 -42.5 152.5 851.5 165 171 -1
169 9.0 134.5 823.0 166 172 -1
170 -0.5 139.0 841.0 167 173 -1
171 -43.0 153.0 852.0 168 174 -1
172 9.5 134.5 823.0 169 175 -1
173 0.0 139.0 841.5 170 176 -1
174 -43.5 153.0 852.5 171 177 -1
175 10.0 135.0 823.0 172 178 -1
176 0.0 139.0 842.0 173 179 -1
177 -44.0 153.5 853.0 174 180 -1
178 10.5 135.0 823.5 175 181 -1
179 0.0 139.5 842.5 176 182 -1
180 -44.5 154.0 853.5 177 183 -1
181 11.0 135.0 823.5 178 184 -1
182 0.0 139.5 843.0 179 185 -1
183 -45.0 154.5 854.0 180 186 -1
184 11.5 135.5 823.5 181 187 -1
185 0.0 140.0 843.5 182 188 -1
186 -45.5 154.5 854.0 183 189 -1
187 12.0 136.0 823.5 184 190 -1
188 0.5 140.0 844.0 185 191 -1
189 -46.0 155.0 854.5 186 192 -1
190 12.5 136.0 824.0 187 193 -1
191 0.5 140.0 844.5 188 194 -1
192 -46.0 155.5 855.0 189 195 -1
193 13.0 136.5 824.0 190 196 -1
194 0.5 140.5 845.0 191 197 -1
195 -46.5 156.0 855.5 192 198 -1
196 13.5 137.0 824.0 193 199 -1
197 0.5 140.5 845.5 194 200 -1
198 -47.0 156.5 856.0 195 201 -1
199 13.5 137.5 824.5 196 202 -1
200 0.5 141.0 846.0 197 203 -1
201 -47.5 156.5 856.0 198 204 -1
202 13.5 138.0 825.0 199 205 -1
203 1.0 141.0 846.5 200 206 -1
204 -48.0 157.0 856.5 201 207 -1
205 14.0 138.5 825.0 202 208 -1
206 1.0 141.0 847.0 203 209 -1
207 -48.5 157.5 856.5 204 210 -1
208 14.5 139.0 825.5 205 211 -1
209 1.0 141.5 847.5 206 212 -1
210 -49.0 158.0 857.0 207 213 -1
211 15.0 139.5 825.5 208 214 -1
212 1.5 141.5 848.0 209 215 -1
213 -49.0 158.5 857.0 210 216 -1
214 15.5 140.0 826.0 211 217 -1
215 2.0 141.5 848.5 212 218 -1
216 -49.5 159.0 857.5 213 219 -1
217 16.0 140.5 825.5 214 220 -1
218 1.5 142.0 849.0 215 221 -1
219 -50.0 159.5 857.5 216 222 -1
220 16.5 141.0 825.5 217 223 -1
221 2.0 142.0 849.5 218 224 -1
222 -50.5 159.5 858.0 219 225 -1
223 17.0 141.5 825.5 220 226 -1
224 2.5 142.0 850.0 221 227 -1
225 -50.5 159.0 858.5 222 228 -1
226 17.5 142.0 825.5 223 229 -1
227 3.0 142.0 850.5 224 230 -1
228 -51.0 159.0 859.0 225 231 -1
229 18.0 142.5 825.5 226 232 -1
230 3.0 142.0 851.0 227 233 -1
231 -51.5 159.0 859.5 228 234 -1
232 18.5 143.0 825.5 229 235 -1
233 3.5 142.0 851.5 230 236 -1
234 -51.5 159.0 860.0 231 237 -1
235 18.5 143.5 825.5 232 238 -1
236 4.0 142.0 852.0 233 239 -1
237 -52.0 159.0 860.5 234 240 -1
238 19.0 144.0 825.5 235 241 -1
239 4.0 142.0 852.5 236 242 -1
240 -52.5 159.0 861.0 237 243 -1
241 19.5 144.5 825.5 238 244 -1
242 4.5 142.0 853.0 239 245 -1
243 -52.5 159.0 861.5 240 246 -1
244 19.5 145.0 825.5 241 247 -1
245 5.0 142.0 853.5 242 248 -1
246 -53.0 158.5 862.0 243 249 -1
247 20.0 145.5 825.5 244 250 -1
248 5.5 141.5 853.5 245 251 -1
249 -53.5 158.5 862.5 246 252 -1
250 20.5 146.0 825.5 247 253 -1
251 6.0 141.0 854.0 248 -1 -1
252 -54.0 158.5 862.5 249 254 -1
253 20.5 146.5 825.5 250 255 -1
254 -54.5 158.0 863.0 252 256 -1
255 21.0 147.0 825.0 253 257 -1
256 -55.0 158.0 863.5 254 258 -1
257 21.0 147.5 825.0 255 259 -1
258 -55.5 158.0 864.0 256 260 -1
259 21.5 148.0 825.0 257 261 -1
260 -56.0 158.0 864.0 258 262 -1
261 22.0 148.5 824.5 259 263 -1
262 -56.5 157.5 864.5 260 264 -1
263 22.5 149.0 824.0 261 265 -1
264 -57.0 157.0 865.0 262 266 -1
265 23.0 149.5 823.5 263 267 -1
266 -57.5 157.0 865.0 264 268 -1
267 23.5 149.5 823.5 265 269 -1
268 -58.0 157.0 865.5 266 270 -1
269 24.0 150.0 823.0 267 271 -1
270 -58.5 156.5 865.5 268 272 -1
271 24.5 150.5 823.0 269 273 -1
272 -59.0 156.5 866.0 270 274 -1
273 25.0 151.0 822.5 271 275 -1
274 -59.5 156.5 866.5 272 276 -1
275 25.5 151.5 823.0 273 277 -1
276 -60.0 156.0 867.0 274 278 -1
277 26.0 152.0 822.5 275 279 -1
278 -60.5 155.5 867.0 276 280 -1
279 26.5 152.5 822.0 277 281 -1
280 -61.0 155.5 867.5 278 282 -1
281 27.0 152.5 822.0 279 283 -1
282 -61.5 155.5 868.0 280 284 -1
283 27.5 153.0 822.0 281 285 -1
284 -62.0 155.5 868.0 282 286 -1
285 28.0 153.5 821.5 283 287 -1
286 -62.5 155.5 868.0 284 288 -1
287 28.5 154.0 821.5 285 289 -1
288 -63.0 155.5 868.0 286 290 -1
289 29.0 154.5 821.5 287 291 -1
290 -63.5 155.5 868.0 288 -1 -1
291 29.5 155.0 821.5 289 292 -1
292 30.0 155.5 821.5 291 293 -1
293 30.5 156.0 821.5 292 294 -1
294 31.0 156.5 821.5 293 295 -1
295 31.5 157.0 821.5 294 296 -1
296 32.0 157.5 821.5 295 297 -1
297 32.5 158.0 822.0 296 298 -1
298 33.0 158.5 822.0 297 299 -1
299 33.5 159.0 822.5 298 300 -1
300 34.0 159.5 822.5 299 301 -1
301 34.5 160.0 823.0 300 302 -1
302 35.0 160.0 823.0 301 303 -1
303 35.5 160.5 823.0 302 304 -1
304 36.0 161.0 823.5 303 305 -1
305 36.5 161.5 824.0 304 306 -1
306 37.0 162.0 824.0 305 307 -1
307 37.5 162.0 824.0 306 308 -1
308 38.0 162.5 824.5 307 309 -1
309 38.5 162.5 824.5 308 310 -1
310 39.0 163.0 824.5 309 311 -1
311 39.5 163.0 825.0 310 312 -1
312 40.0 163.5 825.5 311 313 -1
313 40.5 163.5 826.0 312 314 -1
314 41.0 163.5 826.0 313 315 -1
315 41.5 163.5 826.5 314 316 -1
316 42.0 163.5 826.5 315 317 -1
317 42.5 163.5 827.0 316 318 -1
318 43.0 163.5 827.0 317 319 -1
319 43.5 164.0 827.0 318 320 -1
320 44.0 164.0 827.5 319 -1 -1
