0 -22.0 133.0 816.5 -1 1 -1
1 -21.937574096798446 133.03793434312374 816.653345788321 0 2 -1
2 -21.88065955307021 133.0759692450074 816.8087887160164 1 3 -1
3 -21.828910654759348 133.1140052954932 816.9660276665095 2 4 -1
4 -21.782011038620595 133.15194804534937 817.1248038215726 3 5 -1
5 -21.739644745934513 133.1897138627543 817.2848919689818 4 6 -1
6 -21.70150106199933 133.2272288856672 817.4460977505726 5 7 -1
7 -21.66727787976189 133.26442792403287 817.6082545964908 6 8 -1
8 -21.636684636186565 133.30125329471352 817.7712207577545 7 9 -1
9 -21.609442794581764 133.3376538556239 817.934876085887 8 10 -1
10 -21.585287541844654 133.3735839167991 818.099119437301 9 11 -1
11 -21.563967284691984 133.40900243265557 818.2638659664608 10 12 -1
12 -21.545244043513968 133.44387209194485 818.4290449391389 11 13 -1
13 -21.528892400117936 133.47815870635978 818.594597604155 12 14 -1
14 -21.514699136943676 133.51183051581168 818.7604754725502 13 15 -1
15 -21.502461868454663 133.5448578272925 818.9266386905332 14 16 -1
16 -21.49198906010028 133.57721227013218 819.093054832793 15 17 -1
17 -21.483098516423187 133.60886656750483 819.259697655987 16 18 -1
18 -21.475616845582497 133.6397940143466 819.4265461556687 17 19 -1
19 -21.46937823361593 133.66996830641443 819.5935836567991 18 20 -1
20 -21.464223684275105 133.69936324327216 819.7607970783893 19 21 -1
21 -21.460000385911048 133.72795232326683 819.9281763137111 20 22 -1
22 -21.456560823761944 133.7557084987943 820.0957136518459 21 23 -1
23 -21.45376174887763 133.78260430114614 820.2634032092864 22 24 -1
24 -21.45146381654637 133.8086112757867 820.4312405439101 23 25 -1
25 -21.449530844456646 133.83369956313012 820.5992222668905 24 26 -1
26 -21.447828813484676 133.85783859443794 820.7673455196497 25 27 -1
27 -21.446225591825407 133.88099607870225 820.935607741342 26 28 -1
28 -21.444590158942333 133.90313812281948 821.1040062668491 27 29 -1
29 -21.44279201252174 133.92422905636528 821.272537977635 28 30 -1
30 -21.440700585991284 133.94423124834847 821.4411989494666 29 31 -1
31 -21.438184601047563 133.96310477264504 821.6099841032966 30 32 -1
32 -21.435111724454522 133.98080774483927 821.7788867663219 31 33 -1
33 -21.43134786776766 133.99729566825962 821.9478983171109 32 34 -1
34 -21.426756717751655 134.0125214376167 822.1170077222631 33 35 -1
35 -21.421199002663535 134.02643488989037 822.2862010662905 34 36 -1
36 -21.414532359172544 134.03898315874716 822.4554609781792 35 37 -1
37 -21.406610888645428 134.05011045456936 822.6247660582445 36 38 -1
38 -21.397283998988993 134.05975716253621 822.7940902327688 37 39 -1
39 -21.386397077110942 134.06786089794673 822.9634019936058 38 40 -1
40 -21.373790503829248 134.07435569549546 823.132663609776 39 41 -1
41 -21.35929933764002 134.07917196413592 823.3018302117557 40 42 -1
42 -21.34275340310251 134.08223674175866 823.4708488087374 41 43 -1
43 -21.323977317002758 134.08347381618887 823.6396572281807 42 44 -1
44 -21.30279067828372 134.08280393609124 823.8081829822959 43 45 -1
45 -21.27900687975103 134.08014395692538 823.9763418143255 44 46 -1
46 -21.25243704306635 134.07540984394814 824.1440368984555 45 47 -1
47 -21.222887282188974 134.0685145158366 824.311157025413 46 48 -1
48 -21.190161525986593 134.0593698853426 824.4775755317644 47 49 -1
49 -21.15406315097838 134.04788786453878 824.6431491471783 48 50 -1
50 -21.114397026143592 134.0339815925027 824.807717021262 49 51 -1
51 -21.070971992468465 134.01756689526738 824.9711000258427 50 52 -1
52 -21.023601841404787 133.99856272249585 825.1330996924053 51 53 -1
53 -20.972113255096513 133.97689607595387 825.2934999922744 52 54 -1
54 -20.91634419398428 133.95250062913763 825.4520661893346 53 55 -1
55 -20.856152431945016 133.92532188327525 825.6085482013511 54 56 -1
56 -20.791418025874524 133.89531833978648 825.7626825335436 55 57 -1
57 -20.72204739799451 133.86246370172245 825.9141957348913 56 58 -1
58 -20.647976286835444 133.82674836714372 826.0628082341893 57 59 -1
59 -20.56917651742956 133.78818321190604 826.2082419464253 58 60 -1
60 -20.485654265642335 133.7467982116757 826.3502237738769 59 61 -1
61 -20.397453666838537 133.70264433249838 826.4884935717362 60 62 -1
62 -20.304654640919644 133.65579198698387 826.6228089065144 61 63 -1
63 -20.207373134481028 133.60633096260383 826.7529523766391 62 64 -1
64 -20.10575865160157 133.55436877074922 826.8787374202994 63 65 -1
65 -20.0 133.5 827.0 64 66 67
66 -20.09134476328437 133.55314789987185 827.1857083049722 65 68 -1
67 -19.843279532665694 133.55397348753752 826.9824510775267 65 69 -1
68 -20.18419273179974 133.6067290693312 827.3705592946839 66 70 -1
69 -19.68595941358744 133.60561148440036 826.9635595262791 67 71 -1
70 -20.278536466844546 133.6607825148564 827.5545132556426 68 72 -1
71 -19.528029041493053 133.6548621429269 826.9434257622357 69 73 -1
72 -20.374361362734774 133.71531611134535 827.7375576446536 70 74 -1
73 -19.3695306237034 133.7017165896168 826.9220735191146 71 75 -1
74 -20.471651735113262 133.7703377600312 827.9196805977326 72 76 -1
75 -19.210506681808315 133.7461705980041 826.8995293189113 73 77 -1
76 -20.570390776022247 133.8258553693228 828.1008710004829 74 78 -1
77 -19.0509998724864 133.78822527997565 826.8758226746343 75 79 -1
78 -20.67056046519603 133.88187681599985 828.2811185931237 76 80 -1
79 -18.89105239348971 133.82788561391388 826.8509852510675 77 81 -1
80 -20.772141597989886 133.93840994253998 828.4604140047551 78 82 -1
81 -18.7307059113356 133.8651613571075 826.8250512024158 79 83 -1
82 -20.875113815943077 133.99546255463068 828.638748784975 80 84 -1
83 -18.57000125694481 133.90006682346873 826.7980569493155 81 85 -1
84 -20.979456190062926 134.0530426374043 828.816115034519 82 86 -1
85 -18.408978036658294 133.93261967377342 826.7700405550349 83 87 -1
86 -21.08515294691337 134.11116071852862 828.992501173884 84 88 -1
87 -18.24767486806075 133.96284449471145 826.7410431503425 85 89 -1
88 -21.192173450431305 134.16982180126143 829.1679066199391 86 90 -1
89 -18.086128500703854 133.99076746253934 826.711106549625 87 91 -1
90 -21.300492999892846 134.2290335186532 829.3423268985331 88 92 -1
91 -17.924374174665513 134.0164209181232 826.6802750659273 89 93 -1
92 -21.410088032956743 134.28880441136278 829.5157568997117 90 94 -1
93 -17.762445007367795 134.0398386056377 826.6485935226415 91 95 -1
94 -21.520937235343432 134.34914459126387 829.6881898324106 92 96 -1
95 -17.600372274639312 134.06106063656867 826.616109079517 93 97 -1
96 -21.63300577199831 134.41005833899163 829.8596300783626 94 98 -1
97 -17.438184947757435 134.08012910728561 826.5828694718778 95 99 -1
98 -21.746266808455115 134.47155386460918 830.0300761046044 96 100 -1
99 -17.275909729353604 134.0970894260892 826.5489234610618 97 101 -1
100 -21.86069821132 134.53364232366852 830.1995225322768 98 102 -1
101 -17.11357097174197 134.11199005842755 826.5143206721482 99 103 -1
102 -21.976261313553184 134.59632678036337 830.3679785947952 100 104 -1
103 -16.951190621294426 134.12488227246814 826.4791114430831 101 105 -1
104 -22.092930344347703 134.6596172826588 830.5354428410141 102 106 -1
105 -16.788788187325892 134.13581988838362 826.4433466862599 103 107 -1
106 -22.21067436795848 134.7235215905673 830.7019187042642 104 108 -1
107 -16.626380733718467 134.14485903431395 826.407077763301 105 109 -1
108 -22.329456147385276 134.78804396838711 830.8674161049639 106 110 -1
109 -16.463982891352373 134.15205791155873 826.3703563734962 107 111 -1
110 -22.449252707725623 134.85319770530253 831.0319318146946 108 112 -1
111 -16.30160688931931 134.15747657113835 826.3332344561064 109 113 -1
112 -22.57002067972497 134.9189836545634 831.1954828884149 110 114 -1
113 -16.139262602865497 134.1611767034574 826.2957641065017 111 115 -1
114 -22.69173399262535 134.98541407924512 831.3580698563181 112 116 -1
115 -15.976957616036573 134.16322144241573 826.2579975059058 113 117 -1
116 -22.814353167408516 135.0524924762565 831.5197073708266 114 118 -1
117 -15.814697302292496 134.16367501910833 826.2199868434855 115 119 -1
118 -22.937846917575577 135.1202283431961 831.6804021478854 116 120 -1
119 -15.652484915198638 134.16260252179126 826.1817842892891 117 121 -1
120 -23.062178286248642 135.18862720353619 831.8401675336605 118 122 -1
121 -15.490321640650286 134.1600709734811 826.1434420835997 119 123 -1
122 -23.18731281397388 135.25769670771948 831.9990147273925 120 124 -1
123 -15.328206749146009 134.1561476533711 826.10501231103 121 125 -1
124 -23.313214415635315 135.32744333279618 832.1569573725333 122 126 -1
125 -15.166137713918076 134.15089980539588 826.0665469853514 123 127 -1
126 -23.439847175325934 135.39787385456975 832.3140095139593 124 128 -1
127 -15.004110248538383 134.14439671720393 826.0280980875561 125 129 -1
128 -23.567174802404374 135.46899477372716 832.4701862932275 126 130 -1
129 -14.842118503983189 134.13670739146525 825.9897174968074 127 131 -1
130 -23.695161089715718 135.54081281349903 832.6255033251294 128 132 -1
131 -14.680155165835567 134.12790098938672 825.9514571106996 129 133 -1
132 -23.82376894222184 135.6133337179432 832.7799780684059 130 134 -1
133 -14.51821154890266 134.11804814347553 825.913368661521 131 135 -1
134 -23.952962566731124 135.68656482253164 832.9336267744626 132 136 -1
135 -14.356277770365397 134.1072184950325 825.8755041230571 133 137 -1
136 -24.082703851375047 135.76051049033487 833.0864696866047 134 138 -1
137 -14.194342840482944 134.09548339347236 825.8379151972499 135 139 -1
138 -24.212957751367806 135.83517917019154 833.2385230740474 136 140 -1
139 -14.032394805224222 134.08291332652288 825.8006540135276 137 141 -1
140 -24.34368551058644 135.9105722241614 833.3898104484338 138 142 -1
141 -13.870420892613941 134.0695800880384 825.7637724372527 139 143 -1
142 -24.474854452958105 135.98669333651333 833.5403495440814 140 144 -1
143 -13.708407595509982 134.05555486564512 825.7273229735147 141 145 -1
144 -24.6064268620331 136.0635354513706 833.6901685397081 142 146 -1
145 -13.546340892700117 134.0409100846953 825.6913577678196 143 147 -1
146 -24.738371237911597 136.14110247426257 833.839285220813 144 148 -1
147 -13.384206259339992 134.02571768115646 825.6559298823873 145 149 -1
148 -24.87064975134823 136.21938540388985 833.987730259221 146 150 -1
149 -13.221988950751411 134.0100506249323 825.6210920879848 147 151 -1
150 -25.00323146984245 136.29838975286754 834.1355211831213 148 152 -1
151 -13.059674035719054 133.99398195766048 825.5868978038678 149 153 -1
152 -25.136079105319325 136.37810534101465 834.2826901036981 150 154 -1
153 -12.89724653204948 133.97758510172497 825.5534010967334 151 155 -1
154 -25.269161321081 136.4585371352183 834.4292561817232 152 156 -1
155 -12.734691693148132 133.96093420874908 825.5206558947694 153 157 -1
156 -25.4024423259027 136.53967595587986 834.5752508180433 154 158 -1
157 -12.571995013009872 133.94410374827459 825.4887169427441 155 159 -1
158 -25.53589023453447 136.62152537089167 834.7206953134375 156 160 -1
159 -12.409142362485454 133.92716873285488 825.4576398894152 157 161 -1
160 -25.669470599017924 136.70407721860218 834.8656203076265 158 162 -1
161 -12.246120354287966 133.91020484783448 825.4274802069165 159 163 -1
162 -25.803151290521004 136.78733395332583 835.0100487243257 160 164 -1
163 -12.082916324005186 133.89328831243697 825.3982942498651 161 165 -1
164 -25.93689896536491 136.8712879407253 835.1540107635466 162 166 -1
165 -11.919518554192457 133.87649598107907 825.3701389756061 163 167 -1
166 -26.070681492191504 136.9559410442682 835.2975303498431 164 168 -1
167 -11.755916459577463 133.85990536240323 825.3430719141736 165 169 -1
168 -26.204466515191836 137.04128555499275 835.4406375415645 166 170 -1
169 -11.592100742668821 133.84359467582965 825.3171513204279 167 171 -1
170 -26.338221983739416 137.12732336876957 835.583356698009 168 172 -1
171 -11.428063672943226 133.8276427269198 825.2924356795361 169 173 -1
172 -26.471916577536778 137.21404599692463 835.7257179690688 170 174 -1
173 -11.263799218085788 133.81212895256516 825.2689840101867 171 175 -1
174 -26.605518215660293 137.3014560844094 835.8677456796265 172 176 -1
175 -11.09930324253171 133.79713341404283 825.2468558245498 173 177 -1
176 -26.738996855140346 137.38954360028944 836.009470185147 174 178 -1
177 -10.934573726771292 133.78273672940895 825.2261109742614 175 179 -1
178 -26.872320071049398 137.47831262878054 836.1509154879633 176 180 -1
179 -10.76961097516973 133.76902000423797 825.2068095485458 177 181 -1
180 -27.00545908869733 137.5677522692272 836.2921116169259 178 182 -1
181 -10.604417823992994 133.75606474085762 825.1890117502047 179 183 -1
182 -27.138381966384163 137.6578645495492 836.433083529011 180 184 -1
183 -10.438999847330088 133.74395272405016 825.172777748066 181 185 -1
184 -27.27106005275024 137.74864157360201 836.5738594201093 182 186 -1
185 -10.273365558133847 133.73276588132128 825.1581675046768 183 187 -1
186 -27.40346293947352 137.8400813216543 836.7144654025075 184 188 -1
187 -10.107526601118476 133.72258611603718 825.1452405782952 185 189 -1
188 -27.535561045532035 137.9321798965001 836.8549279829731 186 190 -1
189 -9.941497933765307 133.71349511201143 825.1340558985813 187 191 -1
190 -27.667326736312205 138.02493015641986 836.995273933285 188 192 -1
191 -9.775297986874278 133.7055741448136 825.1246715697731 189 193 -1
192 -27.79872811192346 138.11833325788047 837.1355284589738 190 194 -1
193 -9.608948813095369 133.69890383096458 825.1171445915954 191 195 -1
194 -27.92973994731718 138.21237879381079 837.2757180703712 192 196 -1
195 -9.44247622624436 133.69356360714954 825.1115302220142 193 197 -1
196 -28.060332148246378 138.30706512054215 837.4158678712084 194 198 -1
197 -9.275909851198849 133.68963170846285 825.1078820896784 195 199 -1
198 -28.190476622228857 138.40238738092654 837.5560030583206 196 200 -1
199 -9.109283189153079 133.6871847223412 825.1062516893005 197 201 -1
200 -28.32014783319669 138.49833768853162 837.6961483485013 198 202 -1
201 -8.94263362577039 133.68629721959473 825.1066880176833 199 203 -1
202 -28.449315318210015 138.59491475988597 837.8363282876445 200 204 -1
203 -8.776002392068248 133.68704136300494 825.1092371964647 201 205 -1
204 -28.577953865070977 138.69211078287077 837.9765667968949 202 206 -1
205 -8.609434473221462 133.68948649775447 825.113942086724 203 207 -1
206 -28.706038029082855 138.78991880338867 838.1168872110333 204 208 -1
207 -8.44297848760197 133.69369902461122 825.1208422618214 205 209 -1
208 -28.833538388624547 138.88833619528236 838.257313184384 206 210 -1
209 -8.276686462162113 133.69974147904372 825.1299730039626 207 211 -1
210 -28.960430192357332 138.98735541476947 838.3978672282619 208 212 -1
211 -8.110613537462973 133.70767209622332 825.1413649502516 209 213 -1
212 -29.086689248689055 139.0869687760886 838.5385711764493 210 214 -1
213 -7.944817671483187 133.7175447527541 825.1550441813262 211 215 -1
214 -29.212289447149377 139.1871705724448 838.6794468712453 212 216 -1
215 -7.779359503495266 133.72940975324795 825.1710332425113 213 217 -1
216 -29.337202436331587 139.2879568567996 838.8205164925632 214 218 -1
217 -7.614301353892544 133.7433101682151 825.1893470514847 215 219 -1
218 -29.46140727569902 139.3893175050823 838.9617996821792 216 220 -1
219 -7.449707586435137 133.75928598783955 825.2099978131337 217 221 -1
220 -29.584879701631877 139.49124558124177 839.1033164208578 218 222 -1
221 -7.285643196892146 133.77736946322767 825.2329898610335 219 223 -1
222 -29.707615111888597 139.5937353820309 839.245068409068 220 224 -1
223 -7.122174029072556 133.7975882873592 825.2583233777527 221 225 -1
224 -29.829646224143755 139.69678665838535 839.3870212721405 222 226 -1
225 -6.959365934323687 133.8199640545408 825.2859927775554 223 227 -1
226 -29.951015904539993 139.80039573221265 839.5291350915946 224 228 -1
227 -6.797284176035247 133.8445121233041 825.3159866873436 225 229 -1
228 -30.071764435957363 139.90456085644342 839.6713715157072 226 230 -1
229 -6.635992825227197 133.87124154182408 825.3482879920431 227 231 -1
230 -30.191930933046283 140.00928126456782 839.8136931057097 228 232 -1
231 -6.475554786527492 133.900156536964 825.3828754951862 229 233 -1
232 -30.311554026705934 140.1145566184107 839.9560630672332 230 234 -1
233 -6.3160302131675925 133.93125385972806 825.4197212347428 231 235 -1
234 -30.430671885478283 140.220386986862 840.0984451730935 232 236 -1
235 -6.157477583693786 133.96452671327123 825.458794643867 233 237 -1
236 -30.54932115414381 140.32677422582898 840.2408035406507 234 238 -1
237 -6.0 134.0 825.5 235 239 240
238 -30.667540100852303 140.43371820230578 840.3831027547058 236 241 -1
239 -5.86941959652162 134.00048406222822 825.347194221691 237 242 -1
240 -5.913600422262938 133.97468554952027 825.6638599962087 237 243 -1
241 -30.785366072814526 140.54121955595727 840.5253078883103 238 244 -1
242 -5.735624130547683 134.00186381333793 825.197077060978 239 245 -1
243 -5.827583857586997 133.95171168550277 825.8282276418945 240 246 -1
244 -30.902835594534377 140.6492798014742 840.6673842635361 241 247 -1
245 -5.598788288041753 134.00408353256717 825.04973633502 242 248 -1
246 -5.742152564363738 133.9311372603355 825.993217217232 243 249 -1
247 -31.01998485068469 140.75790076668954 840.8092974059388 244 250 -1
248 -5.458976800348267 134.00709940528824 824.9052308200409 245 251 -1
249 -5.657322437192764 133.9129628664772 826.1587977752489 246 252 -1
250 -31.136849711203016 140.86708457570143 840.951012976678 247 253 -1
251 -5.316199781076888 134.01088091745984 824.7636729417533 248 254 -1
252 -5.573109150047778 133.8971883326291 826.3249382954681 249 255 -1
253 -31.253465756428522 140.97683363234333 841.092496705627 250 256 -1
254 -5.1704921138363975 134.01538897435094 824.6251554121417 251 257 -1
255 -5.489527005672992 133.88380846269322 826.4916068023438 252 258 -1
256 -31.369868302144454 141.0871506038922 841.233714325328 253 259 -1
257 -5.021909003001929 134.02057791165814 824.4897513940707 254 260 -1
258 -5.406589508309939 133.87281560803058 826.6587711426693 255 261 -1
259 -31.48609242439816 141.19803840490275 841.3746315056496 256 262 -1
260 -4.87049559291135 134.02640285608913 824.3575462334287 257 263 -1
261 -5.324309715862898 133.8642011005591 826.8263993547522 258 264 -1
262 -31.60217293205649 141.30950045631542 841.5152136128266 259 265 -1
263 -4.716295398428512 134.03281710333474 824.2286302215965 260 266 -1
264 -5.242699882412593 133.85795404355954 826.9944594808919 261 267 -1
265 -31.71814443657357 141.42154095160816 841.6554253725157 262 268 -1
266 -4.55937190863849 134.0397676550358 824.103072078062 263 269 -1
267 -5.161771428673643 133.85406136952173 827.162919670705 264 270 -1
268 -31.8340417108641 141.5341623577658 841.795232516323 265 271 -1
269 -4.399794360313438 134.04719875886218 823.9809332925346 266 272 -1
270 -5.081534917094993 133.8525079060415 827.3317482809446 267 273 -1
271 -31.94989911028438 141.64736842735718 841.9345998080795 268 274 -1
272 -4.237631061018309 134.05505308714572 823.8622764030262 269 275 -1
273 -5.002000031636281 133.85327644903668 827.5009139711963 270 276 -1
274 -32.06575086963734 141.7611630772589 842.0734916250196 271 277 -1
275 -4.0729551043974075 134.06327063931172 823.7471573992137 272 278 -1
276 -4.923175562206091 133.85634784250777 827.6703857949107 273 279 -1
277 -32.18163112406011 141.87555037074685 842.2118718939282 274 280 -1
278 -3.9058438599051146 134.07178896791476 823.6356255095602 275 281 -1
279 -4.845069393697509 133.86170106403887 827.8401332852981 276 282 -1
280 -32.29757392882994 141.99053449883976 842.3497040271498 277 283 -1
281 -3.73637844639915 134.0805434121267 823.5277230582109 278 284 -1
282 -4.767688752907677 133.86931408944338 828.0101266107059 279 285 -1
283 -32.41361327795371 142.1061197607549 842.4869508583821 280 286 -1
284 -3.564643198393569 134.08946733505022 823.4234853906403 281 287 -1
285 -4.691039931590138 133.87916309185016 828.1803365276664 282 288 -1
286 -32.52978312139719 142.22231054332693 842.6235745781834 283 289 -1
287 -3.3907251333999824 134.09849236137524 823.3229408656717 284 290 -1
288 -4.615127676334666 133.8912207481564 828.3507343253457 285 291 -1
289 -32.64611738080463 142.3391112992398 842.7595366691364 286 292 -1
290 -3.2147134282158465 134.1075486121193 823.2261109102943 287 293 -1
291 -4.539956218510641 133.90545947065183 828.5212921926724 288 294 -1
292 -32.76264996354547 142.45652652391024 842.8947978406325 289 295 -1
293 -3.0366989112886693 134.11656493348664 823.1330101326835 290 296 -1
294 -4.465528893482319 133.9218502925747 828.6919831417891 291 297 -1
295 -32.879415522219716 142.57456248438413 843.0293157652573 292 298 -1
296 -2.8567735774323193 134.12546911722654 823.043646488017 293 299 -1
297 -4.391848153883826 133.94036297101093 828.862781057334 294 300 -1
298 -32.99644758313304 142.69322232067702 843.1630508988916 295 301 -1
299 -2.675028688346823 134.13418789400302 822.9580246121722 296 302 -1
300 -4.318915586057389 133.96096608996203 829.0336607393864 297 303 -1
301 -33.113780004242976 142.81251026296613 843.295961490931 298 304 -1
302 -2.491554116480344 134.14264670337624 822.8761474227534 299 305 -1
303 -4.246732724655445 133.98362931327196 829.204597976709 300 306 -1
304 -33.231446760569604 142.9324307239671 843.4280044498768 301 307 -1
305 -2.3064475396195716 134.15077180229454 822.7979945456143 302 308 -1
306 -4.175298991685722 134.00831777476358 829.3755694263011 303 309 -1
307 -33.34948185309855 143.05298801658634 843.5591355752522 304 310 -1
308 -2.119801499726651 134.1584886858127 822.7235496052627 305 311 -1
309 -4.104613208525608 134.03499635112865 829.5465528115362 306 312 -1
310 -33.467919308520756 143.17418631887594 843.6893094902928 307 313 -1
311 -1.9317077439650365 134.16572271613913 822.6527909852941 308 314 -1
312 -4.034673703777715 134.06362992356037 829.7175269049059 309 315 -1
313 -33.586793204088664 143.29602967537824 843.8184795113133 310 316 -1
314 -1.7422569539324253 134.1723992581425 822.585692178746 311 317 -1
315 -3.965478059596031 134.09418269904143 829.8884715199981 312 318 -1
316 -33.70613997814953 143.41852494558256 843.946592528278 313 319 -1
317 -1.5515380394231728 134.1784435141447 822.5222235954338 314 320 -1
318 -3.8970235498720256 134.12661932652782 830.0593674829242 315 321 -1
319 -33.82599176060914 143.54167276611932 844.073603690005 316 322 -1
320 -1.3596345242297845 134.18377793141138 822.4623645040705 317 323 -1
321 -3.82930662731712 134.1609035718274 830.2301966499882 318 324 -1
322 -33.94638264125578 143.6654763730655 844.1994621713898 319 325 -1
323 -1.1666382381274336 134.18833132568864 822.406059822576 320 326 -1
324 -3.7623221021495925 134.19699635292284 830.4009420423336 321 327 -1
325 -34.067346680617604 143.78993864660336 844.3241156337328 322 328 -1
326 -0.9726336928898329 134.1920301288171 822.3532669357332 323 329 -1
327 -3.6960648660238955 134.23486005208866 830.5715876824287 324 330 -1
328 -34.188918670776495 143.91506286898903 844.447508550942 325 331 -1
329 -0.7777035473746077 134.19480123133667 822.3039401280837 326 332 -1
330 -3.630529219521683 134.2744568017219 830.7421186319107 327 333 -1
331 -34.31113529068702 144.04085364727098 844.5695798064517 328 334 -1
332 -0.5819285575350868 134.1965720318836 822.2580309135373 329 335 -1
333 -3.565708904399274 134.31574855660372 830.9125209795163 330 336 -1
334 -34.43402670943903 144.1673088748974 844.6902792913388 331 337 -1
335 -0.38538454106390296 134.1972654889006 822.2155028196696 332 338 -1
336 -3.5015979072033363 134.35869894261353 831.0827816572966 333 339 -1
337 -34.55760098835105 144.29441616793585 844.8095887078724 334 340 -1
338 -0.18815165498343234 134.19681371244135 822.1762899562843 335 341 -1
339 -3.4381882903272643 134.40326819203634 831.2528888743141 336 342 -1
340 -34.681836160154305 144.42214821283508 844.9275368691764 337 343 -1
341 0.009694574891704518 134.1951465940938 822.1403349546969 338 344 -1
342 -3.3754721409161017 134.44941772657066 831.4228317386638 339 345 -1
343 -34.80670648905501 144.55047503316143 845.0441613196264 340 346 -1
344 0.20808124972534653 134.19220956323736 822.1075811062866 341 347 -1
345 -3.313441280795289 134.49710942614976 831.5926002767534 342 348 -1
346 -34.93218307158707 144.67936372862715 845.1595085275335 343 349 -1
347 0.4069402126362402 134.18807512089745 822.0779699181581 344 350 -1
348 -3.252087130224681 134.54630529012897 831.7621854425814 345 351 -1
349 -35.058240786920976 144.8087849531498 845.2736192839678 346 352 -1
350 0.6062102054383042 134.18287698370156 822.0514496265339 347 353 -1
351 -3.1914007372337383 134.59696748329569 831.9315790923123 348 354 -1
352 -35.18485621623297 144.93871086840156 845.3865328304714 349 355 -1
353 0.8058335773773151 134.17675333406993 822.0279564912919 350 356 -1
354 -3.1313728060370987 134.6490583777185 832.1007739576779 351 357 -1
355 -35.311999899501394 145.0691082254741 845.4983035948776 352 358 -1
356 1.0057574537487837 134.16984223760403 822.0074228213974 353 359 -1
357 -3.0719942439292334 134.70254169160873 832.2697634470794 354 360 -1
358 -35.439647400160965 145.1999483626576 845.6089773544214 355 361 -1
359 1.2059343086397711 134.1622790072818 821.9897870501472 356 362 -1
360 -3.0132546351151426 134.75737920750737 832.4385421161289 357 363 -1
361 -35.567775240351786 145.33120342893915 845.7185998149478 358 364 -1
362 1.4063207695890811 134.1541983236777 821.9749878084339 359 365 -1
363 -2.955143745187693 134.81353399153605 832.6071051803308 360 366 -1
364 -35.6963551853113 145.46284156090738 845.8272291441943 361 367 -1
365 1.606877242546795 134.1457342534195 821.9629641954816 362 368 -1
366 -2.8976511672492626 134.87096959146578 832.7754485955152 363 369 -1
367 -35.825364209926136 145.5948354206312 845.9349140415678 364 370 -1
368 1.8075678668538795 134.13701991353417 821.9536648001689 365 371 -1
369 -2.8407662769152697 134.92964991423224 832.9435690502705 366 372 -1
370 -35.954777836104995 145.72715647843876 846.041708266495 367 373 -1
371 2.008359003868485 134.12818961046096 821.9470236242267 368 374 -1
372 -2.784478253937106 134.98953924560016 833.1114639369921 369 375 -1
373 -36.08456987093653 145.85977498186583 846.1476711238298 370 376 -1
374 2.209220015849045 134.1193762816199 821.9429796873166 371 377 -1
375 -2.7287761026051873 135.0506022667117 833.2791313231498 372 378 -1
376 -36.21471880897631 145.9926649322384 846.2528533112132 373 379 -1
377 2.410122652841543 134.11071242851457 821.9414758483365 374 380 -1
378 -2.6736486709321774 135.1128040676883 833.4465699229057 375 381 -1
379 -36.34519916029412 146.12579737929616 846.3573158192972 376 382 -1
380 2.611040544815661 134.10233053250937 821.9424561565129 377 383 -1
381 -2.61908466862229 135.17611015845353 833.6137790691897 378 384 -1
382 -36.475987158645786 146.2591448785516 846.4611172635663 379 385 -1
383 2.8119488297258446 134.0943632375876 821.9458658898648 380 386 -1
384 -2.5650726838398374 135.24048647694318 833.7807586863341 381 387 -1
385 -36.60706177767491 146.39268191069453 846.564311785282 382 388 -1
386 3.0128236335524137 134.086945363016 821.951657783195 383 389 -1
387 -2.5116011987950446 135.3058993948663 833.9475092633502 384 390 -1
388 -36.7383977849684 146.5263803393222 846.6669635948003 385 391 -1
389 3.213641896073422 134.0802107826445 821.9597771083796 386 392 -1
390 -2.4586586041707696 135.3723157211745 834.1140318279165 387 393 -1
391 -36.869973640000254 146.6602145702872 846.7691301766154 388 394 -1
392 3.414381113154645 134.0742929560981 821.9701688245248 389 395 -1
393 -2.406233212416739 135.43970270339378 834.2803279211388 390 396 -1
394 -37.001767216439475 146.79415871121444 846.870871236938 391 397 -1
395 3.615018744514573 134.06932725890542 821.9827830177053 392 398 -1
396 -2.3543132699416156 135.5080280269666 834.4463995731295 393 399 -1
397 -37.13375535644408 146.92818662852906 846.9722491250839 394 400 -1
398 3.815531895827947 134.06545025801742 821.9975708044486 395 401 -1
399 -2.302886968236984 135.57725981274405 834.6122492794449 396 402 -1
400 -37.265917370338684 147.0622733965592 847.0733222312518 397 403 -1
401 4.015896938626073 134.0627999075601 822.0144842267991 398 404 -1
402 -2.2519424539663646 135.6473666127651 834.7778799784065 399 405 -1
403 -37.3982308442048 147.1963936176325 847.1741525149296 400 406 -1
404 4.216088103252587 134.06152346749477 822.0334865858874 401 407 -1
405 -2.201467838057999 135.71831740444782 834.9432950293308 402 408 -1
406 -37.53067404722121 147.33052249654497 847.274800810805 403 409 -1
407 4.416079808997765 134.06175628835695 822.0545209477848 404 410 -1
408 -2.1514512038372615 135.79008158331447 835.1084981916749 405 411 -1
409 -37.66322656489206 147.46463527918445 847.3753265828433 406 412 -1
410 4.615843819718417 134.06364159680717 822.077541234373 407 413 -1
411 -2.1018806142384983 135.86262895436246 835.2734936051095 408 414 -1
412 -37.79586636663545 147.59870764887145 847.4757911172339 409 415 -1
413 4.8153495408583895 134.06732468769755 822.1025017654274 410 416 -1
414 -2.0527441181333588 135.93592972218732 835.4382857705137 411 417 -1
415 -37.928572526279495 147.73271553639717 847.5762540520803 412 418 -1
416 5.014562833059294 134.07295783246144 822.1293612881419 413 419 -1
417 -2.0040297558160827 136.0099544799548 835.6028795318907 414 420 -1
418 -38.06132442772022 147.8666341752208 847.6767755425369 415 421 -1
419 5.213446188654573 134.08069549190043 822.1580769807684 416 422 -1
420 -1.9557255636815736 136.084674197314 835.7672800591903 417 423 -1
421 -38.194100825923954 148.00044035528225 847.7774143613481 418 424 -1
422 5.4119603519137485 134.0906820262654 822.1885955716095 419 425 -1
423 -1.9078195781366418 136.16006020733406 835.9314928320267 420 426 -1
424 -38.3268810536882 148.13411045044978 847.8782288058271 421 427 -1
425 5.610060796763884 134.1030713126715 822.2208704362461 422 428 -1
426 -1.8602998387786955 136.23608419254242 836.0955236242714 423 429 -1
427 -38.45964420526874 148.26761960980122 847.9792787062057 424 430 -1
428 5.807696149525008 134.1180308682116 822.2548612613398 425 431 -1
429 -1.8131543908802437 136.312718170133 836.2593784895002 426 432 -1
430 -38.59236961674963 148.40094533760467 848.0806199311321 427 433 -1
431 6.004812014970372 134.13571726043926 822.2905171573897 428 434 -1
432 -1.766371287212441 136.38993447640883 836.4230637472722 429 435 -1
433 -38.72503667006004 148.53406434969534 848.1823087004599 430 436 -1
434 6.201349810852266 134.15628187681804 822.3277828569011 431 437 -1
435 -1.7199385892425239 136.4677057505154 836.5865859702104 432 438 -1
436 -38.857624340893274 148.66695239122268 848.2844022722769 433 439 -1
437 6.397241393208297 134.17989431765622 822.3666109472615 434 440 -1
438 -1.673844367737139 136.54600491751606 836.7499519718601 435 441 -1
439 -38.9901118062874 148.79958616101638 848.3869555171044 436 442 -1
440 6.592412676289911 134.20671702302164 822.4069509726037 437 443 -1
441 -1.6280767028037397 136.6248051708538 836.913168795291 438 444 -1
442 -39.122478601806876 148.93194320925875 848.4900207876663 439 445 -1
443 6.786804661219812 134.23678284221464 822.4487411187682 440 446 -1
444 -1.5826237197873043 136.70408000810912 837.0762436862517 441 447 -1
445 -39.25470394432429 149.06400036475733 848.5936507414065 442 448 -1
446 6.9803616119875 134.27008043812413 822.4919339772152 443 449 -1
447 -1.5374736055286642 136.78380323203132 837.2391840771511 444 450 -1
448 -39.386766338532155 149.19573326275096 848.6978992991361 445 451 -1
449 7.173033532313326 134.30658104505693 822.5364749138921 446 452 -1
450 -1.4926143199138298 136.863948514897 837.4019977031159 447 453 -1
451 -39.51864494129236 149.32711907922985 848.8028163466054 448 454 -1
452 7.364777814830475 134.34623813964023 822.5823021710831 449 455 -1
453 -1.4480339694239002 136.9444899363063 837.564692425794 450 456 -1
454 -39.650319158685114 149.4581355083311 848.9084495420694 451 457 -1
455 7.555542549439595 134.38904279608866 822.6293690939356 452 458 -1
456 -1.4037206629076975 137.02540174908245 837.72727628918 453 459 -1
457 -39.78176793630412 149.58875950609647 849.01484671292 454 460 -1
458 7.745292281192456 134.43493957169198 822.6776106767808 455 461 -1
459 -1.3596625088396075 137.10665835871768 837.8897575119713 456 462 -1
460 -39.912970147878866 149.71896806419517 849.1220543241765 457 463 -1
461 7.933986769315344 134.48389569995794 822.7269710625636 458 464 -1
462 -1.3158476121972758 137.18823430237964 838.0521444804281 459 465 -1
463 -40.04390504457606 149.84873844175146 849.2301166085041 460 466 -1
464 8.12158547192901 134.53588423096517 822.7773962646772 461 467 -1
465 -1.2722640709797879 137.27010422748714 838.214445741699 462 468 -1
466 -40.174568883293624 149.97806648484482 849.3390339105135 463 469 -1
467 8.308062310052142 134.59084501923846 822.8288210818041 464 470 -1
468 -1.2288999723866525 137.35224286985917 838.3766699975738 465 471 -1
469 -40.30497329741131 150.10696496646332 849.4487682943754 466 472 -1
470 8.493376428238422 134.64876256699148 822.8811954227482 467 473 -1
471 -1.1857433886769244 137.43462503143766 838.5388260986233 468 474 -1
472 -40.43512980550421 150.2354461125818 849.5592836714297 469 475 -1
473 8.677507282327186 134.70957500655962 822.9344544478249 470 476 -1
474 -1.1427823727260569 137.51722555758207 838.700923038689 471 477 -1
475 -40.56504997009564 150.36352213357065 849.6705448925238 472 478 -1
476 8.860425305477674 134.7732487530101 822.988542597688 473 479 -1
477 -1.1000049532984044 137.60001931393035 838.8629699496784 474 480 -1
478 -40.69474538799709 150.49120521423333 849.7825177048884 475 481 -1
479 9.042104885571652 134.83974523447472 823.0434028342924 476 482 -1
480 -1.0573991300515804 137.68298116281835 839.0249760966285 477 483 -1
481 -40.824227681968644 150.618507505214 849.8951687097493 478 484 -1
482 9.222531135606731 134.90900697859558 823.0989736208847 479 485 -1
483 -1.0149528682889897 137.7660859392472 839.1869508729925 480 486 -1
484 -40.95350849360481 150.7454411156695 850.0084653207003 481 487 -1
485 9.401672541039972 134.98101719369734 823.1552038750898 482 488 -1
486 -0.9726540934756366 137.84930842638568 839.348903796108 483 489 -1
487 -41.08259947735363 150.8720181071045 850.1223757228582 484 490 -1
488 9.579524169079315 135.0557066681653 823.2120303357051 485 491 -1
489 -0.9304906855324631 137.9326233305929 839.5108445028005 486 492 -1
490 -41.211512295583574 150.9982504882767 850.2368688328088 487 493 -1
491 9.756062060367679 135.13305040360734 823.2694002639464 488 494 -1
492 -0.8884504729244417 138.0160052559434 839.6727827450795 489 495 -1
493 -41.34025861461956 151.12415021108518 850.3519142593417 490 496 -1
494 9.931276185477953 135.21299872610157 823.3272559473505 491 497 -1
495 -0.846521226555767 138.09942867823838 839.8347283858762 492 498 -1
496 -41.46885010167126 151.2497291673583 850.4674822649727 493 499 -1
497 10.105156201567546 135.29550681630118 823.3855413343686 494 500 -1
498 -0.8046906534884103 138.1828679184798 839.9966913947768 495 501 -1
499 -41.597298422586555 151.37499918646748 850.5835437282337 496 502 -1
500 10.277684534749271 135.38054681064648 823.4442032737942 497 503 -1
501 -0.7629463904977327 138.2662971157883 840.1586818436991 498 504 -1
502 -41.72561524036148 151.49997203369318 850.7000701067209 499 505 -1
503 10.448862614006574 135.46805882529844 823.5031844709367 500 506 -1
504 -0.7212759585445703 138.3496901956719 840.3207098945488 501 507 -1
505 -41.85381221434838 151.62465940927862 850.8170334008702 502 508 -1
506 10.618671626800856 135.5580231353106 823.5624331799995 503 509 -1
507 -0.6796618175811437 138.4330203265708 840.4827847919382 504 510 -1
508 -41.98190100010461 151.7490729481093 850.9344061184385 505 511 -1
509 10.787114037093716 135.65038467947508 823.6218940509524 506 512 -1
510 -0.6380762879102257 138.51625936744014 840.6449138308426 507 513 -1
511 -42.10989324982861 151.87322421996151 851.0521612396558 508 514 -1
512 10.954181765634377 135.7451100597936 823.6815144559109 509 515 -1
513 -0.5964901977171766 138.59937857996172 840.8071041894318 510 516 -1
514 -42.23780061333448 151.99712473026528 851.170272183018 511 517 -1
515 11.119867656653115 135.84216652303337 823.7412418166273 512 518 -1
516 -0.5548740979085739 138.68234914636517 840.9693629432078 513 519 -1
517 -42.36563473951847 152.12078592133423 851.2887127716816 514 520 -1
518 11.284176907576628 135.94150320088963 823.801023470639 515 521 -1
519 -0.5131982853927972 138.7651417922391 841.1316972309422 516 522 -1
520 -42.49340727827568 152.2442191740147 851.4074572004204 517 523 -1
521 11.447094124882302 136.04310534366516 823.8608076670099 518 524 -1
522 -0.4714327616998777 138.8477268476001 841.2941141776915 519 525 -1
523 -42.621129882825386 152.36743580971236 851.5264800031055 520 526 -1
524 11.608630021847135 136.14691777494508 823.920542921696 521 527 -1
525 -0.4295472205986971 138.9300742140769 841.4566208721074 522 528 -1
526 -42.74881421240897 152.49044709275572 851.6457560206641 523 529 -1
527 11.768777539453932 136.25291602773004 823.9801778569829 524 530 -1
528 -0.3875107888678545 139.01215292398558 841.6192244839159 525 531 -1
529 -42.87647193532396 152.6132642330593 851.7652603694737 526 532 -1
530 11.927536211737056 136.36106676899988 824.0396613955286 527 533 -1
531 -0.34529251062746896 139.09393199328605 841.7819319172203 528 534 -1
532 -43.00411473226286 152.7358983890521 851.884968410144 529 535 -1
533 12.084912415178371 136.47132798699488 824.0989438023413 530 536 -1
534 -0.30286115748904274 139.17537997750082 841.9447499478957 531 537 -1
535 -43.131754299923536 152.85836067083733 852.0048557166423 532 538 -1
536 12.240894195399816 136.5836869194252 824.1579723798526 533 539 -1
537 -0.26018493043333807 139.25646452580312 842.1076853257426 534 540 -1
538 -43.2594023548641 152.98066214355407 852.1248980457121 535 541 -1
539 12.395495541382667 136.6980931881476 824.216699276668 536 542 -1
540 -0.21723120533432166 139.33715206708058 842.2707448117052 537 543 -1
541 -43.38707063757194 153.10281383091007 852.2450713065379 538 544 -1
542 12.548708994738481 136.81452967434572 824.2750723055453 539 545 -1
543 -0.1739680525667882 139.4174099148778 842.4339344892248 540 546 -1
544 -43.51477091672164 153.2248267188591 852.3653515306047 541 547 -1
545 12.700541298457859 136.93296040003997 824.3330408300809 542 548 -1
546 -0.130362166080419 139.49720331240752 842.5972606325385 543 549 -1
547 -43.64251499359562 153.34671175939565 852.4857148417035 544 550 -1
548 12.85101187590928 137.05333805498861 824.3905480714815 545 551 -1
549 -0.08637996282919728 139.57649698398743 842.7607291702982 546 552 -1
550 -43.770314706641344 153.46847987444076 852.6061374260321 547 553 -1
551 13.000136090789166 137.17562521968668 824.4475313229046 548 554 -1
552 -0.0419882612286368 139.65525595298115 842.9243454270131 549 555 -1
553 -43.89818203785968 153.59014183827003 852.7265955170194 550 556 -1
554 13.14794948896901 137.29975825740212 824.503935904278 551 557 -1
555 0.002848382545966275 139.73344205162468 843.0881150239765 552 558 -1
556 -44.026128901919265 153.7117086205022 852.8470652517941 553 559 -1
557 13.294467560833546 137.42570400099348 824.5596981478141 554 560 -1
558 0.04816329673649882 139.81101953738695 843.2520423158387 555 561 -1
559 -44.15416722826122 153.83319114857954 852.9675228037287 556 562 -1
560 13.43972626014747 137.5534026832262 824.6147641879426 557 563 -1
561 0.09399323833484939 139.8879479689287 843.4161322004568 558 564 -1
562 -44.28230904765363 153.95460026303923 853.0879443145271 559 565 -1
563 13.583751224510923 137.682810902927 824.6690748647273 560 566 -1
564 0.14037243478591477 139.96418971996465 843.5803881428047 561 567 -1
565 -44.410566451203024 154.0759467935722 853.2083058398771 562 568 -1
566 13.726570650904799 137.8138834546381 824.7225719247316 563 569 -1
567 0.18733800695085093 140.03970311375255 843.7448138190932 564 570 -1
568 -44.53895159522331 154.19724156295698 853.3285833190395 565 571 -1
569 13.86822191886525 137.9465641392235 824.7752037546023 566 572 -1
570 0.23492620313385218 140.1144470992854 843.9094119084283 567 573 -1
571 -44.667476706070936 154.31849539091755 853.4487525441673 568 574 -1
572 14.00872573531438 138.08082119212725 824.8269056568813 569 575 -1
573 0.28317344727833743 140.18837988068492 844.0741843836681 570 576 -1
574 -44.796154084919245 154.43971909787976 853.5687891293001 571 577 -1
575 14.148125707851316 138.21659274263524 824.8776314073075 572 578 -1
576 0.33211857429856884 140.26145613304934 844.239133002065 573 579 -1
577 -44.924996112445285 154.56092350860177 853.6886684789773 574 580 -1
578 14.286448441642195 138.353841478347 824.9273202750185 575 581 -1
579 0.3817985838530252 140.33363216626205 844.4042581519232 576 582 -1
580 -45.05401525339878 154.6821194556506 853.8083657564173 577 583 -1
581 14.423729626239258 138.49251869012306 824.9759195485262 578 584 -1
582 0.432251556066977 140.40486228693015 844.5695595531965 579 585 -1
583 -45.183224061023004 154.8033177826966 853.9278558512065 580 586 -1
584 14.56000623976691 138.63257481621662 825.0233785837821 581 587 -1
585 0.4835162708899217 140.47509921439078 844.735036067447 582 588 -1
586 -45.31263518129382 154.92452934759692 854.0471133464436 583 589 -1
587 14.695305539033559 138.77397443219962 825.0696349032685 584 590 -1
588 0.5356324796277315 140.544293687366 844.9006856558228 585 591 -1
589 -45.442261356942524 155.0457650252358 854.1661124852833 586 592 -1
590 14.829670623663102 138.91666096153847 825.1146457638174 587 593 -1
591 0.5886392629502475 140.6123964093385 845.0665049696534 588 594 -1
592 -45.572115431223494 155.16703571008847 854.2848271368262 589 595 -1
593 14.963131155796427 139.0605968140861 825.1583511530957 590 596 -1
594 0.6425758963704588 140.67935692732667 845.2324894759137 591 597 -1
595 -45.7022103278285 155.28835229645165 854.4032308098449 592 598 -1
596 15.095724088951803 139.20573470033685 825.2007010227068 593 599 -1
597 0.6974822626015857 140.74512305758384 845.3986334415255 594 600 -1
598 -45.83255277205714 155.40971981716194 854.5213095916675 595 601 -1
599 15.22748766760311 139.35202570568447 825.2416487138685 596 602 -1
600 0.7533983845522877 140.8096413868672 845.5649297570642 597 603 -1
601 -45.963132928420855 155.53112782854612 854.6390837234628 598 604 -1
602 15.358449821724909 139.49943536598607 825.2811293298602 599 605 -1
603 0.8103643519523711 140.8728572901493 845.7313698398798 600 606 -1
604 -46.0939380318617 155.65256321000592 854.7565796956952 601 607 -1
605 15.488653061465902 139.6479087894208 825.3191051580175 602 608 -1
606 0.8684202389988429 140.93471495808564 845.8979435353933 603 609 -1
607 -46.22495521302767 155.77401280982977 854.8738244187905 604 610 -1
608 15.618129858149501 139.79740488797088 825.3555205855474 605 611 -1
609 0.927606012623278 140.99515743526695 846.0646390172636 606 612 -1
610 -46.35617150276889 155.89546345039355 854.9908451900436 607 613 -1
611 15.746913287773696 139.94788142115922 825.3903206531159 608 614 -1
612 0.9879614310417796 141.0541266703113 846.2314426872542 609 615 -1
613 -46.487573836312386 156.01690193303398 855.1076696597927 610 616 -1
614 15.87504191332268 140.09928787793424 825.4234648848673 611 617 -1
615 1.0495259323231108 141.1115635788598 846.398339075766 612 618 -1
616 -46.61914905714302 156.13831504262254 855.2243257969164 613 619 -1
617 16.00254663220672 140.2515840051093 825.4548947279088 614 620 -1
618 1.1123398105171294 141.1674064531398 846.5653108008281 615 621 -1
619 -46.750883920622606 156.25968955187193 855.34084185371 616 622 -1
620 16.12946255072692 140.40472281667505 825.4845636221822 617 623 -1
621 1.1764407404606105 141.22159531899396 846.7323382730278 618 624 -1
622 -46.88276509737878 156.38101222540718 855.4572463301964 619 625 -1
623 16.255825117180855 140.55865592627148 825.5124291388125 620 626 -1
624 1.2418662292802642 141.27406875728312 846.8993998025746 621 627 -1
625 -47.01477917650187 156.5022698236377 855.5735679379285 622 628 -1
626 16.38166414869016 140.7133420279849 825.5384316627604 623 629 -1
627 1.3086531180627705 141.32476445939554 847.0664714722047 624 630 -1
628 -47.14691266858623 156.62344910646647 855.689835563338 625 631 -1
629 16.507014224845534 140.86873183593556 825.562530108489 626 632 -1
630 1.3768385500357834 141.3736178575593 847.2335270073703 627 633 -1
631 -47.27915202304209 156.74453682052678 855.8060782313382 628 634 -1
632 16.631908309125055 141.0247771387662 825.5846817921979 629 635 -1
633 1.4464575177333219 141.4205652645566 847.4005376925211 630 636 -1
634 -47.41148374178499 156.86551951065226 855.922325141349 631 637 -1
635 16.75637536917384 141.1814340937322 825.6048289910889 632 638 -1
636 1.5175418550724247 141.4655452321445 847.5674724638652 633 639 -1
637 -47.54389390722245 156.98638413522804 856.0386055331415 634 640 -1
638 16.88044751230044 141.33865287305065 825.6229315346578 635 641 -1
639 1.5901247163649201 141.50849248305576 847.7342976186924 636 642 -1
640 -47.676368741755375 157.10711748795745 856.1549486213064 637 643 -1
641 17.004155596092684 141.49638390692758 825.6389492162891 638 644 -1
642 1.6642367952091277 141.549342897039 847.900976896551 639 645 -1
643 -47.808894404502816 157.227706380357 856.2713836050924 640 646 -1
644 17.127527679175177 141.65457989952847 825.6528304412633 641 647 -1
645 1.7399039448880291 141.58803685401827 848.0674718479066 642 648 -1
646 -47.941456994331126 157.3481376453336 856.3879396301891 643 649 -1
647 17.250592093670452 141.81319137146772 825.6645294143368 644 650 -1
648 1.8171553406428016 141.6245078607226 848.2337408030307 645 651 -1
649 -48.074042553041146 157.46839814088455 856.5046457504546 646 652 -1
650 17.37337769181769 141.97216642730132 825.6740123531972 647 653 -1
651 1.8960119008427299 141.65869871723768 848.3997404191219 648 654 -1
652 -48.2066370687608 157.5884747539615 856.6215308896473 649 655 -1
653 17.49591106015931 142.13145443639903 825.6812374671212 650 656 -1
654 1.9764954758644655 141.69054865556697 848.5654244270337 651 657 -1
655 -48.339253974267 157.70830017635987 856.7386481079096 652 658 -1
656 17.6182167237688 142.2910052863279 825.6861506080975 653 659 -1
657 2.0586249932484217 141.7199987371131 848.7307441732153 654 660 -1
658 -48.47208003924035 157.8274620417926 856.8562041008819 655 661 -1
659 17.740320730640352 142.45076527192555 825.6887235568063 656 662 -1
660 2.1424132529076556 141.74699670056233 848.8956495824732 657 663 -1
661 -48.605371839406914 157.9453950457097 856.9744692920065 658 664 -1
662 17.86224702097404 142.61068146028015 825.688920125055 659 665 -1
663 2.227876061480873 141.77148347715772 849.0600869060856 660 666 -1
664 -48.73938557437877 158.0615055701877 857.0937167863393 661 667 -1
665 17.984018313591548 142.77070047397632 825.6867033998276 662 668 -1
666 2.315017805703103 141.79341487471189 849.2240028232512 663 669 -1
667 -48.87438220064883 158.17514294444425 857.2142297540847 664 670 -1
668 18.105655827453507 142.93076825532023 825.6820280951091 665 671 -1
669 2.4038469758005587 141.81273827706556 849.3873400712748 666 672 -1
670 -49.01061305945091 158.28561540437508 857.336284425762 667 673 -1
671 18.227180618588513 143.09082965190487 825.6748666325931 668 674 -1
672 2.4943631102585346 141.82941270085718 849.550041751888 669 675 -1
673 -49.14832622500593 158.3921490463358 857.4601605663885 670 676 -1
674 18.348612333840578 143.25082936036475 825.6651908420652 671 677 -1
675 2.5865637733702354 141.84339832397478 849.7120493607855 672 678 -1
676 -49.28776284144267 158.49386211141095 857.5861392064522 673 679 -1
677 18.46996926354837 143.4107116130691 825.652970442698 674 680 -1
678 2.680445672827195 141.85465463544867 849.873302229923 675 681 -1
679 -49.42915234625717 158.58972585878843 857.7145005061849 676 682 -1
680 18.591266200677993 143.5704235736645 825.6381940954234 677 683 -1
681 2.775996028608197 141.8631547522077 850.0337418071693 678 684 -1
682 -49.57265720042303 158.6786683679476 857.845464798487 679 685 -1
683 18.712507824339056 143.72992709838567 825.6209215922473 680 686 -1
684 2.873202120271858 141.86887018769482 850.1933077213772 681 687 -1
685 -49.71822920534373 158.7599897921941 857.979074567434 682 688 -1
686 18.833697240659877 143.88918947860702 825.6012265504039 683 689 -1
687 2.972049072795762 141.87177443311597 850.3519387481163 684 690 -1
688 -49.86561015613351 158.83354893082839 858.1151765744386 685 691 -1
689 18.9548391990594 144.04818172188834 825.5791951110047 686 692 -1
690 3.0725136157002635 141.87185410588089 850.5095769660064 687 693 -1
691 -50.01451922196087 158.89929398933484 858.2535948012229 688 694 -1
692 19.075939510497523 144.20687623579997 825.5549035772499 689 695 -1
693 3.1745717294484415 141.86909622659704 850.6661638915724 690 696 -1
694 -50.16466811093323 158.95723493969749 858.3941450516159 691 697 -1
695 19.197005147453066 144.36524738375888 825.5284266610877 692 698 -1
696 3.2781959949828563 141.8634930216223 850.82164232512 693 699 -1
697 -50.31576472065092 159.00746546319255 858.5366347460911 694 700 -1
698 19.318044164994642 144.52327134697182 825.4998374413287 695 701 -1
699 3.38335575396003 141.85504200903785 850.9759567260653 696 702 -1
700 -50.46752242972461 159.05015850078794 858.6808704706991 697 703 -1
701 19.43906562747205 144.68092599042194 825.4692073373371 698 704 -1
702 3.4900172994938963 141.8437460405073 851.1290535804583 699 705 -1
703 -50.619668313816064 159.08555285759093 858.8266659829796 700 706 -1
704 19.560079540881382 144.83819073336838 825.4366060966269 701 707 -1
705 3.598144095086136 141.82961329764578 851.2808817551385 702 708 -1
706 -50.7719488855906 159.11396045174925 858.9738444084531 703 709 -1
707 19.68109679089067 144.99504642468898 825.4021017948132 704 710 -1
708 3.7076970188397333 141.81265724237508 851.4313928330864 705 711 -1
709 -50.924135864960654 159.13574005535054 859.122245988069 706 712 -1
710 19.802129086456418 145.1514752232729 825.3657608464703 707 713 -1
711 3.8186346295031446 141.79289652163487 851.5805414248393 708 714 -1
712 -51.076028470579516 159.15128838147314 859.2717302778491 709 715 -1
713 19.923188908920267 145.30746048357014 825.3276480255901 710 716 -1
714 3.9309134504620586 141.7703548277023 851.7282854512631 711 717 -1
715 -51.227465512452675 159.16100754738585 859.4221675134249 712 718 -1
716 20.044289466438528 145.46298664631217 825.2878264944281 713 719 -1
717 4.04449047419858 141.74505590993905 851.8745837788857 714 720 -1
718 -51.37837654198656 159.16517550276956 859.5733882298567 715 721 -1
719 20.16544465357441 145.61803913434898 825.2463578396602 716 722 -1
720 4.1593186795829755 141.71703342420668 852.0194016336717 717 723 -1
721 -51.52873151885055 159.16402467318346 859.725215415465 718 724 -1
722 20.286669015863808 145.77260425348297 825.2033021148709 719 725 -1
723 4.275351014649475 141.68632296776133 852.1627068049501 720 726 -1
724 -51.67851289644865 159.15779180582973 859.8774861195785 721 727 -1
725 20.407977719154413 145.92666909813317 825.1587178885134 722 728 -1
726 4.392540218952046 141.6529625887234 852.3044700069819 723 729 -1
727 -51.827714418806835 159.14671519308794 860.0300513768251 724 730 -1
728 20.529386523510784 146.08022146162045 825.1126622965676 725 731 -1
729 4.510839037893456 141.6169924882164 852.444664837954 726 732 -1
730 -51.9763367444842 159.13100743542122 860.1827759543418 727 733 -1
731 20.650911761476646 146.23324975083432 825.0651910992342 728 734 -1
732 4.630198082937006 141.57846049259666 852.5832713735008 729 735 -1
733 -52.124395544527644 159.11092617875386 860.3355358171726 730 736 -1
734 20.772570320486192 146.38574290501555 825.0163587410781 731 737 -1
735 4.750569796476227 141.53741290671198 852.7202707889621 732 738 -1
736 -52.27191153920412 159.08670155117193 860.4882205183892 733 739 -1
737 20.894379629220044 146.53769031836978 824.9662184141251 734 740 -1
738 4.871906698894131 141.4938987883248 852.8556480291579 735 741 -1
739 -52.41890932903375 159.05853627811848 860.6407293639899 736 742 -1
740 21.01635764770812 146.68908176621363 824.9148221234901 737 743 -1
741 4.994161615651213 141.44796964853637 852.9893917889535 738 744 -1
742 -52.565423522967144 159.0266582615079 860.7929728264205 739 745 -1
743 21.138522860987276 146.8399073343431 824.8622207551841 740 746 -1
744 5.11728789032277 141.39967914757756 853.1214944648198 741 747 -1
745 -52.71149251488318 158.99127992835787 860.944870985547 742 748 -1
746 21.26089427613221 146.99015735130752 824.8084641458157 743 749 -1
747 5.241239581891167 141.34908278953554 853.2519520792673 744 750 -1
748 -52.85715619016422 158.95258427000263 861.0963492719716 745 751 -1
749 21.383491422484727 147.13982232326694 824.7536011539602 746 752 -1
750 5.365973969135972 141.29623069534264 853.3807589825891 747 753 -1
751 -53.00246260095575 158.91078580403496 861.2473458494495 748 754 -1
752 21.506334354916817 147.28889287110746 824.6976797330249 749 755 -1
753 5.491445641919777 141.24118481228066 853.5079205475423 750 756 -1
754 -53.147457743603496 158.86604830148366 861.3977987766945 751 757 -1
755 21.629443659971123 147.43735966948674 824.640747005491 752 758 -1
756 5.61761431105493 141.1839960771584 853.633436264095 753 759 -1
757 -53.29219392203722 158.81856488078085 861.54765856029 754 760 -1
758 21.752840464731364 147.58521338748105 824.5828493384591 755 761 -1
759 5.744437831830585 141.12472537450304 853.7573155676439 756 762 -1
760 -53.436723058736405 158.7684995044097 861.6968767032819 757 763 -1
761 21.876546448281676 147.73244463050298 824.5240324204649 758 764 -1
762 5.871877497501238 141.06342727341791 853.8795653519056 759 765 -1
763 -53.58109888400362 158.71600853146995 861.845408336253 760 766 -1
764 22.00058385562172 147.87904388315903 824.4643413395775 761 767 -1
765 6.0 141.0 854.0 762 -1 -1
766 -53.725377257661286 158.66125942770734 861.9932178974173 763 768 -1
767 22.12497551390926 148.02500145271384 824.4038206628261 764 769 -1
768 -53.86961394674322 158.6043933534624 862.1402670853026 766 770 -1
769 22.249744850905056 148.17030741282528 824.3425145170345 767 771 -1
770 -54.013866074842035 158.5455495714841 862.2865210036198 768 772 -1
771 22.37491591549844 148.31495154721287 824.2804666711797 769 773 -1
772 -54.1581909966313 158.48487326540746 862.4319521175036 770 774 -1
773 22.500513400190744 148.45892329291624 824.217720620417 771 775 -1
774 -54.3026463902796 158.42249477014178 862.5765311788839 772 776 -1
775 22.626562665412724 148.60221168279563 824.1543196719474 773 777 -1
776 -54.44729049128396 158.35853883532906 862.7202298240063 774 778 -1
777 22.753089765546996 148.74480528692027 824.0903070329289 775 779 -1
778 -54.59218276045488 158.29312283670316 862.8630184027062 776 780 -1
779 22.880121476518948 148.8866921524807 824.025725900661 777 781 -1
780 -54.73738086481472 158.2263710402588 863.0048750950032 778 782 -1
781 23.00768532480915 149.0278597418528 823.9606195552988 779 783 -1
782 -54.882943468567895 158.15839725263658 863.1457747707922 780 784 -1
783 23.13580961772597 149.1682948684287 823.895031455378 781 785 -1
784 -55.02892935100692 158.0893120847843 863.2856926044083 782 786 -1
785 23.26452347475825 149.30798362981736 823.8290053364583 783 787 -1
786 -55.17539737341094 158.01922329083843 863.4246038302161 784 788 -1
787 23.393856859805013 149.4469113380031 823.7625853132167 785 789 -1
788 -55.32240645447891 157.94823610254608 863.5624835140214 786 790 -1
789 23.523840614050656 149.58506244603225 823.6958159853448 787 791 -1
790 -55.4700155517613 157.87645355849776 863.6993063381947 788 792 -1
791 23.654506466715073 149.7224204979758 823.628742559178 789 793 -1
792 -55.61828364668753 157.80397682771067 863.8350463985706 790 794 -1
793 23.78587795139438 149.85897914880206 823.5614156297927 791 795 -1
794 -55.767270848608156 157.7309048122927 863.9696753751617 792 796 -1
795 23.91795327744302 149.99476354996582 823.493899993591 793 797 -1
796 -55.917035375184255 157.65733679544027 864.1031669227857 794 798 -1
797 24.05072660087359 150.12980531545028 823.4262639734803 795 799 -1
798 -56.0676359103114 157.58337038785265 864.2354926533664 796 800 -1
799 24.18419363117835 150.26413601662094 823.3585773098092 797 801 -1
800 -56.21913138243359 157.50910234781585 864.3666224260289 798 802 -1
801 24.318345090902078 150.39779358488386 823.290911126174 799 803 -1
802 -56.371580652162834 157.43462910720427 864.4965246153905 800 804 -1
803 24.453174286985988 150.53081433931607 823.2233371496445 801 805 -1
804 -56.525042340517906 157.3600465995673 864.625165839282 802 806 -1
805 24.58867438716282 150.66323574728386 823.1559281456782 803 807 -1
806 -56.679574179752976 157.2854484876343 864.75251032096 804 808 -1
807 24.72484239549563 150.79509313250313 823.0887598094188 805 809 -1
808 -56.835233393173716 157.2109280486174 864.8785201438268 806 810 -1
809 24.861667742052347 150.92642906066743 823.0219063965942 807 811 -1
810 -56.992076866353415 157.1365793149247 865.0031553213776 808 812 -1
811 24.999142204590886 151.0572844852288 822.9554435506265 809 813 -1
812 -57.15016104920954 157.0624973175792 865.1263736549555 810 814 -1
813 25.137260553876665 151.18769888299494 822.8894504836285 811 815 -1
814 -57.30954183705427 156.98877831947442 865.24813059478 812 816 -1
815 25.276014039183146 151.3177147883185 822.8240057851792 813 817 -1
816 -57.470274428806384 156.91552003912432 865.3683791055025 814 818 -1
817 25.41539116351531 151.44737641318974 822.759186424023 815 819 -1
818 -57.632413159996396 156.84282186336551 865.4870695374093 816 820 -1
819 25.555386002396126 151.5767250904941 822.6950769238052 817 821 -1
820 -57.79601130819532 156.77078504710687 865.6041495047565 818 822 -1
821 25.695986203515815 151.70580562801123 822.6317566868335 819 823 -1
822 -57.961120868547425 156.69951289780818 865.7195637730991 820 824 -1
823 25.83717926158195 151.8346624192989 822.5693059528148 821 825 -1
824 -58.127792297193174 156.62911094192955 865.8332541578995 822 826 -1
825 25.97895753024717 151.96333824451324 822.5078153864125 823 827 -1
826 -58.29607696305757 156.55968887015248 865.9451563770398 824 828 -1
827 26.12130255975744 152.09187884139106 822.4473602013676 825 829 -1
828 -58.46602096278539 156.49135719381633 866.0552064343376 826 830 -1
829 26.264204181144464 152.2203274733849 822.3880332847834 827 831 -1
830 -58.63766653353314 156.42422792053586 866.1633386735863 828 832 -1
831 26.407643994155205 152.34872850434323 822.3299145605583 829 833 -1
832 -58.81105470625582 156.35841674291473 866.2694823412371 830 834 -1
833 26.551606245034996 152.47712537434725 822.2730930208749 831 835 -1
834 -58.98622313376003 156.294042002976 866.3735635100871 832 836 -1
835 26.69607237871263 152.60556116989142 822.2176553371575 833 837 -1
836 -59.16320561063088 156.23122466182787 866.4755051217212 834 838 -1
837 26.841021435563718 152.73407811647775 822.1636859128162 835 839 -1
838 -59.34203155751223 156.1700882176992 866.575227069749 836 840 -1
839 26.98643305418727 152.86271806704607 822.1112766018159 837 841 -1
840 -59.52272779863997 156.11076094954686 866.6726433870854 838 842 -1
841 27.132281737338218 152.99152091721436 822.0605077622095 839 843 -1
842 -59.705317600469016 156.05337598911402 866.7676625029706 840 844 -1
843 27.27854403976509 153.12052687908144 822.0114744677024 841 845 -1
844 -59.88980768966689 155.99805752974515 866.8602036037269 842 846 -1
845 27.425190315045484 153.24977271644804 821.9642534999267 843 847 -1
846 -60.076204123655096 155.9449371760194 866.9501762318731 844 848 -1
847 27.572193150650474 153.379296322519 821.9189411229455 845 849 -1
848 -60.26450561314533 155.8941476319957 867.0374881433542 846 850 -1
849 27.719518914147844 153.50913068400953 821.8756105532918 847 851 -1
850 -60.45470353723735 155.84582302875225 867.1220448249971 848 852 -1
851 27.86713573075487 153.63931062413752 821.8343575466625 849 853 -1
852 -60.64678888077891 155.80010963929055 867.2037378814974 850 854 -1
853 28.015006014422877 153.76986470780037 821.7952508784656 851 855 -1
854 -60.84072510549107 155.75712748138838 867.282486657422 852 856 -1
855 28.163093273704423 153.90082406843052 821.7583848923636 853 857 -1
856 -61.036475597992194 155.71700731109 867.3581972649775 854 858 -1
857 28.311356017725604 154.03221206188937 821.7238216916265 855 859 -1
858 -61.2339937971527 155.6798773872948 867.4307771506857 856 860 -1
859 28.459753216678134 154.16405583954244 821.6916546246887 857 861 -1
860 -61.43322463198991 155.645865900541 867.5001324713052 858 862 -1
861 28.608239750873498 154.29637250309028 821.6619350473038 859 863 -1
862 -61.63410516915852 155.61510310014643 867.5661659726832 860 864 -1
863 28.75677017830272 154.42918542683978 821.6347576207689 861 865 -1
864 -61.83655054103031 155.58769046349332 867.6288080642848 862 866 -1
865 28.905296424464765 154.56250515268908 821.6101619882564 863 867 -1
866 -62.040472671622794 155.56373555409 867.6879809834538 864 868 -1
867 29.05376886630456 154.6963488932402 821.5882325882907 865 869 -1
868 -62.245773560112575 155.5433380485911 867.7436130875597 866 870 -1
869 29.202137018724944 154.8307233550198 821.5690109339192 867 871 -1
870 -62.452345795480234 155.526588629373 867.7956398580001 868 872 -1
871 29.350348797740292 154.96563631089526 821.5525542952037 869 873 -1
872 -62.66007326334461 155.51356792257118 867.8440048719353 870 874 -1
873 29.49835042472942 155.10109350605975 821.5389198952221 871 875 -1
874 -62.86883217159614 155.5043460587799 867.8886601833135 872 876 -1
875 29.6460894975297 155.2370929474524 821.5281345494369 873 877 -1
876 -63.078492358799295 155.49898347507292 867.9295655328895 874 878 -1
877 29.793510719991346 155.37363516689936 821.5202477564003 875 879 -1
878 -63.288916189016206 155.49751798376704 867.9667008428356 876 880 -1
879 29.94055920564789 155.51071605828122 821.515293842661 877 881 -1
880 -63.5 155.5 868.0 878 -1 -1
881 30.087182106622283 155.6483265462616 821.5132884216118 879 882 -1
882 30.233325497780715 155.7864573693259 821.5142537437514 881 883 -1
883 30.378935404960835 155.9250973626103 821.518211424964 882 884 -1
884 30.52398915615068 156.0642035712612 821.5251300510445 883 885 -1
885 30.6685121805406 156.20369030004625 821.5349066958009 884 886 -1
886 30.81253356270885 156.3434747643527 821.547445602693 885 887 -1
887 30.95608350713875 156.48347905794736 821.5626552955653 886 888 -1
888 31.09919310588128 156.62362972524735 821.5804485134436 887 889 -1
889 31.24189414064555 156.7638573546279 821.6007421204016 888 890 -1
890 31.384218915819638 156.90409619320982 821.6234569961292 889 891 -1
891 31.526200119115682 157.04428378303078 821.6485179119841 890 892 -1
892 31.66787070675407 157.1843606180942 821.6758533965361 891 893 -1
893 31.809263810338898 157.32426982148093 821.70539559395 892 894 -1
894 31.95041266282064 157.4639568414858 821.7370801179488 893 895 -1
895 32.091349780393436 157.60336775656648 821.7708546096648 894 896 -1
896 32.23210937071461 157.74245245761836 821.8066537415914 895 897 -1
897 32.37272481149606 157.8811617375795 821.8444219211437 896 898 -1
898 32.51322936721695 158.01944759440917 821.884107037517 897 899 -1
899 32.6536562389377 158.15726308013168 821.925659727524 898 900 -1
900 32.7940385083586 158.29455907103298 821.9690427149202 899 901 -1
901 32.93440972668821 158.4312912837518 822.0142054742429 900 902 -1
902 33.07480303683521 158.56741553939366 822.0611028142873 901 903 -1
903 33.21525146310493 158.70288700361152 822.1096949254858 902 904 -1
904 33.35578881558036 158.8376559983476 822.1599547454921 903 905 -1
905 33.49644805386663 158.9716803481095 822.2118384947398 904 906 -1
906 33.63726206751281 159.10491604905644 822.2653093676304 905 907 -1
907 33.77826435071406 159.2373157913556 822.3203379829649 906 908 -1
908 33.91948957360797 159.36882818003488 822.3769012959657 907 909 -1
909 34.060969695656006 159.49941182826888 822.4349594992036 908 910 -1
910 34.20273808500672 159.62901860355927 822.4944849722732 909 911 -1
911 34.344830499981825 159.75759242125076 822.5554603230194 910 912 -1
912 34.48727972485092 159.8850861393581 822.6178544619627 911 913 -1
913 34.63011881595572 160.0114501354825 822.681639921925 912 914 -1
914 34.77338224919099 160.13662942069786 822.7467950476853 913 915 -1
915 34.91710737955995 160.26056025976973 822.8133057815052 914 916 -1
916 35.06132555800039 160.3831935648548 822.8811409397664 915 917 -1
917 35.20607143715164 160.50446938782363 822.950280032192 916 918 -1
918 35.35138027184986 160.6243243779873 823.0207039872392 917 919 -1
919 35.49729055368329 160.74268515260604 823.0923999345803 918 920 -1
920 35.64383391698407 160.85949287675535 823.1653407089395 919 921 -1
921 35.791045712571645 160.97467664202316 823.2395075592407 920 922 -1
922 35.9389614020638 161.08816224129546 823.3148818659766 921 923 -1
923 36.087616501092796 161.19987194180558 823.3914450031806 922 924 -1
924 36.237048803975775 161.30971874587013 823.4691814503367 923 925 -1
925 36.38729199479307 161.4176212199601 823.5480692659381 924 926 -1
926 36.53838028466824 161.52349189957124 823.6280875854958 925 927 -1
927 36.69034838700921 161.6272368148628 823.7092161815889 926 928 -1
928 36.84323050019866 161.72875731482873 823.7914339705759 927 929 -1
929 36.99706012041204 161.8279498396215 823.8747188000922 928 930 -1
930 37.151868962744615 161.92470751282787 823.9590467496812 929 931 -1
931 37.30766438367817 162.0189684395048 824.0443796132537 930 932 -1
932 37.464426623049754 162.11072806442095 824.1306629835545 931 933 -1
933 37.6221345063209 162.19998851068587 824.2178401796128 932 934 -1
934 37.780767164270294 162.28675525141736 824.3058532667384 933 935 -1
935 37.940304146327534 162.37103704071305 824.3946432033671 934 936 -1
936 38.10072794096335 162.4528389701243 824.4841518151568 935 937 -1
937 38.26201810080106 162.53217909698301 824.574317062888 936 938 -1
938 38.42415499263398 162.6090783996066 824.665076483845 937 939 -1
939 38.587120776170536 162.68355795259947 824.75636784343 938 940 -1
940 38.75089847570028 162.75564159771477 824.8481284346564 939 941 -1
941 38.91547485770717 162.82534737223332 824.9402964162967 940 942 -1
942 39.08083424479415 162.89270596963527 825.0328075906765 941 943 -1
943 39.246960462375085 162.95775515996718 825.1255972365852 942 944 -1
944 39.413840495560635 163.02052868890476 825.2186015684916 943 945 -1
945 39.581467496313536 163.08104708320053 825.3117573402412 944 946 -1
946 39.74982616715471 163.1393617498764 825.4049992136223 945 947 -1
947 39.91890619920453 163.19551421541564 825.4982631245276 946 948 -1
948 40.08870390794952 163.24953141656107 825.591484426799 947 949 -1
949 40.25920803885338 163.3014678222486 825.6845988146313 948 950 -1
950 40.43041130358702 163.3513706895981 825.7775423869917 949 951 -1
951 40.60231416368997 163.3992696871825 825.8702487412661 950 952 -1
952 40.774906130636815 163.4452301404762 825.9626556220232 951 953 -1
953 40.94818750246328 163.48929087479613 826.0546969933256 952 954 -1
954 41.12215553975283 163.5315032568451 826.1463083604854 953 955 -1
955 41.29680684297738 163.57192370995028 826.2374265730342 954 956 -1
956 41.47214550648023 163.61059265191048 826.3279831579002 955 957 -1
957 41.648165813181095 163.64757831485494 826.4179184228019 956 958 -1
958 41.82487615974189 163.68291704506004 826.5071600857108 957 959 -1
959 42.002271077889716 163.71668074835205 826.5956502363085 958 960 -1
960 42.18035960849192 163.74891007748397 826.6833155176263 959 961 -1
961 42.35913863452303 163.77967458916365 826.770097226074 960 962 -1
962 42.53861775359385 163.80901860551717 826.8559205129715 961 963 -1
963 42.71879434592663 163.83701260251183 826.9407273345623 962 964 -1
964 42.89967974117931 163.86370143484135 827.0244390115869 963 965 -1
965 43.0812710567298 163.88915711624898 827.106998467344 964 966 -1
966 43.26357904868924 163.9134284495871 827.1883259422887 965 967 -1
967 43.44660317484759 163.93658379870618 827.2683599927319 966 968 -1
968 43.6303501849888 163.95868007712033 827.3470253540839 967 969 -1
969 43.814824024021085 163.97977906909728 827.4242501651369 968 970 -1
970 44.0 164.0 827.5 969 -1 -1
