0 70.5 -20.5 -187.5 -1 1 -1
1 70.0 -20.5 -188.0 0 2 -1
2 69.5 -20.0 -188.0 1 3 -1
3 69.0 -20.0 -188.0 2 4 -1
4 68.5 -20.0 -188.5 3 5 -1
5 68.0 -20.0 -188.5 4 6 -1
6 67.5 -19.5 -188.5 5 7 -1
7 67.0 -19.5 -188.5 6 8 -1
8 66.5 -19.5 -189.0 7 9 -1
9 66.0 -19.0 -188.5 8 10 -1
10 65.5 -19.0 -188.5 9 11 -1
11 65.0 -18.5 -188.5 10 12 -1
12 64.5 -18.5 -188.5 11 13 -1
13 64.0 -18.0 -188.5 12 14 -1
14 63.5 -17.5 -188.5 13 15 -1
15 63.0 -17.0 -188.5 14 16 -1
16 62.5 -17.0 -188.0 15 17 -1
17 62.0 -16.5 -188.0 16 18 -1
18 61.5 -16.5 -187.5 17 19 -1
19 61.0 -16.0 -187.5 18 20 -1
20 60.5 -16.0 -187.0 19 21 -1
21 60.0 -15.5 -186.5 20 22 -1
22 59.5 -15.5 -186.0 21 23 -1
23 59.0 -15.0 -185.5 22 24 -1
24 58.5 -14.5 -185.0 23 25 -1
25 58.0 -14.5 -185.0 24 26 -1
26 57.5 -14.5 -184.5 25 27 -1
27 57.0 -14.0 -184.0 26 28 -1
28 56.5 -14.0 -183.5 27 29 -1
29 56.5 -13.5 -183.0 28 30 -1
30 56.0 -13.5 -182.5 29 31 -1
31 56.0 -13.0 -182.0 30 32 -1
32 55.5 -13.0 -181.5 31 33 -1
33 55.0 -13.0 -181.0 32 34 -1
34 54.5 -13.0 -180.5 33 35 -1
35 54.0 -13.0 -180.0 34 36 -1
36 54.5 -12.5 -179.5 35 37 -1
37 54.0 -12.5 -179.0 36 38 -1
38 53.5 -12.5 -178.5 37 39 -1
39 53.5 -12.5 -178.0 38 40 -1
40 53.0 -12.5 -177.5 39 41 -1
41 53.0 -12.0 -177.0 40 42 -1
42 53.0 -12.0 -176.5 41 43 -1
43 53.0 -11.5 -176.0 42 44 -1
44 52.5 -12.0 -175.5 43 45 -1
45 52.5 -11.5 -175.0 44 46 -1
46 52.5 -11.5 -174.5 45 47 -1
47 52.5 -11.5 -174.0 46 48 -1
48 52.0 -11.5 -173.5 47 49 -1
49 52.0 -11.5 -173.0 48 50 -1
50 52.0 -11.5 -172.5 49 51 -1
51 52.0 -11.5 -172.0 50 52 -1
52 51.5 -11.5 -171.5 51 53 -1
53 51.5 -11.5 -171.0 52 54 -1
54 51.0 -11.5 -170.5 53 55 -1
55 51.5 -12.0 -170.0 54 56 -1
56 51.5 -12.0 -169.5 55 57 -1
57 51.0 -12.0 -169.0 56 58 -1
58 51.0 -12.0 -168.5 57 59 -1
59 51.0 -12.0 -168.0 58 60 -1
60 51.0 -12.5 -167.5 59 61 -1
61 50.5 -12.0 -167.0 60 62 -1
62 50.5 -12.5 -166.5 61 63 -1
63 50.0 -12.0 -166.0 62 64 -1
64 50.0 -12.5 -165.5 63 65 -1
65 50.0 -12.5 -165.0 64 66 -1
66 49.5 -12.5 -164.5 65 67 -1
67 49.0 -12.5 -164.0 66 68 -1
68 49.5 -13.0 -163.5 67 69 -1
69 49.0 -12.5 -163.0 68 70 -1
70 49.0 -13.0 -162.5 69 71 -1
71 48.5 -13.0 -162.0 70 72 -1
72 48.5 -13.5 -161.5 71 73 -1
73 48.5 -13.5 -161.0 72 74 -1
74 48.0 -13.5 -160.5 73 75 -1
75 48.0 -14.0 -160.0 74 76 -1
76 47.5 -14.5 -159.5 75 77 -1
77 47.5 -14.5 -159.0 76 78 -1
78 47.0 -15.0 -158.5 77 79 -1
79 47.0 -15.0 -158.0 78 80 -1
80 46.5 -15.5 -157.5 79 81 -1
81 46.0 -16.0 -157.0 80 82 -1
82 45.5 -16.5 -156.5 81 83 -1
83 45.5 -17.0 -156.0 82 84 -1
84 45.0 -17.5 -155.5 83 85 -1
85 44.5 -18.0 -155.0 84 86 -1
86 44.5 -18.5 -155.0 85 87 -1
87 44.5 -19.0 -155.0 86 88 -1
88 44.0 -19.5 -154.5 87 89 -1
89 44.0 -20.0 -154.5 88 90 -1
90 43.5 -20.5 -154.0 89 91 -1
91 43.0 -21.0 -153.5 90 92 -1
92 42.5 -21.5 -153.5 91 93 -1
93 42.0 -22.0 -154.0 92 94 -1
94 41.5 -22.5 -154.0 93 95 -1
95 41.0 -23.0 -154.0 94 96 -1
96 40.5 -23.5 -153.5 95 97 -1
97 40.0 -24.0 -154.0 96 98 -1
98 40.0 -24.5 -154.0 97 99 -1
99 39.5 -25.0 -154.0 98 100 -1
100 39.0 -25.5 -154.0 99 101 -1
101 39.0 -26.0 -153.5 100 102 -1
102 38.5 -26.5 -153.5 101 103 -1
103 38.0 -27.0 -153.5 102 104 -1
104 38.0 -27.5 -153.5 103 105 -1
105 37.5 -28.0 -154.0 104 106 -1
106 37.0 -28.5 -154.5 105 107 -1
107 36.5 -28.5 -155.0 106 108 -1
108 36.0 -29.0 -155.0 107 109 -1
109 35.5 -29.5 -155.5 108 110 -1
110 35.0 -29.5 -156.0 109 111 -1
111 34.5 -30.0 -156.0 110 112 -1
112 34.0 -30.0 -156.5 111 113 -1
113 33.5 -30.5 -157.0 112 114 -1
114 33.0 -30.5 -157.5 113 115 -1
115 32.5 -30.5 -157.5 114 116 -1
116 32.0 -31.0 -158.0 115 117 -1
117 31.5 -31.0 -158.5 116 118 -1
118 31.0 -31.5 -158.5 117 119 -1
119 30.5 -31.5 -159.0 118 120 -1
120 30.0 -31.5 -159.5 119 121 -1
121 29.5 -32.0 -159.5 120 122 -1
122 29.0 -32.0 -160.0 121 123 -1
123 28.5 -32.0 -160.5 122 124 -1
124 28.0 -32.5 -160.5 123 125 -1
125 27.5 -32.5 -161.0 124 126 -1
126 27.0 -32.5 -161.5 125 127 -1
127 26.5 -32.5 -161.5 126 128 -1
128 26.0 -32.5 -162.0 127 129 -1
129 25.5 -32.5 -162.5 128 130 -1
130 25.0 -32.5 -163.0 129 131 -1
131 24.5 -33.0 -163.5 130 132 -1
132 24.0 -33.0 -163.5 131 133 -1
133 23.5 -33.5 -163.5 132 134 -1
134 23.0 -33.5 -164.0 133 135 -1
135 22.5 -33.5 -164.5 134 136 -1
136 22.0 -33.0 -165.0 135 137 -1
137 21.5 -32.5 -165.5 136 138 -1
138 21.0 -33.0 -165.5 137 139 -1
139 20.5 -32.5 -166.0 138 140 -1
140 20.0 -32.5 -166.5 139 141 -1
141 19.5 -32.5 -167.0 140 142 -1
142 19.0 -32.0 -167.5 141 143 -1
143 18.5 -32.0 -168.0 142 144 -1
144 18.0 -31.5 -168.0 143 145 -1
145 17.5 -31.5 -168.5 144 146 -1
146 17.0 -31.0 -168.5 145 147 -1
147 16.5 -31.0 -169.0 146 148 -1
148 16.0 -31.0 -169.5 147 149 -1
149 15.5 -31.0 -169.5 148 150 -1
150 15.0 -31.0 -170.0 149 151 -1
151 14.5 -31.0 -170.5 150 152 -1
152 14.0 -30.5 -170.0 151 153 -1
153 13.5 -31.0 -170.5 152 154 -1
154 13.0 -30.5 -170.5 153 155 -1
155 12.5 -31.0 -171.0 154 156 -1
156 12.0 -30.5 -171.0 155 157 -1
157 11.5 -30.5 -171.0 156 158 -1
158 11.0 -30.5 -171.5 157 159 -1
159 10.5 -30.5 -171.5 158 160 -1
160 10.0 -30.0 -172.0 159 161 -1
161 9.5 -30.0 -172.0 160 162 -1
162 9.0 -30.0 -172.0 161 163 -1
163 8.5 -29.5 -172.5 162 164 -1
164 8.0 -29.5 -172.5 163 165 -1
165 7.5 -29.5 -173.0 164 166 -1
166 7.0 -29.0 -172.5 165 167 -1
167 6.5 -29.0 -173.0 166 168 -1
168 6.0 -28.5 -173.5 167 169 -1
169 5.5 -28.5 -173.5 168 170 -1
170 5.0 -28.5 -174.0 169 171 -1
171 4.5 -28.5 -174.0 170 172 -1
172 4.0 -28.0 -174.0 171 173 -1
173 3.5 -28.0 -174.5 172 174 -1
174 3.0 -28.0 -174.5 173 175 -1
175 2.5 -28.0 -174.5 174 176 -1
176 2.0 -27.5 -174.5 175 177 -1
177 1.5 -27.5 -174.5 176 178 -1
178 1.0 -27.5 -175.0 177 179 -1
179 0.5 -27.0 -175.0 178 180 -1
180 0.0 -27.0 -175.5 179 181 -1
181 -0.5 -27.0 -176.0 180 182 -1
182 -1.0 -26.5 -176.5 181 183 -1
183 -1.5 -26.0 -177.0 182 184 -1
184 -2.0 -26.0 -177.0 183 185 -1
185 -2.5 -25.5 -177.5 184 186 -1
186 -3.0 -25.0 -178.0 185 187 -1
187 -3.5 -25.0 -177.5 186 188 -1
188 -4.0 -24.5 -178.0 187 189 -1
189 -4.5 -24.0 -178.5 188 190 -1
190 -5.0 -23.5 -179.0 189 191 -1
191 -5.5 -23.0 -179.0 190 192 -1
192 -6.0 -22.5 -179.0 191 193 -1
193 -6.5 -22.0 -179.5 192 194 -1
194 -7.0 -21.5 -179.5 193 195 196
195 -7.5 -21.0 -179.0 194 197 -1
196 -7.0 -21.5 -181.5 194 198 -1
197 -8.0 -20.5 -178.5 195 199 -1
198 -7.0 -21.5 -182.0 196 200 -1
199 -8.5 -20.0 -178.0 197 201 -1
200 -7.0 -21.5 -182.5 198 202 -1
201 -9.0 -19.5 -177.5 199 203 -1
202 -7.0 -21.5 -183.0 200 204 -1
203 -9.5 -19.0 -177.0 201 205 -1
204 -7.0 -21.5 -183.5 202 206 -1
205 -10.0 -18.5 -176.5 203 207 -1
206 -7.0 -22.0 -184.0 204 208 -1
207 -10.5 -18.5 -176.5 205 209 -1
208 -7.0 -22.0 -184.5 206 210 -1
209 -11.0 -18.0 -176.0 207 211 -1
210 -7.0 -22.0 -185.0 208 212 -1
211 -11.5 -17.5 -176.0 209 213 -1
212 -7.5 -21.5 -185.5 210 214 -1
213 -11.5 -17.0 -175.5 211 215 -1
214 -7.5 -21.5 -186.0 212 216 -1
215 -12.0 -16.5 -175.5 213 217 -1
216 -7.5 -21.5 -186.5 214 218 -1
217 -12.5 -16.0 -175.0 215 219 -1
218 -7.0 -21.5 -187.0 216 220 -1
219 -12.5 -15.5 -174.5 217 221 -1
220 -7.0 -21.5 -187.5 218 222 -1
221 -12.5 -15.5 -174.0 219 223 -1
222 -7.0 -22.0 -188.0 220 224 -1
223 -13.0 -15.0 -173.5 221 225 -1
224 -7.0 -22.0 -188.5 222 226 -1
225 -13.0 -14.5 -173.0 223 227 -1
226 -7.0 -22.0 -189.0 224 228 -1
227 -13.5 -14.5 -172.5 225 229 -1
228 -7.5 -22.5 -189.5 226 230 -1
229 -13.5 -14.5 -172.0 227 231 -1
230 -7.0 -22.0 -190.0 228 232 -1
231 -13.5 -14.0 -171.5 229 233 -1
232 -7.0 -22.0 -190.5 230 234 -1
233 -14.0 -14.0 -171.0 231 235 -1
234 -7.5 -22.0 -191.0 232 236 -1
235 -14.5 -14.0 -170.5 233 237 -1
236 -7.5 -22.5 -191.5 234 238 -1
237 -14.5 -14.0 -170.0 235 239 -1
238 -7.5 -22.5 -192.0 236 240 -1
239 -15.0 -13.5 -169.5 237 241 -1
240 -7.5 -22.5 -192.5 238 242 -1
241 -15.5 -13.5 -169.0 239 243 -1
242 -7.5 -22.5 -193.0 240 244 -1
243 -15.5 -13.5 -168.5 241 245 -1
244 -7.5 -22.5 -193.5 242 246 -1
245 -16.0 -13.5 -168.0 243 247 -1
246 -7.5 -22.5 -194.0 244 248 -1
247 -16.5 -13.5 -167.5 245 249 -1
248 -7.5 -22.5 -194.5 246 250 -1
249 -16.5 -13.0 -167.0 247 251 -1
250 -8.0 -22.5 -195.0 248 252 -1
251 -17.0 -13.0 -166.5 249 253 -1
252 -8.0 -22.5 -195.5 250 254 -1
253 -17.5 -13.0 -166.0 251 255 -1
254 -8.0 -22.5 -196.0 252 256 -1
255 -18.0 -13.0 -165.5 253 257 -1
256 -8.5 -22.5 -196.5 254 258 -1
257 -18.5 -13.0 -165.0 255 259 -1
258 -8.5 -22.5 -197.0 256 260 -1
259 -19.0 -13.0 -164.5 257 261 -1
260 -8.5 -22.5 -197.5 258 262 -1
261 -19.5 -13.5 -164.0 259 263 -1
262 -8.5 -22.5 -198.0 260 264 -1
263 -19.5 -13.0 -163.5 261 265 -1
264 -8.5 -22.5 -198.5 262 266 -1
265 -20.0 -13.0 -163.0 263 267 -1
266 -8.5 -22.5 -199.0 264 268 -1
267 -20.5 -13.5 -162.5 265 269 -1
268 -8.5 -22.5 -199.5 266 270 -1
269 -21.0 -13.5 -162.0 267 271 -1
270 -8.5 -22.5 -200.0 268 272 -1
271 -21.5 -13.5 -161.5 269 273 -1
272 -8.5 -22.5 -200.5 270 274 -1
273 -22.0 -13.5 -161.0 271 275 -1
274 -8.5 -22.5 -201.0 272 276 -1
275 -22.0 -14.0 -160.5 273 277 -1
276 -8.5 -22.5 -201.5 274 278 -1
277 -22.5 -14.0 -160.0 275 279 -1
278 -8.5 -22.5 -202.0 276 280 -1
279 -23.0 -14.0 -159.5 277 281 -1
280 -9.0 -22.5 -202.5 278 282 -1
281 -23.0 -14.0 -159.0 279 283 -1
282 -9.0 -22.5 -203.0 280 284 -1
283 -23.5 -14.0 -158.5 281 285 -1
284 -9.0 -22.5 -203.5 282 286 -1
285 -24.0 -14.0 -158.0 283 287 -1
286 -9.5 -23.0 -204.0 284 288 -1
287 -24.5 -14.5 -157.5 285 289 -1
288 -9.5 -23.0 -204.5 286 290 -1
289 -24.5 -14.5 -157.0 287 291 -1
290 -9.5 -23.0 -205.0 288 292 -1
291 -25.0 -15.0 -156.5 289 293 -1
292 -9.5 -23.0 -205.5 290 294 -1
293 -25.5 -15.0 -156.0 291 295 -1
294 -9.5 -23.0 -206.0 292 296 -1
295 -26.0 -15.0 -155.5 293 297 -1
296 -9.0 -22.5 -206.5 294 298 -1
297 -26.0 -15.5 -155.0 295 299 -1
298 -9.0 -22.5 -207.0 296 300 -1
299 -26.5 -15.5 -154.5 297 301 -1
300 -9.5 -22.5 -207.5 298 302 -1
301 -26.5 -15.5 -154.0 299 303 -1
302 -9.5 -22.5 -208.0 300 304 -1
303 -27.0 -16.0 -153.5 301 305 -1
304 -9.5 -22.5 -208.5 302 306 -1
305 -27.5 -16.0 -153.0 303 307 -1
306 -9.5 -22.5 -209.0 304 308 -1
307 -28.0 -16.0 -152.5 305 309 -1
308 -9.5 -22.5 -209.5 306 310 -1
309 -28.0 -16.5 -152.0 307 311 -1
310 -10.0 -22.5 -210.0 308 312 -1
311 -28.5 -16.5 -151.5 309 313 -1
312 -10.0 -22.5 -210.5 310 314 -1
313 -29.0 -16.5 -151.0 311 315 -1
314 -10.0 -22.5 -211.0 312 316 -1
315 -29.5 -16.5 -150.5 313 317 -1
316 -10.0 -22.5 -211.5 314 318 -1
317 -30.0 -16.5 -150.0 315 319 -1
318 -10.0 -22.0 -212.0 316 320 -1
319 -30.0 -16.5 -149.5 317 321 -1
320 -10.0 -22.0 -212.5 318 -1 -1
321 -30.5 -16.5 -149.0 319 322 -1
322 -30.5 -17.0 -148.5 321 323 -1
323 -31.0 -17.0 -148.0 322 324 -1
324 -31.5 -17.0 -147.5 323 325 -1
325 -31.5 -17.5 -147.0 324 326 -1
326 -32.0 -17.0 -146.5 325 327 -1
327 -32.0 -17.5 -146.0 326 328 -1
328 -32.5 -17.5 -145.5 327 329 -1
329 -32.5 -17.5 -145.0 328 330 -1
330 -33.0 -17.5 -144.5 329 331 -1
331 -33.0 -17.5 -144.0 330 332 -1
332 -33.0 -18.0 -143.5 331 333 -1
333 -33.5 -18.0 -143.0 332 334 -1
334 -33.5 -18.0 -142.5 333 335 -1
335 -33.5 -18.0 -142.0 334 336 -1
336 -34.0 -18.0 -141.5 335 337 -1
337 -34.0 -18.0 -141.0 336 338 -1
338 -34.5 -18.0 -140.5 337 339 -1
339 -34.5 -18.0 -140.0 338 340 -1
340 -35.0 -18.0 -139.5 339 341 -1
341 -35.0 -18.0 -139.0 340 342 -1
342 -35.5 -18.0 -138.5 341 343 -1
343 -35.5 -18.0 -138.0 342 344 -1
344 -36.0 -17.5 -137.5 343 345 -1
345 -36.5 -17.5 -137.0 344 346 -1
346 -36.5 -17.5 -136.5 345 347 -1
347 -36.5 -17.5 -136.0 346 348 -1
348 -37.0 -17.5 -135.5 347 349 -1
349 -37.0 -17.5 -135.0 348 350 -1
350 -37.5 -17.5 -134.5 349 351 -1
351 -37.5 -17.5 -134.0 350 352 -1
352 -37.5 -17.5 -133.5 351 353 -1
353 -38.0 -17.5 -133.0 352 354 -1
354 -38.0 -17.5 -132.5 353 355 -1
355 -38.0 -17.5 -132.0 354 356 -1
356 -38.5 -17.0 -131.5 355 357 -1
357 -38.5 -17.0 -131.0 356 358 -1
358 -38.5 -17.5 -130.5 357 359 -1
359 -39.0 -17.0 -130.0 358 360 -1
360 -39.5 -16.5 -129.5 359 361 -1
361 -39.5 -17.0 -129.0 360 362 -1
362 -39.5 -17.0 -128.5 361 363 -1
363 -39.5 -17.5 -128.0 362 364 -1
364 -40.0 -17.0 -127.5 363 365 -1
365 -40.0 -17.5 -127.0 364 366 -1
366 -40.5 -17.5 -126.5 365 367 -1
367 -41.0 -17.5 -126.0 366 368 -1
368 -41.0 -18.0 -125.5 367 369 -1
369 -41.0 -18.0 -125.0 368 370 -1
370 -41.5 -17.5 -124.5 369 371 372
371 -42.0 -17.0 -124.5 370 373 -1
372 -41.5 -18.0 -124.0 370 374 -1
373 -42.5 -16.5 -124.5 371 375 -1
374 -41.5 -18.5 -123.5 372 376 -1
375 -43.0 -16.5 -124.0 373 377 -1
376 -41.5 -19.0 -123.0 374 378 -1
377 -43.5 -16.0 -124.0 375 379 -1
378 -41.5 -19.0 -122.5 376 380 -1
379 -44.0 -16.5 -123.5 377 381 -1
380 -41.5 -19.5 -122.0 378 382 -1
381 -44.5 -16.0 -123.5 379 383 -1
382 -41.5 -20.0 -121.5 380 384 -1
383 -45.0 -15.5 -123.5 381 385 -1
384 -41.5 -20.5 -121.0 382 386 -1
385 -45.5 -15.5 -123.5 383 387 -1
386 -42.0 -20.0 -120.5 384 388 -1
387 -46.0 -15.0 -123.5 385 389 -1
388 -42.0 -20.5 -120.0 386 390 -1
389 -46.5 -15.0 -123.0 387 391 -1
390 -41.5 -21.0 -119.5 388 392 -1
391 -47.0 -15.0 -123.0 389 393 -1
392 -41.5 -21.0 -119.0 390 394 -1
393 -47.5 -14.5 -122.5 391 395 -1
394 -41.5 -21.0 -118.5 392 396 -1
395 -48.0 -14.5 -122.5 393 397 -1
396 -41.5 -21.5 -118.0 394 398 -1
397 -48.5 -14.0 -122.0 395 399 -1
398 -41.0 -22.0 -117.5 396 400 -1
399 -49.0 -13.5 -122.0 397 401 -1
400 -40.5 -22.0 -117.0 398 402 -1
401 -49.5 -13.5 -121.5 399 403 -1
402 -40.0 -22.0 -116.5 400 404 -1
403 -50.0 -13.0 -121.5 401 405 -1
404 -40.0 -22.0 -116.0 402 406 -1
405 -50.5 -13.0 -121.5 403 407 -1
406 -40.0 -22.5 -115.5 404 408 -1
407 -51.0 -12.5 -121.5 405 409 -1
408 -39.5 -22.5 -115.0 406 410 -1
409 -51.5 -12.5 -121.5 407 411 -1
410 -39.0 -22.5 -114.5 408 412 -1
411 -52.0 -12.5 -121.0 409 413 -1
412 -38.5 -22.5 -114.0 410 414 -1
413 -52.5 -12.0 -121.0 411 415 -1
414 -38.0 -22.0 -113.5 412 416 -1
415 -53.0 -12.0 -120.5 413 417 -1
416 -38.0 -22.0 -113.0 414 418 -1
417 -53.5 -11.5 -120.5 415 419 -1
418 -38.0 -22.5 -112.5 416 420 -1
419 -54.0 -11.5 -120.0 417 421 -1
420 -38.0 -22.5 -112.0 418 422 -1
421 -54.5 -11.0 -120.0 419 423 -1
422 -37.5 -22.0 -111.5 420 424 -1
423 -55.0 -11.0 -120.0 421 425 -1
424 -37.0 -22.0 -111.0 422 426 -1
425 -55.5 -11.0 -120.0 423 427 -1
426 -37.0 -22.0 -110.5 424 428 -1
427 -56.0 -10.5 -120.0 425 429 -1
428 -36.5 -21.5 -110.0 426 430 -1
429 -56.5 -10.0 -119.5 427 431 -1
430 -36.5 -21.5 -109.5 428 432 -1
431 -57.0 -10.0 -119.5 429 433 -1
432 -36.5 -21.5 -109.0 430 434 -1
433 -57.5 -9.5 -119.5 431 435 -1
434 -36.0 -21.0 -108.5 432 436 -1
435 -58.0 -9.5 -119.5 433 437 -1
436 -36.0 -21.0 -108.0 434 438 -1
437 -58.5 -9.0 -119.5 435 -1 -1
438 -36.0 -21.0 -107.5 436 439 -1
439 -35.5 -20.5 -107.0 438 440 -1
440 -35.5 -20.5 -106.5 439 441 -1
441 -35.5 -20.5 -106.0 440 442 -1
442 -35.0 -20.0 -105.5 441 443 -1
443 -35.0 -20.0 -105.0 442 444 -1
444 -35.0 -20.0 -104.5 443 445 -1
445 -34.5 -19.5 -104.0 444 446 -1
446 -34.5 -19.0 -103.5 445 447 -1
447 -34.5 -19.0 -103.0 446 448 -1
448 -34.5 -18.5 -102.5 447 449 -1
449 -34.0 -18.0 -102.0 448 450 -1
450 -34.0 -17.5 -101.5 449 451 -1
451 -33.5 -17.0 -101.0 450 452 -1
452 -33.5 -16.5 -100.5 451 453 -1
453 -33.5 -16.5 -100.0 452 454 -1
454 -33.0 -16.0 -99.5 453 455 -1
455 -33.0 -15.5 -99.0 454 456 -1
456 -32.5 -15.0 -98.5 455 457 -1
457 -33.0 -15.0 -98.0 456 458 -1
458 -33.0 -14.5 -97.5 457 459 -1
459 -32.5 -14.0 -97.0 458 460 -1
460 -32.5 -13.5 -96.5 459 461 -1
461 -32.5 -13.0 -96.0 460 462 -1
462 -32.5 -12.5 -95.5 461 463 -1
463 -33.0 -12.0 -95.0 462 464 -1
464 -32.5 -12.0 -94.5 463 465 -1
465 -32.5 -11.5 -94.0 464 466 -1
466 -32.5 -11.0 -93.5 465 467 -1
467 -32.5 -10.5 -93.0 466 468 -1
468 -32.5 -10.0 -92.5 467 469 -1
469 -32.5 -10.0 -92.0 468 470 -1
470 -32.0 -9.5 -91.5 469 471 -1
471 -31.5 -9.0 -91.0 470 472 -1
472 -32.0 -8.5 -90.5 471 473 -1
473 -32.0 -8.5 -90.0 472 474 -1
474 -32.0 -8.0 -89.5 473 475 -1
475 -32.0 -7.5 -89.0 474 476 -1
476 -32.0 -7.5 -88.5 475 477 -1
477 -32.5 -7.0 -88.0 476 -1 -1
