0 79.5 -153.5 1367.5 -1 1 -1
1 79.0 -154.0 1367.5 0 2 -1
2 78.5 -154.0 1367.0 1 3 -1
3 78.0 -154.0 1366.5 2 4 -1
4 77.5 -154.0 1366.5 3 5 -1
5 77.0 -154.5 1366.0 4 6 -1
6 76.5 -154.5 1365.5 5 7 -1
7 76.0 -155.0 1365.0 6 8 -1
8 75.5 -155.5 1364.5 7 9 -1
9 75.0 -155.0 1364.0 8 10 -1
10 74.5 -155.5 1364.0 9 11 -1
11 74.0 -155.5 1363.5 10 12 -1
12 73.5 -155.5 1363.0 11 13 -1
13 73.0 -155.5 1363.0 12 14 -1
14 72.5 -155.5 1362.5 13 15 -1
15 72.0 -155.0 1362.0 14 16 -1
16 71.5 -155.5 1362.0 15 17 -1
17 71.0 -155.0 1361.5 16 18 -1
18 70.5 -154.5 1361.0 17 19 -1
19 70.0 -154.5 1361.0 18 20 -1
20 69.5 -154.5 1360.5 19 21 -1
21 69.0 -154.5 1360.0 20 22 -1
22 68.5 -154.0 1359.5 21 23 -1
23 68.0 -153.5 1359.5 22 24 -1
24 67.5 -153.0 1359.5 23 25 -1
25 67.0 -153.0 1359.5 24 26 -1
26 66.5 -152.5 1359.5 25 27 -1
27 66.0 -152.5 1359.0 26 28 -1
28 65.5 -152.0 1359.0 27 29 -1
29 65.0 -152.0 1359.0 28 30 -1
30 64.5 -151.5 1358.5 29 31 -1
31 64.0 -151.5 1358.5 30 32 -1
32 63.5 -151.0 1358.5 31 33 -1
33 63.5 -150.5 1358.5 32 34 -1
34 63.0 -150.0 1358.0 33 35 -1
35 62.5 -150.0 1358.0 34 36 -1
36 62.0 -149.5 1358.0 35 37 -1
37 61.5 -149.5 1358.0 36 38 -1
38 61.0 -149.0 1358.0 37 39 -1
39 60.5 -148.5 1358.0 38 40 -1
40 60.0 -148.0 1358.0 39 41 -1
41 59.5 -147.5 1358.0 40 42 -1
42 59.0 -147.0 1358.0 41 43 -1
43 58.5 -146.5 1358.5 42 44 -1
44 58.5 -146.0 1358.5 43 45 -1
45 58.0 -145.5 1358.5 44 46 -1
46 58.0 -145.0 1359.0 45 47 -1
47 57.5 -144.5 1359.0 46 48 -1
48 57.0 -144.0 1359.0 47 49 -1
49 57.0 -143.5 1359.5 48 50 -1
50 57.0 -143.0 1359.5 49 51 -1
51 57.0 -142.5 1360.0 50 52 -1
52 57.0 -142.0 1360.5 51 53 -1
53 56.5 -141.5 1360.5 52 54 -1
54 56.0 -141.0 1360.5 53 55 -1
55 56.0 -140.5 1361.0 54 56 -1
56 56.0 -140.0 1361.0 55 57 -1
57 55.5 -139.5 1361.5 56 58 -1
58 55.5 -139.0 1362.0 57 59 -1
59 55.0 -138.5 1362.5 58 60 -1
60 55.0 -138.0 1363.0 59 61 -1
61 55.0 -137.5 1363.5 60 62 -1
62 54.5 -137.0 1364.0 61 63 -1
63 54.5 -136.5 1364.5 62 64 -1
64 54.5 -136.0 1365.0 63 65 -1
65 55.0 -135.5 1365.5 64 66 -1
66 54.5 -135.5 1366.0 65 67 -1
67 54.5 -135.0 1366.5 66 68 -1
68 55.0 -134.5 1367.0 67 69 -1
69 55.0 -134.0 1367.5 68 70 -1
70 55.0 -134.0 1368.0 69 71 -1
71 55.0 -133.5 1368.5 70 72 -1
72 55.0 -133.5 1369.0 71 73 -1
73 55.0 -133.0 1369.5 72 74 -1
74 55.0 -133.0 1370.0 73 75 -1
75 55.0 -132.5 1370.5 74 76 -1
76 55.5 -132.0 1371.0 75 77 -1
77 55.0 -132.0 1371.5 76 78 -1
78 55.5 -131.5 1372.0 77 79 -1
79 55.5 -131.5 1372.5 78 80 -1
80 55.5 -131.5 1373.0 79 81 -1
81 55.5 -131.0 1373.5 80 82 -1
82 55.5 -131.0 1374.0 81 83 -1
83 55.5 -131.0 1374.5 82 84 -1
84 55.5 -131.0 1375.0 83 85 -1
85 55.5 -130.5 1375.5 84 86 -1
86 55.5 -130.5 1376.0 85 87 -1
87 55.5 -130.5 1376.5 86 88 -1
88 55.5 -130.5 1377.0 87 89 -1
89 55.5 -130.5 1377.5 88 90 -1
90 55.5 -130.0 1378.0 89 91 -1
91 55.5 -130.0 1378.5 90 92 -1
92 55.5 -130.0 1379.0 91 93 -1
93 55.5 -130.0 1379.5 92 94 -1
94 55.5 -130.0 1380.0 93 95 -1
95 55.5 -130.0 1380.5 94 96 -1
96 55.5 -130.0 1381.0 95 97 -1
97 55.5 -130.0 1381.5 96 98 -1
98 55.0 -130.0 1382.0 97 99 -1
99 55.0 -130.0 1382.5 98 100 -1
100 55.0 -130.0 1383.0 99 101 -1
101 55.0 -130.0 1383.5 100 102 -1
102 55.0 -130.0 1384.0 101 103 -1
103 55.0 -130.0 1384.5 102 104 -1
104 55.0 -130.0 1385.0 103 105 -1
105 55.0 -130.0 1385.5 104 106 -1
106 55.0 -130.0 1386.0 105 107 -1
107 55.0 -130.5 1386.5 106 108 -1
108 54.5 -130.0 1387.0 107 109 -1
109 54.5 -130.5 1387.5 108 110 -1
110 54.0 -130.5 1388.0 109 111 -1
111 53.5 -130.5 1388.5 110 112 -1
112 53.5 -130.5 1389.0 111 113 -1
113 53.0 -130.5 1389.5 112 114 -1
114 53.0 -131.0 1390.0 113 115 -1
115 52.5 -131.0 1390.5 114 116 -1
116 52.5 -131.5 1391.0 115 117 -1
117 52.0 -131.5 1391.5 116 118 -1
118 51.5 -131.5 1392.0 117 119 -1
119 51.0 -131.5 1392.5 118 120 -1
120 50.5 -132.0 1393.0 119 121 -1
121 50.0 -132.0 1393.5 120 122 -1
122 49.5 -132.0 1394.0 121 123 -1
123 49.0 -132.5 1394.5 122 124 -1
124 48.5 -132.5 1395.0 123 125 -1
125 48.0 -133.0 1395.0 124 126 -1
126 47.5 -133.0 1395.5 125 127 -1
127 47.0 -133.5 1395.5 126 128 -1
128 46.5 -133.5 1396.0 127 129 -1
129 46.0 -134.0 1396.0 128 130 -1
130 45.5 -134.5 1396.0 129 131 -1
131 45.0 -134.5 1396.5 130 132 -1
132 44.5 -135.0 1396.5 131 133 -1
133 44.0 -135.5 1396.0 132 134 -1
134 43.5 -135.5 1396.5 133 135 -1
135 43.0 -136.0 1396.5 134 136 -1
136 42.5 -136.5 1396.5 135 137 -1
137 42.0 -136.5 1396.5 136 138 -1
138 41.5 -137.0 1396.5 137 139 -1
139 41.0 -137.5 1396.5 138 140 -1
140 40.5 -137.5 1396.5 139 141 -1
141 40.0 -138.0 1396.5 140 142 -1
142 39.5 -138.5 1396.0 141 143 -1
143 39.0 -138.5 1396.0 142 144 -1
144 38.5 -139.0 1395.5 143 145 -1
145 38.0 -139.5 1395.5 144 146 -1
146 37.5 -139.5 1395.5 145 147 -1
147 37.0 -140.0 1395.5 146 148 -1
148 36.5 -140.5 1395.0 147 149 -1
149 36.0 -141.0 1394.5 148 150 -1
150 35.5 -141.5 1394.5 149 151 -1
151 35.0 -142.0 1394.5 150 152 -1
152 34.5 -142.5 1394.0 151 153 -1
153 34.0 -143.0 1394.0 152 154 -1
154 33.5 -143.5 1393.5 153 155 -1
155 33.0 -144.0 1393.0 154 156 -1
156 32.5 -144.5 1392.5 155 157 -1
157 32.0 -145.0 1392.0 156 158 -1
158 31.5 -145.5 1391.5 157 159 -1
159 31.0 -146.0 1391.0 158 160 -1
160 30.5 -146.5 1390.5 159 161 -1
161 30.5 -147.0 1390.0 160 162 -1
162 30.0 -147.5 1389.5 161 163 -1
163 29.5 -148.0 1389.0 162 164 -1
164 29.5 -148.0 1388.5 163 165 -1
165 29.5 -148.5 1388.0 164 166 -1
166 29.0 -148.5 1387.5 165 167 -1
167 28.5 -148.5 1387.0 166 168 -1
168 28.5 -149.0 1386.5 167 169 -1
169 28.5 -149.5 1386.0 168 170 -1
170 28.5 -150.0 1385.5 169 171 -1
171 28.5 -150.0 1385.0 170 172 -1
172 28.5 -150.5 1384.5 171 173 -1
173 28.5 -151.0 1384.0 172 174 -1
174 28.0 -151.0 1383.5 173 175 -1
175 28.0 -151.5 1383.0 174 176 -1
176 28.0 -151.5 1382.5 175 177 -1
177 28.0 -152.0 1382.0 176 178 -1
178 28.0 -152.5 1381.5 177 179 -1
179 27.5 -152.0 1381.0 178 180 -1
180 27.5 -152.5 1380.5 179 181 -1
181 27.0 -153.0 1380.0 180 182 -1
182 26.5 -153.0 1379.5 181 183 -1
183 26.5 -153.5 1379.0 182 184 -1
184 26.0 -153.5 1378.5 183 185 -1
185 25.5 -153.5 1378.0 184 186 -1
186 25.0 -154.0 1377.5 185 187 -1
187 24.5 -154.5 1377.0 186 188 -1
188 24.5 -155.0 1376.5 187 189 -1
189 24.0 -155.0 1376.0 188 190 -1
190 23.5 -155.5 1375.5 189 191 -1
191 23.0 -155.5 1375.0 190 192 -1
192 22.5 -155.5 1374.5 191 193 -1
193 22.0 -155.5 1374.0 192 194 -1
194 21.5 -156.0 1373.5 193 195 -1
195 21.5 -156.5 1373.0 194 196 -1
196 21.0 -156.5 1372.5 195 197 -1
197 20.5 -157.0 1372.0 196 198 -1
198 20.0 -157.0 1371.5 197 199 -1
199 19.5 -157.0 1371.0 198 200 -1
200 19.0 -157.0 1371.0 199 201 -1
201 18.5 -157.0 1370.5 200 202 -1
202 18.0 -157.5 1370.0 201 203 -1
203 17.5 -157.5 1370.0 202 204 -1
204 17.0 -157.5 1369.5 203 205 -1
205 16.5 -157.5 1369.0 204 206 -1
206 16.0 -158.0 1369.0 205 207 -1
207 15.5 -158.0 1368.5 206 208 -1
208 15.0 -158.0 1368.0 207 209 -1
209 14.5 -158.0 1368.0 208 210 -1
210 14.0 -158.0 1367.5 209 211 -1
211 13.5 -158.5 1368.0 210 212 -1
212 13.0 -158.5 1368.0 211 213 -1
213 12.5 -158.5 1367.5 212 214 -1
214 12.0 -158.5 1367.5 213 215 -1
215 11.5 -158.5 1367.0 214 216 -1
216 11.0 -159.0 1367.0 215 217 -1
217 10.5 -159.0 1366.5 216 218 -1
218 10.0 -159.0 1366.5 217 219 -1
219 9.5 -159.0 1366.5 218 220 -1
220 9.0 -159.0 1366.5 219 221 -1
221 8.5 -159.0 1366.5 220 222 -1
222 8.0 -159.0 1366.5 221 223 -1
223 7.5 -159.0 1366.5 222 224 -1
224 7.0 -158.5 1366.0 223 225 -1
225 6.5 -158.5 1366.0 224 226 -1
226 6.0 -158.5 1366.0 225 227 -1
227 5.5 -159.0 1366.0 226 228 -1
228 5.0 -159.0 1366.0 227 229 -1
229 4.5 -159.0 1366.0 228 230 -1
230 4.0 -159.0 1365.5 229 231 -1
231 3.5 -158.5 1365.5 230 232 -1
232 3.0 -159.0 1365.5 231 233 -1
233 2.5 -159.0 1365.5 232 234 -1
234 2.0 -158.5 1365.5 233 235 -1
235 1.5 -158.5 1365.5 234 236 -1
236 1.0 -158.5 1365.5 235 237 -1
237 0.5 -158.5 1365.5 236 238 -1
238 0.0 -158.5 1365.5 237 239 -1
239 -0.5 -158.5 1365.5 238 240 -1
240 -1.0 -158.0 1365.5 239 241 -1
241 -1.5 -158.0 1365.5 240 242 -1
242 -2.0 -158.0 1365.5 241 243 -1
243 -2.5 -157.5 1366.0 242 244 -1
244 -3.0 -157.0 1366.0 243 245 -1
245 -3.5 -157.5 1366.0 244 246 -1
246 -4.0 -157.5 1365.5 245 247 -1
247 -4.5 -157.5 1365.5 246 248 -1
248 -5.0 -158.0 1365.0 247 249 250
249 -5.0 -158.5 1364.5 248 251 -1
250 -5.5 -157.0 1366.0 248 252 -1
251 -5.0 -159.0 1364.0 249 253 -1
252 -6.0 -157.0 1366.0 250 254 -1
253 -5.0 -159.5 1363.5 251 255 -1
254 -6.5 -156.5 1366.5 252 256 -1
255 -5.0 -159.5 1363.0 253 257 -1
256 -6.5 -156.5 1367.0 254 258 -1
257 -5.0 -160.0 1362.5 255 259 -1
258 -6.5 -156.0 1367.5 256 260 -1
259 -5.0 -160.0 1362.0 257 261 -1
260 -6.5 -155.5 1367.5 258 262 -1
261 -5.0 -160.5 1361.5 259 263 -1
262 -7.0 -155.0 1368.0 260 264 -1
263 -5.0 -160.5 1361.0 261 265 -1
264 -7.0 -154.5 1368.5 262 266 -1
265 -5.5 -161.0 1360.5 263 267 -1
266 -7.5 -154.0 1369.0 264 268 -1
267 -5.5 -161.5 1360.0 265 269 -1
268 -8.0 -154.0 1369.5 266 270 271
269 -5.5 -161.5 1359.5 267 272 -1
270 -8.5 -154.0 1370.0 268 273 -1
271 -7.5 -153.5 1370.0 268 274 -1
272 -5.5 -161.5 1359.0 269 275 -1
273 -9.0 -153.5 1370.5 270 276 -1
274 -7.0 -153.0 1370.5 271 277 -1
275 -5.5 -161.5 1358.5 272 278 -1
276 -9.5 -153.5 1371.0 273 279 -1
277 -6.5 -152.5 1371.0 274 280 -1
278 -5.5 -162.0 1358.0 275 281 -1
279 -9.5 -153.0 1371.5 276 282 -1
280 -6.5 -152.5 1371.5 277 283 -1
281 -5.5 -162.5 1357.5 278 284 -1
282 -10.0 -153.0 1372.0 279 285 -1
283 -6.5 -152.0 1372.0 280 286 -1
284 -6.0 -162.5 1357.0 281 287 -1
285 -10.5 -152.5 1372.5 282 288 -1
286 -6.5 -152.0 1372.5 283 289 -1
287 -6.5 -162.5 1356.5 284 290 -1
288 -11.0 -152.5 1373.0 285 291 -1
289 -6.0 -151.5 1373.0 286 292 -1
290 -6.5 -163.0 1356.0 287 293 -1
291 -11.5 -152.5 1373.5 288 294 -1
292 -6.0 -151.0 1373.5 289 295 -1
293 -7.0 -163.0 1355.5 290 296 -1
294 -11.5 -152.5 1374.0 291 297 -1
295 -5.5 -150.5 1374.0 292 298 -1
296 -7.0 -163.0 1355.0 293 299 -1
297 -12.0 -152.0 1374.5 294 300 -1
298 -5.0 -150.0 1374.5 295 301 -1
299 -6.5 -163.5 1354.5 296 302 -1
300 -12.5 -152.5 1374.5 297 303 -1
301 -4.5 -149.5 1375.0 298 304 -1
302 -7.0 -163.5 1354.0 299 305 -1
303 -13.0 -152.5 1374.5 300 306 -1
304 -4.0 -149.5 1375.5 301 307 -1
305 -7.0 -163.5 1353.5 302 308 -1
306 -13.5 -152.0 1375.0 303 309 -1
307 -3.5 -149.0 1376.0 304 310 -1
308 -7.0 -163.5 1353.0 305 311 -1
309 -14.0 -152.0 1375.5 306 312 -1
310 -3.0 -149.0 1376.5 307 313 -1
311 -7.0 -164.0 1352.5 308 314 -1
312 -14.0 -152.0 1376.0 309 315 -1
313 -2.5 -149.0 1377.0 310 316 -1
314 -7.0 -164.0 1352.0 311 317 -1
315 -14.5 -152.0 1376.5 312 318 -1
316 -2.0 -148.5 1377.5 313 319 -1
317 -7.5 -164.0 1351.5 314 320 -1
318 -15.0 -152.0 1376.5 315 321 -1
319 -1.5 -148.5 1378.0 316 322 -1
320 -7.0 -164.5 1351.0 317 323 -1
321 -15.5 -151.5 1377.0 318 324 -1
322 -1.0 -148.5 1378.0 319 325 -1
323 -7.5 -164.5 1350.5 320 326 -1
324 -16.0 -151.5 1377.5 321 327 -1
325 -0.5 -148.0 1378.5 322 328 -1
326 -7.5 -164.5 1350.0 323 329 -1
327 -16.5 -151.5 1378.0 324 330 -1
328 0.0 -148.0 1379.0 325 331 -1
329 -8.0 -164.5 1349.5 326 332 -1
330 -16.5 -151.5 1378.5 327 333 -1
331 0.5 -147.5 1379.5 328 334 -1
332 -8.0 -164.5 1349.0 329 335 -1
333 -17.0 -151.5 1379.0 330 336 -1
334 1.0 -147.5 1380.0 331 337 -1
335 -8.0 -164.5 1348.5 332 338 -1
336 -17.5 -151.5 1379.0 333 339 -1
337 1.0 -147.0 1380.5 334 340 -1
338 -8.5 -164.5 1348.0 335 341 -1
339 -18.0 -151.5 1379.5 336 342 -1
340 1.5 -147.0 1381.0 337 343 -1
341 -8.5 -164.5 1347.5 338 344 -1
342 -18.5 -151.5 1379.5 339 345 -1
343 1.5 -146.5 1381.5 340 346 -1
344 -8.5 -164.5 1347.0 341 347 -1
345 -19.0 -151.0 1380.0 342 348 -1
346 2.0 -146.5 1382.0 343 349 -1
347 -9.0 -164.0 1346.5 344 350 -1
348 -19.5 -151.0 1380.5 345 351 -1
349 2.0 -146.0 1382.5 346 352 -1
350 -9.0 -164.5 1346.0 347 353 -1
351 -19.5 -151.0 1381.0 348 354 -1
352 2.5 -146.0 1383.0 349 355 -1
353 -9.5 -164.0 1345.5 350 356 -1
354 -20.0 -151.0 1381.5 351 357 358
355 2.5 -146.0 1383.5 352 359 -1
356 -10.0 -164.0 1345.0 353 360 -1
357 -20.5 -151.0 1382.0 354 361 -1
358 -19.5 -151.0 1382.0 354 362 -1
359 2.5 -145.5 1384.0 355 363 -1
360 -10.0 -164.0 1344.5 356 364 -1
361 -21.0 -150.5 1382.5 357 365 -1
362 -19.5 -150.5 1382.5 358 366 -1
363 2.5 -145.0 1384.5 359 367 -1
364 -10.5 -164.0 1344.0 360 368 -1
365 -21.5 -150.5 1383.0 361 369 -1
366 -19.5 -150.0 1383.0 362 370 -1
367 2.5 -145.0 1385.0 363 371 -1
368 -10.5 -164.0 1343.5 364 372 -1
369 -22.0 -150.5 1383.5 365 373 -1
370 -19.5 -150.0 1383.5 366 374 -1
371 2.5 -145.0 1385.5 367 375 -1
372 -11.0 -164.0 1343.0 368 376 -1
373 -22.5 -150.5 1384.0 369 377 -1
374 -19.5 -150.0 1384.0 370 378 -1
375 3.0 -145.0 1386.0 371 379 -1
376 -11.0 -164.0 1342.5 372 380 -1
377 -23.0 -150.5 1384.5 373 381 -1
378 -19.5 -149.5 1384.5 374 382 -1
379 3.0 -145.0 1386.5 375 383 -1
380 -11.0 -164.0 1342.0 376 384 -1
381 -23.5 -150.0 1385.0 377 385 -1
382 -19.5 -149.5 1385.0 378 -1 -1
383 3.0 -145.0 1387.0 379 386 -1
384 -11.0 -164.0 1341.5 380 387 -1
385 -23.5 -150.0 1385.5 381 388 -1
386 3.0 -145.0 1387.5 383 389 -1
387 -11.5 -164.0 1341.0 384 390 -1
388 -24.0 -150.0 1386.0 385 391 -1
389 3.0 -145.0 1388.0 386 392 -1
390 -11.0 -164.0 1340.5 387 393 -1
391 -24.5 -150.0 1386.5 388 394 -1
392 3.0 -145.0 1388.5 389 395 -1
393 -11.0 -163.5 1340.0 390 396 -1
394 -25.0 -150.0 1387.0 391 397 -1
395 3.0 -145.0 1389.0 392 398 -1
396 -11.0 -163.5 1339.5 393 399 -1
397 -25.0 -149.5 1387.5 394 400 -1
398 3.0 -145.0 1389.5 395 401 -1
399 -11.0 -163.5 1339.0 396 402 -1
400 -25.5 -149.5 1388.0 397 403 -1
401 3.0 -145.0 1390.0 398 404 -1
402 -11.0 -163.5 1338.5 399 405 -1
403 -26.0 -149.0 1388.5 400 406 -1
404 3.0 -145.5 1390.5 401 407 -1
405 -11.0 -163.5 1338.0 402 408 -1
406 -26.5 -149.0 1389.0 403 409 -1
407 3.0 -145.5 1391.0 404 410 -1
408 -11.0 -163.5 1337.5 405 411 -1
409 -27.0 -149.0 1389.0 406 412 -1
410 3.0 -145.5 1391.5 407 413 -1
411 -11.0 -163.5 1337.0 408 414 -1
412 -27.5 -148.5 1389.5 409 415 -1
413 3.0 -145.5 1392.0 410 416 -1
414 -11.0 -163.5 1336.5 411 417 -1
415 -28.0 -148.0 1390.0 412 418 -1
416 3.5 -146.0 1392.5 413 419 -1
417 -11.0 -163.5 1336.0 414 420 -1
418 -28.0 -148.0 1390.5 415 421 -1
419 3.5 -146.0 1393.0 416 422 -1
420 -11.0 -163.5 1335.5 417 423 -1
421 -28.5 -147.5 1391.0 418 424 -1
422 3.5 -146.5 1393.5 419 425 -1
423 -11.0 -163.5 1335.0 420 426 -1
424 -29.0 -147.5 1391.5 421 427 -1
425 3.5 -146.5 1394.0 422 428 -1
426 -11.0 -163.5 1334.5 423 429 -1
427 -29.5 -147.0 1392.0 424 430 -1
428 3.5 -147.0 1394.5 425 431 -1
429 -11.0 -163.5 1334.0 426 432 -1
430 -29.5 -146.5 1392.5 427 433 -1
431 4.0 -147.5 1395.0 428 434 -1
432 -11.0 -163.0 1333.5 429 435 -1
433 -30.0 -146.0 1393.0 430 436 -1
434 4.0 -148.0 1395.5 431 437 -1
435 -11.0 -163.0 1333.0 432 438 -1
436 -30.5 -146.0 1393.5 433 439 -1
437 4.5 -148.5 1396.0 434 440 -1
438 -11.0 -163.0 1332.5 435 441 -1
439 -30.5 -145.5 1394.0 436 442 -1
440 4.5 -148.5 1396.5 437 443 -1
441 -11.0 -163.0 1332.0 438 444 -1
442 -30.5 -145.0 1394.5 439 445 -1
443 5.0 -149.0 1397.0 440 446 -1
444 -11.0 -163.0 1331.5 441 447 -1
445 -31.0 -145.0 1395.0 442 448 -1
446 5.0 -149.5 1397.5 443 449 -1
447 -11.0 -162.5 1331.0 444 450 -1
448 -31.5 -144.5 1395.5 445 451 -1
449 5.5 -150.0 1398.0 446 452 -1
450 -11.0 -162.5 1330.5 447 453 -1
451 -32.0 -144.0 1396.0 448 454 -1
452 6.0 -150.5 1398.0 449 455 -1
453 -11.0 -162.5 1330.0 450 456 -1
454 -32.0 -143.5 1396.5 451 457 -1
455 6.0 -151.0 1398.5 452 458 -1
456 -11.0 -162.5 1329.5 453 459 -1
457 -32.5 -143.5 1397.0 454 460 -1
458 6.5 -151.5 1398.5 455 461 -1
459 -11.0 -162.5 1329.0 456 462 -1
460 -33.0 -143.0 1397.5 457 463 -1
461 6.5 -152.0 1399.0 458 464 -1
462 -11.0 -162.5 1328.5 459 465 -1
463 -33.0 -142.5 1398.0 460 466 -1
464 7.0 -152.5 1399.5 461 467 -1
465 -11.0 -162.5 1328.0 462 468 -1
466 -33.5 -142.5 1398.5 463 469 -1
467 7.5 -153.0 1399.5 464 470 -1
468 -11.0 -162.0 1327.5 465 471 -1
469 -33.5 -142.0 1399.0 466 472 -1
470 7.5 -153.5 1399.5 467 473 -1
471 -11.0 -162.0 1327.0 468 474 -1
472 -34.0 -141.5 1399.5 469 475 -1
473 8.0 -154.0 1400.0 470 476 -1
474 -11.0 -162.0 1326.5 471 -1 -1
475 -34.5 -142.0 1399.5 472 477 -1
476 8.5 -154.5 1400.0 473 478 -1
477 -35.0 -142.0 1400.0 475 479 -1
478 9.0 -155.0 1400.0 476 480 -1
479 -35.0 -141.5 1400.5 477 481 -1
480 9.5 -155.0 1400.0 478 482 -1
481 -35.5 -141.0 1401.0 479 483 -1
482 10.0 -155.5 1400.0 480 484 -1
483 -36.0 -141.0 1401.5 481 485 -1
484 10.5 -156.0 1400.0 482 486 -1
485 -36.5 -141.0 1402.0 483 487 -1
486 11.0 -156.0 1400.0 484 488 -1
487 -36.5 -141.0 1402.5 485 489 -1
488 11.5 -156.5 1400.0 486 490 -1
489 -37.0 -141.0 1403.0 487 491 -1
490 12.0 -157.0 1400.5 488 492 -1
491 -37.5 -141.5 1403.5 489 493 -1
492 12.5 -157.5 1400.0 490 494 -1
493 -38.0 -141.5 1404.0 491 495 -1
494 13.0 -158.0 1400.0 492 496 -1
495 -38.5 -142.0 1404.5 493 497 -1
496 13.5 -158.5 1400.0 494 498 -1
497 -39.0 -142.0 1405.0 495 499 -1
498 14.0 -158.5 1400.0 496 500 -1
499 -39.0 -142.5 1405.5 497 501 -1
500 14.5 -159.0 1400.0 498 502 -1
501 -39.5 -142.5 1406.0 499 503 -1
502 15.0 -159.0 1400.0 500 504 -1
503 -40.0 -143.0 1406.5 501 505 -1
504 15.5 -159.5 1400.0 502 506 -1
505 -40.0 -143.0 1407.0 503 507 -1
506 15.5 -160.0 1400.5 504 508 -1
507 -40.5 -143.0 1407.5 505 509 -1
508 16.0 -160.5 1400.5 506 510 -1
509 -41.0 -143.0 1408.0 507 511 -1
510 16.0 -161.0 1400.5 508 512 -1
511 -41.0 -143.0 1408.5 509 513 -1
512 16.5 -161.5 1400.5 510 514 -1
513 -41.5 -143.0 1409.0 511 515 516
514 17.0 -162.0 1400.5 512 517 -1
515 -41.5 -143.5 1409.5 513 518 -1
516 -41.5 -142.5 1409.5 513 519 -1
517 17.5 -162.5 1400.5 514 520 -1
518 -41.5 -143.5 1410.0 515 521 -1
519 -42.0 -142.0 1409.0 516 522 -1
520 18.0 -163.0 1401.0 517 523 -1
521 -41.5 -144.0 1410.5 518 524 -1
522 -42.0 -141.5 1409.0 519 525 -1
523 18.5 -163.5 1401.0 520 526 -1
524 -41.5 -144.0 1411.0 521 527 -1
525 -42.0 -141.0 1408.5 522 528 -1
526 18.5 -164.0 1401.5 523 529 -1
527 -41.5 -144.5 1411.5 524 530 -1
528 -42.0 -140.5 1408.5 525 531 -1
529 19.0 -164.5 1402.0 526 532 -1
530 -41.5 -144.5 1412.0 527 533 -1
531 -42.5 -140.0 1408.5 528 534 -1
532 19.5 -165.0 1402.0 529 535 -1
533 -41.5 -145.0 1412.5 530 536 -1
534 -42.5 -139.5 1408.5 531 537 -1
535 20.0 -165.5 1402.5 532 538 -1
536 -41.5 -145.0 1413.0 533 539 -1
537 -43.0 -139.0 1408.0 534 540 -1
538 20.0 -166.0 1403.0 535 541 -1
539 -41.5 -145.5 1413.5 536 542 -1
540 -43.0 -138.5 1408.5 537 543 -1
541 20.5 -166.5 1403.5 538 544 -1
542 -41.5 -146.0 1414.0 539 545 -1
543 -43.5 -138.0 1408.0 540 546 -1
544 21.0 -167.0 1404.0 541 547 -1
545 -41.5 -146.5 1414.5 542 548 -1
546 -43.5 -137.5 1408.0 543 549 -1
547 21.5 -167.5 1404.5 544 550 -1
548 -41.5 -147.0 1415.0 545 551 -1
549 -43.5 -137.0 1407.5 546 552 -1
550 22.0 -168.0 1405.0 547 553 -1
551 -41.5 -147.5 1415.5 548 554 -1
552 -44.0 -136.5 1408.0 549 555 -1
553 22.5 -168.0 1405.5 550 556 -1
554 -41.5 -148.0 1416.0 551 557 -1
555 -44.5 -136.0 1408.0 552 558 -1
556 22.5 -168.5 1406.0 553 559 -1
557 -41.5 -148.5 1416.5 554 560 -1
558 -45.0 -135.5 1408.5 555 561 -1
559 23.0 -169.0 1406.5 556 562 -1
560 -41.5 -149.0 1417.0 557 563 -1
561 -45.5 -135.5 1409.0 558 564 -1
562 23.5 -169.5 1407.0 559 565 -1
563 -41.0 -149.5 1417.0 560 566 -1
564 -46.0 -135.0 1409.0 561 567 568
565 23.5 -170.0 1407.5 562 569 -1
566 -41.0 -150.0 1417.5 563 570 -1
567 -49.5 -134.5 1411.0 564 571 -1
568 -49.0 -133.5 1410.5 564 572 -1
569 24.0 -170.5 1408.0 565 573 -1
570 -41.0 -150.5 1418.0 566 574 -1
571 -50.0 -134.0 1411.0 567 575 -1
572 -49.0 -133.0 1410.0 568 576 -1
573 24.5 -170.5 1408.0 569 577 -1
574 -40.5 -151.0 1418.0 570 578 -1
575 -50.5 -134.0 1411.0 571 579 -1
576 -49.5 -132.5 1410.5 572 580 -1
577 25.0 -171.0 1408.5 573 581 -1
578 -40.5 -151.5 1418.0 574 582 -1
579 -51.0 -134.0 1411.5 575 583 -1
580 -49.5 -132.0 1410.5 576 584 -1
581 25.5 -171.5 1409.0 577 585 -1
582 -40.5 -152.0 1418.5 578 586 -1
583 -51.5 -133.5 1412.0 579 587 -1
584 -49.5 -131.5 1410.0 580 588 -1
585 26.0 -171.5 1409.0 581 589 -1
586 -40.5 -152.5 1419.0 582 590 -1
587 -52.0 -133.0 1412.0 583 591 -1
588 -49.5 -131.0 1410.0 584 592 -1
589 26.5 -172.0 1409.5 585 593 -1
590 -40.0 -153.0 1418.5 586 594 -1
591 -52.5 -133.5 1412.5 587 595 -1
592 -49.0 -130.5 1409.5 588 -1 -1
593 27.0 -172.5 1410.0 589 596 -1
594 -40.0 -153.5 1419.0 590 597 -1
595 -53.0 -133.5 1412.5 591 598 -1
596 27.5 -173.0 1410.5 593 599 -1
597 -39.5 -154.0 1419.0 594 600 -1
598 -53.5 -134.0 1413.0 595 601 -1
599 28.0 -173.0 1410.5 596 602 -1
600 -39.0 -154.5 1419.0 597 603 -1
601 -54.0 -134.0 1413.0 598 604 -1
602 28.5 -173.5 1411.0 599 605 -1
603 -39.0 -155.0 1419.5 600 606 -1
604 -54.5 -134.0 1413.0 601 607 -1
605 29.0 -174.0 1411.5 602 608 -1
606 -38.5 -155.5 1419.0 603 609 -1
607 -55.0 -134.0 1413.0 604 610 -1
608 29.5 -174.0 1411.5 605 611 -1
609 -38.5 -156.0 1419.5 606 612 -1
610 -55.5 -134.5 1413.5 607 613 -1
611 30.0 -174.0 1411.5 608 614 -1
612 -38.0 -156.5 1419.0 609 615 -1
613 -56.0 -134.5 1413.5 610 616 -1
614 30.5 -174.5 1412.0 611 617 -1
615 -38.0 -157.0 1419.5 612 618 -1
616 -56.5 -135.0 1413.5 613 619 -1
617 31.0 -174.5 1412.0 614 620 -1
618 -38.0 -157.5 1420.0 615 621 -1
619 -57.0 -135.5 1413.5 616 -1 -1
620 31.5 -175.0 1412.5 617 622 -1
621 -37.5 -158.0 1420.0 618 623 -1
622 32.0 -175.0 1412.5 620 624 -1
623 -37.0 -158.5 1420.5 621 625 -1
624 32.5 -175.0 1412.5 622 626 -1
625 -37.0 -159.0 1420.5 623 627 -1
626 33.0 -175.0 1412.5 624 628 -1
627 -36.5 -159.5 1420.5 625 629 -1
628 33.5 -175.5 1412.5 626 630 -1
629 -36.5 -160.0 1420.5 627 -1 -1
630 34.0 -175.5 1413.0 628 631 -1
631 34.5 -175.5 1413.0 630 632 -1
632 35.0 -175.5 1413.0 631 633 -1
633 35.5 -175.5 1413.0 632 634 -1
634 36.0 -175.5 1413.0 633 635 -1
635 36.5 -175.5 1413.0 634 636 -1
636 37.0 -175.5 1412.5 635 637 -1
637 37.5 -175.0 1412.5 636 638 -1
638 38.0 -175.0 1412.5 637 639 -1
639 38.5 -174.5 1412.5 638 640 -1
640 39.0 -174.5 1412.5 639 641 -1
641 39.5 -174.0 1412.0 640 642 -1
642 40.0 -173.5 1412.0 641 643 -1
643 40.5 -173.0 1411.5 642 644 -1
644 40.5 -172.5 1411.5 643 645 -1
645 41.0 -172.0 1411.5 644 646 -1
646 41.0 -171.5 1411.0 645 647 -1
647 41.0 -171.0 1411.0 646 648 -1
648 41.0 -170.5 1410.5 647 649 -1
649 41.0 -170.0 1410.5 648 650 -1
650 41.0 -169.5 1410.5 649 651 -1
651 41.0 -169.0 1410.5 650 652 -1
652 41.0 -168.5 1410.5 651 653 -1
653 41.0 -168.0 1410.5 652 654 -1
654 40.5 -167.5 1410.5 653 655 -1
655 40.5 -167.0 1410.5 654 656 -1
656 40.0 -166.5 1410.5 655 657 -1
657 39.5 -166.0 1410.5 656 658 -1
658 39.0 -165.5 1410.5 657 659 -1
659 38.5 -165.0 1410.5 658 660 -1
660 38.0 -164.5 1410.5 659 661 -1
661 37.5 -164.0 1410.5 660 662 -1
662 37.0 -163.5 1410.5 661 663 -1
663 36.5 -163.0 1410.5 662 664 -1
664 36.0 -163.0 1411.0 663 665 -1
665 35.5 -162.5 1411.0 664 666 -1
666 35.0 -162.5 1411.5 665 667 -1
667 34.5 -162.5 1411.5 666 668 -1
668 34.0 -162.0 1411.5 667 669 -1
669 33.5 -162.0 1411.5 668 670 -1
670 33.0 -162.0 1412.0 669 671 -1
671 32.5 -162.0 1412.0 670 672 -1
672 32.0 -161.5 1412.5 671 673 -1
673 31.5 -161.5 1412.5 672 674 -1
674 31.0 -161.5 1413.0 673 675 -1
675 30.5 -161.5 1413.5 674 676 -1
676 30.0 -161.5 1414.0 675 677 -1
677 30.0 -161.5 1414.5 676 678 -1
678 29.5 -161.5 1415.0 677 679 -1
679 29.0 -161.5 1415.5 678 680 -1
680 29.0 -162.0 1416.0 679 681 -1
681 28.5 -161.5 1416.5 680 682 -1
682 28.0 -161.5 1417.0 681 683 -1
683 28.5 -162.0 1417.5 682 684 -1
684 28.0 -162.0 1418.0 683 685 -1
685 28.0 -162.0 1418.5 684 686 -1
686 28.5 -162.5 1419.0 685 687 -1
687 28.5 -162.5 1419.5 686 688 -1
688 28.5 -163.0 1420.0 687 689 -1
689 29.0 -163.5 1420.5 688 690 -1
690 29.5 -164.0 1421.0 689 -1 -1
