0 66.0 14.5 -193.5 -1 1 -1
1 65.5 14.5 -193.0 0 2 -1
2 65.5 15.0 -192.5 1 3 -1
3 65.5 15.0 -192.0 2 4 -1
4 65.0 15.0 -191.5 3 5 -1
5 64.5 15.5 -191.0 4 6 -1
6 64.5 16.0 -190.5 5 7 -1
7 64.0 16.0 -190.0 6 8 -1
8 63.5 16.5 -189.5 7 9 -1
9 63.0 17.0 -189.0 8 10 -1
10 63.0 17.5 -188.5 9 11 -1
11 63.0 18.0 -188.5 10 12 -1
12 62.5 18.5 -188.0 11 13 -1
13 62.0 19.0 -187.5 12 14 -1
14 61.5 19.5 -187.5 13 15 -1
15 61.0 20.0 -187.0 14 16 -1
16 60.5 20.5 -186.5 15 17 -1
17 60.5 21.0 -186.5 16 18 -1
18 60.0 21.5 -186.0 17 19 -1
19 60.0 22.0 -186.0 18 20 -1
20 60.0 22.5 -186.0 19 21 -1
21 59.5 23.0 -185.5 20 22 -1
22 59.5 23.5 -185.5 21 23 -1
23 59.0 24.0 -185.0 22 24 -1
24 58.5 24.5 -185.0 23 25 -1
25 58.0 25.0 -184.5 24 26 -1
26 58.0 25.5 -185.0 25 27 -1
27 57.5 26.0 -184.5 26 28 -1
28 57.5 26.5 -184.5 27 29 -1
29 57.0 27.0 -184.5 28 30 -1
30 56.5 27.5 -184.0 29 31 -1
31 56.0 28.0 -184.0 30 32 -1
32 55.5 28.5 -184.0 31 33 -1
33 55.0 29.0 -184.0 32 34 -1
34 54.5 29.5 -184.0 33 35 -1
35 54.0 30.0 -184.0 34 36 -1
36 53.5 30.0 -184.0 35 37 -1
37 53.0 30.5 -184.5 36 38 -1
38 52.5 30.5 -184.5 37 39 -1
39 52.0 30.5 -184.5 38 40 -1
40 51.5 31.0 -185.0 39 41 -1
41 51.0 31.5 -185.0 40 42 -1
42 50.5 31.5 -185.0 41 43 -1
43 50.0 31.5 -185.0 42 44 -1
44 49.5 31.5 -185.0 43 45 -1
45 49.0 32.0 -185.0 44 46 -1
46 48.5 32.0 -185.0 45 47 -1
47 48.0 31.5 -184.5 46 48 -1
48 47.5 31.5 -185.0 47 49 -1
49 47.0 31.5 -185.0 48 50 -1
50 46.5 31.5 -185.0 49 51 -1
51 46.0 31.5 -185.0 50 52 -1
52 45.5 31.5 -185.0 51 53 -1
53 45.0 31.5 -185.5 52 54 -1
54 44.5 31.5 -185.5 53 55 -1
55 44.0 31.0 -185.0 54 56 -1
56 43.5 31.0 -185.0 55 57 -1
57 43.0 31.0 -185.0 56 58 -1
58 42.5 31.0 -185.5 57 59 -1
59 42.0 30.5 -185.0 58 60 -1
60 41.5 30.5 -185.0 59 61 -1
61 41.0 30.0 -185.0 60 62 -1
62 40.5 30.0 -185.5 61 63 -1
63 40.0 29.5 -185.5 62 64 -1
64 39.5 29.0 -185.5 63 65 -1
65 39.0 28.5 -185.5 64 66 -1
66 38.5 28.0 -185.5 65 67 -1
67 38.0 28.0 -185.5 66 68 -1
68 37.5 27.5 -185.0 67 69 -1
69 37.0 27.0 -185.0 68 70 -1
70 36.5 26.5 -185.0 69 71 -1
71 36.0 26.0 -185.0 70 72 -1
72 36.0 25.5 -185.5 71 73 -1
73 35.5 25.0 -185.0 72 74 -1
74 35.0 24.5 -185.0 73 75 -1
75 35.0 24.0 -185.5 74 76 -1
76 34.5 23.5 -185.5 75 77 -1
77 34.0 23.0 -185.0 76 78 -1
78 34.0 22.5 -185.0 77 79 -1
79 34.0 22.0 -185.0 78 80 -1
80 33.5 21.5 -185.0 79 81 -1
81 33.0 21.0 -185.0 80 82 -1
82 33.0 20.5 -184.5 81 83 -1
83 32.5 20.0 -184.5 82 84 -1
84 32.5 19.5 -184.5 83 85 -1
85 32.0 19.0 -184.5 84 86 -1
86 31.5 18.5 -184.5 85 87 -1
87 31.5 18.0 -184.5 86 88 -1
88 31.5 17.5 -184.5 87 89 -1
89 31.0 17.0 -184.5 88 90 -1
90 31.0 16.5 -184.5 89 91 -1
91 30.5 16.0 -185.0 90 92 -1
92 30.0 15.5 -185.0 91 93 -1
93 30.0 15.0 -185.0 92 94 -1
94 30.0 14.5 -185.0 93 95 -1
95 30.0 14.0 -185.0 94 96 -1
96 30.0 13.5 -185.0 95 97 -1
97 29.5 13.0 -185.5 96 98 -1
98 29.0 12.5 -185.5 97 99 -1
99 29.0 12.0 -185.5 98 100 -1
100 29.0 11.5 -185.5 99 101 -1
101 28.5 11.0 -185.5 100 102 -1
102 29.0 10.5 -185.5 101 103 -1
103 28.5 10.0 -186.0 102 104 -1
104 28.5 9.5 -186.0 103 105 -1
105 28.5 9.0 -186.0 104 106 -1
106 28.5 8.5 -186.0 105 107 -1
107 28.5 8.0 -186.0 106 108 -1
108 28.0 7.5 -186.5 107 109 -1
109 28.0 7.0 -186.5 108 110 -1
110 27.5 6.5 -187.0 109 111 -1
111 27.5 6.0 -187.0 110 112 -1
112 27.0 5.5 -187.5 111 113 -1
113 27.0 5.0 -187.5 112 114 -1
114 27.0 4.5 -187.5 113 115 -1
115 26.5 4.0 -188.0 114 116 -1
116 26.5 3.5 -188.0 115 117 -1
117 26.0 3.0 -188.5 116 118 -1
118 26.0 2.5 -188.5 117 119 -1
119 26.0 2.0 -189.0 118 120 -1
120 25.5 2.0 -189.5 119 121 -1
121 25.0 1.5 -190.0 120 122 -1
122 25.5 1.0 -189.5 121 123 -1
123 25.5 0.5 -190.0 122 124 -1
124 25.0 0.0 -190.5 123 125 -1
125 25.0 -0.5 -191.0 124 126 -1
126 24.5 -0.5 -191.5 125 127 -1
127 24.5 -1.0 -192.0 126 128 -1
128 24.0 -1.0 -192.5 127 129 -1
129 24.0 -1.5 -193.0 128 130 -1
130 23.5 -1.5 -193.5 129 131 -1
131 23.0 -1.5 -194.0 130 132 -1
132 22.5 -2.0 -194.5 131 133 -1
133 22.0 -2.0 -195.0 132 134 -1
134 22.0 -2.5 -195.5 133 135 -1
135 21.5 -3.0 -196.0 134 136 -1
136 21.0 -3.0 -196.5 135 137 -1
137 20.5 -3.0 -197.0 136 138 -1
138 20.0 -3.5 -197.5 137 139 -1
139 19.5 -3.5 -198.0 138 140 -1
140 19.0 -4.0 -198.5 139 141 -1
141 18.5 -4.0 -199.0 140 142 -1
142 18.0 -4.5 -199.0 141 143 -1
143 18.0 -5.0 -199.0 142 144 -1
144 17.5 -5.5 -199.0 143 145 -1
145 17.0 -6.0 -199.5 144 146 -1
146 16.5 -5.5 -200.0 145 147 -1
147 16.0 -6.0 -200.0 146 148 -1
148 15.5 -6.0 -200.5 147 149 -1
149 15.0 -6.0 -200.5 148 150 -1
150 14.5 -6.0 -201.0 149 151 -1
151 14.0 -6.0 -201.0 150 152 -1
152 13.5 -6.0 -201.5 151 153 -1
153 13.0 -6.0 -201.5 152 154 -1
154 12.5 -6.0 -201.5 153 155 -1
155 12.0 -6.0 -201.5 154 156 -1
156 11.5 -6.0 -201.5 155 157 -1
157 11.0 -5.5 -202.0 156 158 -1
158 10.5 -5.5 -202.0 157 159 -1
159 10.0 -6.0 -202.0 158 160 -1
160 9.5 -5.5 -202.0 159 161 -1
161 9.0 -5.5 -202.0 160 162 -1
162 8.5 -5.5 -202.0 161 163 -1
163 8.0 -5.5 -202.0 162 164 -1
164 7.5 -6.0 -201.5 163 165 -1
165 7.0 -6.0 -201.5 164 166 -1
166 6.5 -5.5 -202.0 165 167 -1
167 6.0 -5.5 -202.0 166 168 -1
168 5.5 -5.5 -201.5 167 169 -1
169 5.0 -5.0 -201.5 168 170 -1
170 4.5 -5.0 -201.0 169 171 -1
171 4.0 -4.5 -201.5 170 172 -1
172 3.5 -4.5 -201.5 171 173 -1
173 3.0 -4.5 -201.0 172 174 -1
174 2.5 -4.5 -201.0 173 175 -1
175 2.0 -4.0 -201.0 174 176 -1
176 1.5 -4.0 -200.5 175 177 -1
177 1.0 -3.5 -200.5 176 178 -1
178 0.5 -3.5 -200.5 177 179 -1
179 0.0 -3.0 -200.0 178 180 -1
180 -0.5 -3.0 -200.0 179 181 -1
181 -1.0 -3.0 -199.5 180 182 -1
182 -1.5 -3.0 -199.5 181 183 -1
183 -2.0 -3.0 -199.5 182 184 -1
184 -2.5 -2.5 -199.0 183 185 -1
185 -3.0 -2.5 -199.0 184 186 -1
186 -3.5 -2.5 -199.0 185 187 -1
187 -4.0 -2.0 -199.0 186 188 -1
188 -4.5 -2.0 -199.5 187 189 -1
189 -5.0 -1.5 -199.0 188 190 -1
190 -5.5 -1.5 -199.0 189 191 192
191 -6.0 -1.5 -199.5 190 193 -1
192 -5.5 -1.0 -198.0 190 194 -1
193 -6.0 -2.0 -200.0 191 195 -1
194 -6.0 -0.5 -197.5 192 196 -1
195 -6.0 -2.5 -200.5 193 197 -1
196 -6.0 0.0 -197.0 194 198 -1
197 -6.0 -2.0 -201.0 195 199 -1
198 -6.0 0.5 -196.5 196 200 -1
199 -6.0 -2.5 -201.5 197 201 -1
200 -6.5 1.0 -196.0 198 202 -1
201 -6.0 -2.5 -202.0 199 203 -1
202 -6.5 1.5 -195.5 200 204 -1
203 -6.0 -3.0 -202.5 201 205 -1
204 -7.0 1.5 -195.0 202 206 -1
205 -6.5 -2.5 -203.0 203 207 -1
206 -7.5 1.5 -194.5 204 208 -1
207 -6.5 -3.0 -203.5 205 209 -1
208 -8.0 1.5 -194.0 206 210 -1
209 -7.0 -2.5 -204.0 207 211 -1
210 -8.0 1.5 -193.5 208 212 -1
211 -7.0 -3.0 -204.5 209 213 -1
212 -8.5 2.0 -193.0 210 214 -1
213 -7.0 -3.0 -205.0 211 215 -1
214 -9.0 2.0 -192.5 212 216 -1
215 -7.0 -3.0 -205.5 213 217 -1
216 -9.5 2.0 -192.0 214 218 -1
217 -7.0 -3.0 -206.0 215 219 -1
218 -10.0 2.0 -191.5 216 220 -1
219 -7.0 -3.0 -206.5 217 221 -1
220 -10.0 2.5 -191.0 218 222 -1
221 -7.5 -3.0 -207.0 219 223 -1
222 -10.5 2.5 -190.5 220 224 -1
223 -7.5 -3.0 -207.5 221 225 -1
224 -11.0 3.0 -190.0 222 226 -1
225 -7.5 -3.5 -208.0 223 227 -1
226 -11.5 3.0 -189.5 224 228 -1
227 -7.5 -3.5 -208.5 225 229 -1
228 -11.5 3.0 -189.0 226 230 -1
229 -7.5 -3.5 -209.0 227 231 -1
230 -12.0 3.0 -188.5 228 232 -1
231 -7.5 -4.0 -209.5 229 233 -1
232 -12.0 3.5 -188.0 230 234 -1
233 -7.5 -4.0 -210.0 231 235 -1
234 -12.5 3.5 -187.5 232 236 -1
235 -8.0 -4.0 -210.5 233 237 -1
236 -13.0 3.5 -187.0 234 238 -1
237 -8.0 -4.0 -211.0 235 239 -1
238 -13.5 3.5 -186.5 236 240 -1
239 -8.0 -4.0 -211.5 237 241 -1
240 -14.0 3.5 -186.0 238 242 -1
241 -8.0 -4.0 -212.0 239 243 -1
242 -14.5 3.5 -185.5 240 244 -1
243 -8.0 -4.0 -212.5 241 245 -1
244 -15.0 3.5 -185.0 242 246 -1
245 -8.0 -4.0 -213.0 243 247 -1
246 -15.0 4.0 -184.5 244 248 -1
247 -8.0 -4.0 -213.5 245 249 -1
248 -15.5 4.0 -184.0 246 250 -1
249 -8.0 -4.0 -214.0 247 251 -1
250 -16.0 3.5 -183.5 248 252 -1
251 -8.5 -4.5 -214.5 249 253 -1
252 -16.5 3.5 -183.0 250 254 -1
253 -8.5 -4.5 -215.0 251 255 -1
254 -17.0 3.5 -182.5 252 256 -1
255 -8.5 -4.5 -215.5 253 257 -1
256 -17.0 4.0 -182.0 254 258 -1
257 -8.5 -4.5 -216.0 255 259 -1
258 -17.5 3.5 -181.5 256 260 -1
259 -8.5 -4.5 -216.5 257 261 -1
260 -18.0 3.5 -181.0 258 262 -1
261 -8.5 -4.5 -217.0 259 263 -1
262 -18.5 3.5 -180.5 260 264 -1
263 -8.5 -4.5 -217.5 261 265 -1
264 -19.0 3.5 -180.0 262 266 -1
265 -8.5 -4.5 -218.0 263 267 -1
266 -19.5 3.5 -179.5 264 268 -1
267 -8.5 -4.5 -218.5 265 269 -1
268 -20.0 3.5 -179.0 266 270 -1
269 -8.5 -4.5 -219.0 267 271 -1
270 -20.5 3.5 -178.5 268 272 -1
271 -8.5 -4.5 -219.5 269 273 -1
272 -21.0 4.0 -178.0 270 274 -1
273 -8.5 -4.5 -220.0 271 275 -1
274 -21.5 4.0 -177.5 272 276 -1
275 -8.5 -4.5 -220.5 273 277 -1
276 -21.5 4.0 -177.0 274 278 -1
277 -8.5 -4.5 -221.0 275 279 -1
278 -22.0 4.0 -176.5 276 280 -1
279 -8.5 -4.5 -221.5 277 281 -1
280 -22.5 4.0 -176.0 278 282 -1
281 -8.5 -4.0 -222.0 279 283 -1
282 -23.0 4.0 -175.5 280 284 -1
283 -8.5 -4.0 -222.5 281 285 -1
284 -23.0 4.0 -175.0 282 286 -1
285 -8.5 -4.0 -223.0 283 287 -1
286 -23.0 4.0 -174.5 284 288 -1
287 -9.0 -4.0 -223.5 285 289 -1
288 -23.5 4.0 -174.0 286 290 -1
289 -8.5 -3.5 -224.0 287 291 -1
290 -24.0 4.0 -173.5 288 292 -1
291 -8.5 -3.5 -224.5 289 293 -1
292 -24.0 4.0 -173.0 290 294 -1
293 -8.5 -3.5 -225.0 291 295 -1
294 -24.0 4.0 -172.5 292 296 -1
295 -8.5 -3.5 -225.5 293 297 -1
296 -24.0 4.5 -172.0 294 298 -1
297 -8.5 -3.5 -226.0 295 299 -1
298 -24.5 4.0 -171.5 296 300 -1
299 -8.5 -3.5 -226.5 297 301 -1
300 -24.5 4.5 -171.0 298 302 -1
301 -8.5 -3.5 -227.0 299 303 -1
302 -25.0 4.5 -170.5 300 304 -1
303 -9.0 -3.5 -227.5 301 305 -1
304 -25.5 4.0 -170.0 302 306 -1
305 -9.0 -3.5 -228.0 303 307 -1
306 -25.5 4.0 -169.5 304 308 -1
307 -9.0 -3.5 -228.5 305 309 -1
308 -26.0 4.0 -169.0 306 310 -1
309 -8.5 -3.0 -229.0 307 311 -1
310 -25.5 4.5 -168.5 308 312 -1
311 -9.0 -3.5 -229.5 309 313 -1
312 -26.0 4.5 -168.0 310 314 -1
313 -9.0 -3.5 -230.0 311 315 -1
314 -26.0 4.5 -167.5 312 316 -1
315 -9.0 -3.5 -230.5 313 317 -1
316 -26.5 4.5 -167.0 314 318 -1
317 -9.0 -3.5 -231.0 315 319 -1
318 -26.5 4.5 -166.5 316 320 -1
319 -9.0 -3.5 -231.5 317 321 -1
320 -26.5 5.0 -166.0 318 322 -1
321 -8.5 -3.0 -232.0 319 323 -1
322 -27.0 4.5 -165.5 320 324 -1
323 -8.5 -3.0 -232.5 321 325 -1
324 -27.0 5.0 -165.0 322 326 -1
325 -8.5 -3.0 -233.0 323 327 -1
326 -27.0 5.0 -164.5 324 328 -1
327 -8.5 -3.0 -233.5 325 329 -1
328 -27.0 5.0 -164.0 326 330 -1
329 -8.5 -3.0 -234.0 327 331 -1
330 -27.0 5.0 -163.5 328 332 -1
331 -9.0 -3.0 -234.5 329 333 -1
332 -27.0 5.0 -163.0 330 334 -1
333 -9.0 -3.0 -235.0 331 335 -1
334 -27.5 5.0 -162.5 332 336 -1
335 -9.0 -3.0 -235.5 333 337 -1
336 -27.5 5.0 -162.0 334 338 -1
337 -9.0 -3.0 -236.0 335 339 -1
338 -28.0 5.0 -161.5 336 340 -1
339 -9.0 -3.0 -236.5 337 341 -1
340 -28.0 5.0 -161.0 338 342 -1
341 -9.0 -3.0 -237.0 339 343 -1
342 -27.5 4.5 -160.5 340 344 -1
343 -8.5 -2.5 -237.5 341 345 -1
344 -28.0 5.0 -160.0 342 346 -1
345 -8.5 -2.5 -238.0 343 347 -1
346 -28.5 5.5 -159.5 344 348 -1
347 -8.5 -2.5 -238.5 345 349 -1
348 -28.5 5.5 -159.0 346 350 -1
349 -8.5 -2.5 -239.0 347 351 -1
350 -28.5 5.5 -158.5 348 352 -1
351 -8.5 -2.5 -239.5 349 353 -1
352 -29.5 6.0 -157.5 350 354 355
353 -8.5 -2.5 -240.0 351 356 -1
354 -30.0 6.0 -157.0 352 357 -1
355 -29.0 5.5 -157.5 352 358 -1
356 -8.5 -2.0 -240.5 353 359 -1
357 -30.0 6.0 -156.5 354 360 -1
358 -28.5 5.0 -157.0 355 361 -1
359 -8.5 -2.0 -241.0 356 362 -1
360 -30.5 6.5 -156.0 357 363 -1
361 -28.5 5.0 -156.5 358 364 -1
362 -8.5 -2.0 -241.5 359 -1 -1
363 -31.0 7.0 -155.5 360 365 -1
364 -28.0 4.5 -156.0 361 366 -1
365 -31.5 7.5 -155.0 363 367 -1
366 -28.0 4.5 -155.5 364 368 -1
367 -31.5 8.0 -154.5 365 369 -1
368 -28.0 4.5 -155.0 366 370 -1
369 -32.0 8.0 -154.0 367 371 -1
370 -27.5 4.0 -154.5 368 372 -1
371 -32.0 8.0 -153.5 369 373 -1
372 -27.5 4.0 -154.0 370 374 -1
373 -32.5 8.5 -153.0 371 375 -1
374 -27.5 4.0 -153.5 372 376 -1
375 -32.5 8.5 -152.5 373 377 -1
376 -27.0 3.5 -153.0 374 378 -1
377 -33.0 9.0 -152.0 375 379 -1
378 -27.0 3.5 -152.5 376 380 -1
379 -33.0 9.5 -151.5 377 381 -1
380 -27.0 3.5 -152.0 378 382 -1
381 -33.0 9.5 -151.0 379 383 -1
382 -26.5 3.0 -151.5 380 384 -1
383 -33.5 9.5 -150.5 381 385 -1
384 -26.5 3.0 -151.0 382 386 -1
385 -33.5 9.5 -150.0 383 387 -1
386 -26.0 3.0 -150.5 384 388 -1
387 -33.5 10.0 -149.5 385 389 -1
388 -26.0 3.0 -150.0 386 390 -1
389 -33.5 10.0 -149.0 387 391 -1
390 -25.5 2.5 -149.5 388 392 -1
391 -34.0 10.5 -148.5 389 393 -1
392 -25.0 2.0 -149.0 390 394 -1
393 -34.0 11.0 -148.0 391 395 -1
394 -24.5 1.5 -148.5 392 396 -1
395 -34.5 11.0 -147.5 393 397 -1
396 -24.0 1.0 -148.0 394 398 -1
397 -35.0 11.0 -147.0 395 399 -1
398 -23.5 1.0 -148.0 396 400 -1
399 -35.0 11.5 -146.5 397 401 -1
400 -23.0 0.5 -147.5 398 402 -1
401 -35.0 12.0 -146.0 399 403 -1
402 -22.5 0.0 -147.0 400 404 -1
403 -35.5 12.0 -145.5 401 405 -1
404 -22.0 -0.5 -146.5 402 406 -1
405 -35.5 12.0 -145.0 403 407 -1
406 -21.5 -0.5 -146.5 404 408 -1
407 -35.5 12.5 -144.5 405 409 -1
408 -21.0 -1.0 -146.5 406 410 -1
409 -36.0 12.5 -144.0 407 411 -1
410 -20.5 -1.0 -146.0 408 412 -1
411 -36.0 12.5 -143.5 409 413 -1
412 -20.0 -1.5 -146.0 410 414 -1
413 -36.0 13.0 -143.0 411 415 -1
414 -20.0 -2.0 -146.0 412 416 -1
415 -36.0 13.0 -142.5 413 417 -1
416 -19.5 -2.5 -146.0 414 418 -1
417 -36.5 13.5 -142.0 415 419 -1
418 -19.0 -2.5 -145.5 416 420 -1
419 -36.5 13.5 -141.5 417 421 -1
420 -18.5 -3.0 -145.5 418 422 -1
421 -36.5 13.5 -141.0 419 423 -1
422 -18.0 -3.0 -145.5 420 424 -1
423 -36.5 13.5 -140.5 421 425 -1
424 -17.5 -3.5 -145.5 422 426 -1
425 -37.0 14.0 -140.0 423 427 -1
426 -17.0 -4.0 -145.0 424 428 -1
427 -36.5 14.0 -139.5 425 429 -1
428 -16.5 -4.0 -144.5 426 430 -1
429 -36.5 14.0 -139.0 427 431 -1
430 -16.0 -4.5 -144.5 428 432 -1
431 -37.0 14.5 -138.5 429 433 -1
432 -15.5 -5.0 -144.0 430 434 -1
433 -37.0 14.5 -138.0 431 435 -1
434 -15.0 -5.5 -143.5 432 436 -1
435 -37.0 14.5 -137.5 433 437 -1
436 -14.5 -6.0 -143.5 434 438 -1
437 -36.5 14.5 -137.0 435 439 -1
438 -14.0 -6.5 -143.0 436 440 -1
439 -37.0 15.0 -136.5 437 441 -1
440 -13.5 -7.0 -143.0 438 442 -1
441 -37.0 15.0 -136.0 439 443 -1
442 -13.0 -7.0 -143.0 440 -1 -1
443 -36.5 15.0 -135.5 441 444 -1
444 -36.5 15.0 -135.0 443 445 -1
445 -37.0 15.5 -134.5 444 446 -1
446 -36.5 15.5 -134.0 445 447 -1
447 -36.5 15.5 -133.5 446 448 -1
448 -37.0 16.0 -133.0 447 449 -1
449 -36.5 16.0 -132.5 448 450 -1
450 -36.5 16.0 -132.0 449 451 -1
451 -37.0 16.5 -131.5 450 452 -1
452 -36.5 16.5 -131.0 451 453 -1
453 -36.5 16.5 -130.5 452 454 -1
454 -36.5 16.5 -130.0 453 455 -1
455 -36.5 17.0 -129.5 454 456 -1
456 -36.0 16.5 -129.0 455 457 -1
457 -36.0 17.0 -128.5 456 458 -1
458 -36.0 17.0 -128.0 457 459 -1
459 -36.0 17.0 -127.5 458 460 -1
460 -36.0 17.5 -127.0 459 461 -1
461 -36.5 18.0 -127.0 460 -1 -1
