0 24.5 -10.0 -171.0 -1 1 -1
1 25.0 -9.5 -171.5 0 2 -1
2 25.5 -9.0 -172.0 1 3 -1
3 25.0 -9.0 -172.5 2 4 -1
4 25.0 -8.5 -173.0 3 5 -1
5 25.0 -8.0 -173.5 4 6 -1
6 25.0 -8.0 -174.0 5 7 -1
7 25.0 -8.0 -174.5 6 8 -1
8 25.0 -7.5 -175.0 7 9 -1
9 25.5 -7.5 -175.5 8 10 -1
10 25.5 -7.0 -176.0 9 11 -1
11 25.5 -7.0 -176.5 10 12 -1
12 25.5 -7.0 -177.0 11 13 -1
13 26.0 -6.5 -177.5 12 14 -1
14 26.0 -6.5 -178.0 13 15 -1
15 26.0 -6.5 -178.5 14 16 -1
16 26.0 -7.0 -179.0 15 17 -1
17 26.0 -7.0 -179.5 16 18 -1
18 26.0 -7.0 -180.0 17 19 -1
19 26.0 -7.0 -180.5 18 20 -1
20 26.5 -7.0 -181.0 19 21 -1
21 26.5 -7.0 -181.5 20 22 -1
22 26.5 -7.0 -182.0 21 23 -1
23 27.0 -7.0 -182.5 22 24 -1
24 27.0 -7.0 -183.0 23 25 -1
25 27.0 -7.0 -183.5 24 26 -1
26 27.5 -7.0 -184.0 25 27 -1
27 28.0 -7.0 -184.5 26 28 -1
28 28.0 -7.5 -185.0 27 29 -1
29 28.0 -7.5 -185.5 28 30 -1
30 28.5 -7.5 -186.0 29 31 -1
31 29.0 -8.0 -186.5 30 32 -1
32 29.0 -8.0 -187.0 31 33 -1
33 29.5 -8.5 -187.5 32 34 -1
34 29.5 -8.5 -188.0 33 35 -1
35 30.0 -9.0 -188.5 34 36 -1
36 30.0 -9.5 -189.0 35 37 -1
37 30.0 -10.0 -189.5 36 38 -1
38 30.0 -10.5 -190.0 37 39 -1
39 30.5 -10.5 -190.5 38 40 -1
40 30.5 -11.0 -191.0 39 41 -1
41 30.5 -11.5 -191.5 40 42 -1
42 30.5 -12.0 -192.0 41 43 -1
43 31.0 -12.5 -192.5 42 44 -1
44 31.0 -13.0 -193.0 43 45 -1
45 31.0 -13.5 -193.5 44 46 -1
46 31.5 -14.0 -194.0 45 47 -1
47 31.5 -14.5 -194.5 46 48 -1
48 32.0 -15.0 -195.0 47 49 -1
49 31.5 -15.5 -195.0 48 50 -1
50 31.5 -16.0 -195.5 49 51 -1
51 31.5 -16.5 -195.5 50 52 -1
52 31.5 -17.0 -196.0 51 53 -1
53 31.5 -17.5 -196.5 52 54 -1
54 31.5 -18.0 -197.0 53 55 -1
55 31.5 -18.5 -197.5 54 56 -1
56 31.0 -19.0 -197.5 55 57 -1
57 31.0 -19.5 -198.0 56 58 -1
58 31.5 -20.0 -198.5 57 59 -1
59 31.0 -20.5 -198.5 58 60 -1
60 31.0 -21.0 -199.0 59 61 -1
61 30.5 -21.5 -199.0 60 62 -1
62 30.5 -22.0 -199.5 61 63 -1
63 30.5 -22.5 -200.0 62 64 -1
64 30.0 -23.0 -200.0 63 65 -1
65 29.5 -23.5 -200.0 64 66 -1
66 29.0 -24.0 -200.0 65 67 -1
67 29.0 -24.5 -200.5 66 68 -1
68 28.5 -25.0 -200.5 67 69 -1
69 28.5 -25.5 -201.0 68 70 -1
70 28.0 -26.0 -201.0 69 71 -1
71 27.5 -26.5 -201.0 70 72 -1
72 27.5 -27.0 -201.5 71 73 -1
73 27.0 -27.5 -201.5 72 74 -1
74 26.5 -28.0 -201.5 73 75 -1
75 26.0 -28.5 -201.5 74 76 -1
76 25.5 -29.0 -201.5 75 77 -1
77 25.5 -29.5 -201.5 76 78 -1
78 25.0 -30.0 -202.0 77 79 -1
79 24.5 -30.5 -202.0 78 80 -1
80 24.0 -30.5 -201.5 79 81 -1
81 23.5 -31.0 -201.5 80 82 -1
82 23.0 -31.5 -202.0 81 83 -1
83 22.5 -31.5 -201.5 82 84 -1
84 22.0 -32.0 -201.5 83 85 -1
85 21.5 -32.5 -201.5 84 86 -1
86 21.0 -32.5 -201.5 85 87 -1
87 20.5 -33.0 -201.5 86 88 -1
88 20.0 -33.5 -201.5 87 89 -1
89 19.5 -33.5 -201.0 88 90 -1
90 19.0 -34.0 -201.0 89 91 -1
91 18.5 -34.5 -201.0 90 92 -1
92 18.0 -34.5 -200.5 91 93 -1
93 17.5 -34.5 -200.0 92 94 -1
94 17.0 -35.0 -200.0 93 95 -1
95 16.5 -35.5 -200.0 94 96 -1
96 16.0 -36.0 -200.0 95 97 -1
97 15.5 -36.5 -199.5 96 98 -1
98 15.0 -36.5 -199.5 97 99 -1
99 14.5 -37.0 -199.0 98 100 -1
100 14.0 -37.0 -198.5 99 101 -1
101 13.5 -37.5 -198.5 100 102 -1
102 13.0 -38.0 -198.5 101 103 -1
103 12.5 -38.0 -198.0 102 104 -1
104 12.0 -38.5 -198.0 103 105 -1
105 11.5 -38.5 -197.5 104 106 -1
106 11.0 -39.0 -197.5 105 107 -1
107 10.5 -39.5 -197.5 106 108 -1
108 10.0 -39.5 -197.0 107 109 -1
109 9.5 -39.5 -197.0 108 110 -1
110 9.0 -40.0 -196.5 109 111 -1
111 8.5 -40.0 -196.5 110 112 -1
112 8.0 -40.5 -196.5 111 113 -1
113 7.5 -40.5 -196.0 112 114 -1
114 7.0 -40.5 -195.5 113 115 -1
115 6.5 -41.0 -195.5 114 116 -1
116 6.0 -41.0 -195.0 115 117 -1
117 5.5 -41.0 -194.5 116 118 -1
118 5.0 -41.0 -194.5 117 119 -1
119 4.5 -41.0 -194.0 118 120 -1
120 4.0 -41.5 -194.0 119 121 -1
121 3.5 -41.5 -194.0 120 122 -1
122 3.0 -41.5 -193.5 121 123 -1
123 2.5 -41.5 -193.5 122 124 -1
124 2.0 -42.0 -193.5 123 125 -1
125 1.5 -42.0 -193.0 124 126 -1
126 1.0 -42.0 -193.0 125 127 -1
127 0.5 -42.0 -193.0 126 128 -1
128 0.0 -42.0 -192.5 127 129 -1
129 -0.5 -42.0 -192.5 128 130 -1
130 -1.0 -42.5 -192.5 129 131 -1
131 -1.5 -42.5 -192.5 130 132 -1
132 -2.0 -42.5 -192.0 131 133 -1
133 -2.5 -42.5 -192.0 132 134 -1
134 -3.0 -42.5 -192.0 133 135 -1
135 -3.5 -42.5 -191.5 134 136 -1
136 -4.0 -42.5 -191.5 135 137 -1
137 -4.5 -42.5 -191.5 136 138 -1
138 -5.0 -43.0 -191.0 137 139 -1
139 -5.5 -42.5 -191.0 138 140 -1
140 -6.0 -42.5 -191.0 139 141 -1
141 -6.5 -42.5 -191.0 140 142 -1
142 -7.0 -42.5 -191.0 141 143 -1
143 -7.5 -43.0 -190.5 142 144 -1
144 -8.0 -42.5 -190.5 143 145 -1
145 -8.5 -42.5 -190.5 144 146 -1
146 -9.0 -43.0 -190.0 145 147 -1
147 -9.5 -43.0 -189.5 146 148 -1
148 -10.0 -42.5 -190.0 147 149 -1
149 -10.5 -42.5 -190.0 148 150 -1
150 -11.0 -42.5 -189.5 149 151 -1
151 -11.5 -42.5 -189.5 150 152 -1
152 -12.0 -42.5 -189.5 151 153 -1
153 -12.5 -42.0 -189.5 152 154 -1
154 -13.0 -42.0 -189.5 153 155 -1
155 -13.5 -42.0 -189.0 154 156 -1
156 -14.0 -41.5 -189.0 155 157 -1
157 -14.5 -41.5 -189.0 156 158 -1
158 -15.0 -41.0 -189.0 157 159 -1
159 -15.5 -41.0 -189.0 158 160 -1
160 -16.0 -41.0 -189.0 159 161 -1
161 -16.5 -41.0 -188.5 160 162 -1
162 -17.0 -40.5 -188.5 161 163 -1
163 -17.5 -40.5 -188.5 162 164 -1
164 -18.0 -40.0 -188.0 163 165 -1
165 -18.5 -40.0 -188.5 164 166 -1
166 -19.0 -40.0 -188.0 165 167 -1
167 -19.5 -39.5 -188.0 166 168 -1
168 -20.0 -39.5 -188.0 167 169 -1
169 -20.5 -39.0 -187.5 168 170 -1
170 -21.0 -38.5 -187.5 169 171 -1
171 -21.5 -38.5 -187.5 170 172 -1
172 -22.0 -38.0 -187.5 171 173 -1
173 -22.5 -38.0 -187.5 172 174 -1
174 -23.0 -37.5 -187.5 173 175 -1
175 -23.5 -37.5 -187.0 174 176 -1
176 -24.0 -37.0 -187.5 175 177 -1
177 -24.5 -37.0 -187.0 176 178 -1
178 -25.0 -36.5 -187.0 177 179 -1
179 -25.5 -36.0 -187.0 178 180 -1
180 -26.0 -35.5 -187.0 179 181 -1
181 -26.5 -35.0 -187.0 180 182 -1
182 -27.0 -34.5 -187.0 181 183 -1
183 -27.5 -34.0 -187.0 182 184 -1
184 -28.0 -33.5 -187.5 183 185 -1
185 -28.5 -33.0 -187.0 184 186 -1
186 -29.0 -32.5 -187.0 185 187 -1
187 -29.5 -32.5 -187.0 186 188 -1
188 -30.0 -32.0 -187.0 187 189 -1
189 -30.5 -31.5 -187.0 188 190 -1
190 -31.0 -31.0 -187.0 189 191 -1
191 -31.0 -30.5 -187.5 190 192 -1
192 -31.5 -30.0 -187.5 191 193 -1
193 -32.0 -30.0 -187.5 192 194 -1
194 -32.5 -29.5 -187.5 193 195 -1
195 -33.0 -29.5 -187.5 194 196 -1
196 -33.5 -29.0 -187.5 195 197 -1
197 -34.0 -28.5 -187.5 196 198 -1
198 -34.5 -28.0 -187.0 197 199 -1
199 -35.0 -27.5 -187.0 198 200 -1
200 -35.5 -27.5 -187.0 199 201 -1
201 -36.0 -27.5 -187.0 200 202 -1
202 -36.5 -27.5 -187.5 201 203 204
203 -36.5 -27.5 -188.0 202 205 -1
204 -37.0 -26.5 -186.5 202 206 -1
205 -36.5 -27.5 -188.5 203 207 -1
206 -37.5 -26.0 -186.0 204 208 -1
207 -37.0 -27.5 -189.0 205 209 -1
208 -38.0 -26.0 -186.0 206 210 -1
209 -37.0 -28.0 -189.5 207 211 -1
210 -38.5 -25.5 -185.5 208 212 -1
211 -37.0 -28.0 -190.0 209 213 -1
212 -39.0 -25.5 -185.5 210 214 -1
213 -37.0 -28.5 -190.5 211 215 -1
214 -39.5 -25.0 -185.0 212 216 -1
215 -37.0 -28.5 -191.0 213 217 -1
216 -39.5 -25.0 -184.5 214 218 -1
217 -37.5 -28.5 -191.5 215 219 -1
218 -40.0 -24.5 -184.0 216 220 -1
219 -37.0 -28.5 -192.0 217 221 -1
220 -40.5 -24.0 -183.5 218 222 -1
221 -37.0 -28.5 -192.5 219 223 -1
222 -41.0 -23.5 -183.0 220 224 -1
223 -37.0 -29.0 -193.0 221 225 -1
224 -41.5 -23.0 -182.5 222 226 -1
225 -37.0 -29.5 -193.5 223 227 -1
226 -42.0 -23.0 -182.0 224 228 -1
227 -37.0 -29.5 -194.0 225 229 -1
228 -42.5 -22.5 -181.5 226 230 -1
229 -37.0 -29.5 -194.5 227 231 -1
230 -43.0 -22.0 -181.0 228 232 -1
231 -37.0 -29.5 -195.0 229 233 -1
232 -43.5 -22.0 -180.5 230 234 -1
233 -37.0 -29.5 -195.5 231 235 -1
234 -43.5 -22.0 -180.0 232 236 -1
235 -36.5 -30.0 -196.0 233 237 -1
236 -43.5 -21.5 -179.5 234 238 -1
237 -36.5 -30.0 -196.5 235 239 -1
238 -44.0 -21.5 -179.0 236 240 -1
239 -36.5 -30.0 -197.0 237 241 -1
240 -44.5 -21.0 -178.5 238 242 -1
241 -36.5 -30.0 -197.5 239 243 -1
242 -45.0 -21.0 -178.0 240 244 -1
243 -36.5 -30.0 -198.0 241 245 -1
244 -45.5 -21.0 -177.5 242 246 -1
245 -36.5 -30.5 -198.5 243 247 -1
246 -45.5 -20.5 -177.0 244 248 -1
247 -36.5 -30.5 -199.0 245 249 -1
248 -46.0 -20.5 -176.5 246 250 -1
249 -36.5 -30.5 -199.5 247 251 -1
250 -46.5 -20.5 -176.0 248 252 -1
251 -36.5 -30.5 -200.0 249 253 -1
252 -47.0 -20.5 -175.5 250 254 -1
253 -36.0 -30.5 -200.5 251 255 -1
254 -47.5 -20.0 -175.0 252 256 -1
255 -36.0 -30.5 -201.0 253 257 -1
256 -48.0 -20.0 -174.5 254 258 -1
257 -36.0 -30.5 -201.5 255 259 -1
258 -48.0 -19.5 -174.0 256 260 -1
259 -36.0 -30.5 -202.0 257 261 -1
260 -48.5 -20.0 -173.5 258 262 -1
261 -35.5 -30.5 -202.5 259 263 -1
262 -48.5 -19.5 -173.0 260 264 -1
263 -35.5 -30.5 -203.0 261 265 -1
264 -49.0 -19.5 -172.5 262 266 -1
265 -35.5 -31.0 -203.5 263 267 -1
266 -49.5 -19.0 -172.0 264 268 -1
267 -35.5 -30.5 -204.0 265 269 -1
268 -50.0 -19.0 -171.5 266 270 -1
269 -35.5 -30.5 -204.5 267 271 -1
270 -50.0 -18.5 -171.0 268 272 -1
271 -35.5 -30.5 -205.0 269 273 -1
272 -50.5 -18.5 -170.5 270 274 -1
273 -35.5 -30.5 -205.5 271 275 -1
274 -51.0 -18.0 -170.0 272 276 -1
275 -35.5 -30.5 -206.0 273 277 -1
276 -51.0 -17.5 -169.5 274 278 -1
277 -35.5 -30.5 -206.5 275 279 -1
278 -51.0 -17.0 -169.0 276 280 -1
279 -35.5 -30.5 -207.0 277 281 -1
280 -51.5 -17.0 -168.5 278 282 -1
281 -35.0 -31.0 -207.5 279 283 -1
282 -52.0 -17.5 -168.5 280 284 -1
283 -35.0 -31.0 -208.0 281 285 -1
284 -52.5 -17.5 -168.0 282 286 -1
285 -35.0 -31.0 -208.5 283 287 -1
286 -52.5 -17.5 -167.5 284 288 -1
287 -35.0 -30.5 -209.0 285 289 -1
288 -53.0 -17.0 -167.0 286 290 -1
289 -35.0 -31.0 -209.5 287 291 -1
290 -53.0 -17.0 -166.5 288 292 -1
291 -35.0 -30.5 -210.0 289 293 -1
292 -53.5 -16.5 -166.0 290 294 -1
293 -35.0 -30.5 -210.5 291 295 -1
294 -53.5 -16.5 -165.5 292 296 -1
295 -34.5 -31.0 -211.0 293 297 -1
296 -54.0 -16.5 -165.0 294 298 -1
297 -34.5 -31.0 -211.5 295 299 -1
298 -54.0 -16.0 -164.5 296 300 -1
299 -34.5 -31.0 -212.0 297 301 -1
300 -54.5 -16.0 -164.0 298 302 -1
301 -34.5 -30.5 -212.5 299 303 -1
302 -54.5 -16.0 -163.5 300 304 -1
303 -34.5 -30.5 -213.0 301 305 -1
304 -55.0 -16.0 -163.0 302 306 -1
305 -34.5 -31.0 -213.5 303 307 -1
306 -55.0 -16.0 -162.5 304 308 -1
307 -34.0 -31.0 -214.0 305 309 -1
308 -55.0 -15.5 -162.0 306 310 -1
309 -34.0 -31.0 -214.5 307 311 -1
310 -55.5 -16.0 -161.5 308 312 -1
311 -34.0 -31.0 -215.0 309 313 -1
312 -55.5 -15.5 -161.0 310 314 -1
313 -33.5 -31.0 -215.5 311 315 -1
314 -55.5 -15.5 -160.5 312 316 -1
315 -33.5 -31.0 -216.0 313 -1 -1
316 -56.0 -15.5 -160.0 314 317 -1
317 -56.0 -15.5 -159.5 316 318 -1
318 -56.0 -15.5 -159.0 317 319 -1
319 -56.5 -15.0 -158.5 318 320 -1
320 -56.5 -15.0 -158.0 319 321 -1
321 -57.0 -15.0 -157.5 320 322 -1
322 -57.0 -14.5 -157.0 321 323 -1
323 -57.0 -14.5 -156.5 322 324 -1
324 -57.5 -14.5 -156.0 323 325 -1
325 -57.5 -14.0 -155.5 324 326 -1
326 -57.5 -14.0 -155.0 325 327 -1
327 -57.5 -14.0 -154.5 326 328 -1
328 -58.0 -14.0 -154.0 327 329 -1
329 -58.0 -13.5 -153.5 328 330 -1
330 -58.0 -13.5 -153.0 329 331 -1
331 -58.5 -13.5 -152.5 330 332 -1
332 -58.5 -13.0 -152.0 331 333 -1
333 -58.5 -13.0 -151.5 332 334 -1
334 -59.0 -13.0 -151.0 333 335 -1
335 -59.0 -13.0 -150.5 334 336 -1
336 -59.5 -12.5 -150.0 335 337 -1
337 -59.5 -12.5 -149.5 336 338 -1
338 -59.5 -12.5 -149.0 337 339 -1
339 -59.5 -12.0 -148.5 338 340 -1
340 -60.0 -12.0 -148.0 339 341 -1
341 -60.0 -12.0 -147.5 340 342 -1
342 -60.0 -12.0 -147.0 341 343 -1
343 -60.0 -12.0 -146.5 342 344 -1
344 -60.0 -11.5 -146.0 343 345 -1
345 -60.5 -11.0 -145.5 344 346 -1
346 -60.5 -11.0 -145.0 345 347 -1
347 -60.5 -11.0 -144.5 346 348 -1
348 -61.0 -10.5 -144.0 347 349 350
349 -61.0 -10.0 -144.0 348 352 -1
350 -61.5 -12.0 -141.5 348 353 -1
351 -61.0 -11.0 -142.0 348 354 -1
352 -61.5 -9.5 -144.0 349 355 -1
353 -61.5 -12.5 -141.5 350 356 -1
354 -61.0 -10.5 -141.5 351 357 -1
355 -61.5 -9.0 -144.0 352 358 -1
356 -61.5 -13.0 -141.0 353 359 -1
357 -61.5 -10.5 -141.0 354 360 -1
358 -62.0 -8.5 -144.0 355 361 -1
359 -62.0 -13.5 -140.5 356 362 -1
360 -61.5 -10.5 -140.5 357 363 -1
361 -62.0 -8.0 -144.0 358 364 -1
362 -62.0 -14.0 -140.0 359 365 -1
363 -61.0 -10.0 -140.0 360 366 -1
364 -62.0 -7.5 -143.5 361 367 -1
365 -62.0 -14.5 -140.0 362 368 -1
366 -61.0 -9.5 -139.5 363 369 -1
367 -62.5 -7.0 -143.5 364 370 -1
368 -61.5 -15.0 -140.0 365 371 -1
369 -61.0 -9.5 -139.0 366 372 -1
370 -62.5 -6.5 -144.0 367 373 -1
371 -61.5 -15.5 -139.5 368 374 -1
372 -61.0 -9.5 -138.5 369 375 -1
373 -62.5 -6.0 -144.5 370 376 -1
374 -62.0 -16.0 -139.0 371 377 -1
375 -61.0 -9.0 -138.0 372 378 -1
376 -62.5 -5.5 -144.5 373 379 -1
377 -62.0 -16.5 -139.0 374 380 -1
378 -61.0 -9.0 -137.5 375 381 -1
379 -62.5 -5.0 -144.5 376 382 -1
380 -62.0 -17.0 -138.5 377 383 -1
381 -61.0 -8.5 -137.0 378 384 -1
382 -62.5 -4.5 -144.5 379 385 -1
383 -62.0 -17.5 -138.0 380 386 -1
384 -60.5 -8.5 -136.5 381 387 -1
385 -63.0 -4.0 -144.0 382 388 -1
386 -62.0 -18.0 -138.0 383 389 -1
387 -60.5 -8.5 -136.0 384 390 -1
388 -63.5 -3.5 -144.0 385 391 -1
389 -62.0 -18.5 -137.5 386 392 -1
390 -61.0 -8.0 -135.5 387 393 -1
391 -63.5 -3.0 -144.0 388 394 -1
392 -62.0 -19.0 -137.5 389 395 -1
393 -61.0 -7.5 -135.0 390 396 -1
394 -64.0 -2.5 -143.5 391 397 -1
395 -61.5 -19.5 -137.0 392 398 -1
396 -61.0 -7.5 -134.5 393 399 -1
397 -64.5 -2.0 -143.5 394 400 -1
398 -61.0 -20.0 -137.0 395 401 -1
399 -60.5 -7.5 -134.0 396 402 -1
400 -65.0 -1.5 -143.0 397 403 -1
401 -61.0 -20.5 -136.5 398 404 -1
402 -60.5 -7.0 -133.5 399 405 -1
403 -65.5 -1.0 -143.0 400 406 -1
404 -60.5 -21.0 -136.5 401 407 -1
405 -60.5 -7.0 -133.0 402 408 -1
406 -66.0 -0.5 -142.5 403 409 -1
407 -60.5 -21.5 -136.0 404 410 -1
408 -60.0 -6.5 -132.5 405 411 -1
409 -66.5 0.0 -142.0 406 412 -1
410 -60.5 -22.0 -135.5 407 413 -1
411 -60.0 -6.0 -132.0 408 414 -1
412 -67.0 0.5 -142.0 409 415 -1
413 -60.0 -22.5 -135.0 410 416 -1
414 -60.0 -6.0 -131.5 411 417 -1
415 -67.5 0.5 -141.5 412 418 -1
416 -59.5 -23.0 -134.5 413 419 -1
417 -60.0 -5.5 -131.0 414 420 -1
418 -68.0 1.0 -141.5 415 421 -1
419 -59.5 -23.5 -134.0 416 422 -1
420 -60.0 -5.5 -130.5 417 423 -1
421 -68.5 1.0 -141.0 418 424 -1
422 -59.0 -24.0 -133.5 419 425 -1
423 -60.0 -5.0 -130.0 420 426 -1
424 -69.0 1.5 -141.0 421 -1 -1
425 -58.5 -24.5 -133.0 422 427 -1
426 -60.0 -5.0 -129.5 423 428 -1
427 -58.5 -25.0 -132.5 425 -1 -1
428 -60.0 -4.5 -129.0 426 429 -1
429 -60.0 -4.0 -128.5 428 430 -1
430 -60.0 -4.0 -128.0 429 431 -1
431 -59.5 -4.0 -127.5 430 432 -1
432 -59.5 -3.5 -127.0 431 433 -1
433 -59.5 -3.5 -126.5 432 434 -1
434 -59.5 -3.0 -126.0 433 435 -1
435 -59.5 -3.0 -125.5 434 436 -1
436 -59.5 -2.5 -125.0 435 437 -1
437 -59.0 -2.0 -124.5 436 438 -1
438 -59.0 -2.0 -124.0 437 439 -1
439 -59.0 -1.5 -123.5 438 440 -1
440 -58.5 -1.5 -123.0 439 441 -1
441 -58.5 -1.0 -122.5 440 442 -1
442 -58.0 -1.0 -122.0 441 443 -1
443 -58.0 -1.0 -121.5 442 444 -1
444 -58.0 -0.5 -121.0 443 445 -1
445 -57.5 -0.5 -120.5 444 446 -1
446 -57.5 0.0 -120.0 445 447 -1
447 -57.5 0.0 -119.5 446 448 -1
448 -57.0 0.0 -119.0 447 449 -1
449 -57.0 0.5 -118.5 448 450 -1
450 -56.5 0.5 -118.0 449 451 -1
451 -56.5 1.0 -117.5 450 452 -1
452 -56.0 0.5 -117.0 451 453 -1
453 -55.5 0.5 -116.5 452 454 -1
454 -55.5 0.5 -116.0 453 455 -1
455 -55.0 0.5 -115.5 454 456 -1
456 -54.5 0.5 -115.0 455 457 -1
457 -54.5 0.5 -114.5 456 458 -1
458 -54.0 0.5 -114.0 457 459 -1
459 -53.5 0.5 -113.5 458 460 -1
460 -53.0 0.5 -113.0 459 461 -1
461 -53.0 0.5 -112.5 460 462 -1
462 -52.5 0.0 -112.0 461 463 -1
463 -52.0 0.0 -111.5 462 464 -1
464 -51.5 0.0 -111.0 463 465 -1
465 -51.0 -0.5 -110.5 464 466 -1
466 -51.0 -0.5 -110.0 465 467 -1
467 -50.5 -1.0 -109.5 466 468 -1
468 -50.0 -1.0 -109.0 467 469 -1
469 -49.5 -1.0 -109.0 468 470 -1
470 -49.0 -1.5 -108.5 469 471 -1
471 -48.5 -2.0 -108.0 470 472 -1
472 -48.0 -2.5 -107.5 471 473 -1
473 -47.5 -2.5 -107.0 472 474 -1
474 -47.0 -3.0 -106.5 473 475 -1
475 -47.0 -3.0 -106.0 474 -1 -1
