0 -44.5 -159.5 -612.5 -1 1 -1
1 -44.5 -159.5 -612.0 0 2 -1
2 -44.5 -159.5 -611.5 1 3 -1
3 -44.5 -159.5 -611.0 2 4 -1
4 -44.0 -159.5 -610.5 3 5 -1
5 -44.0 -159.0 -610.0 4 6 -1
6 -44.0 -159.0 -609.5 5 7 -1
7 -44.0 -159.0 -609.0 6 8 -1
8 -44.0 -159.0 -608.5 7 9 -1
9 -44.0 -159.0 -608.0 8 10 -1
10 -44.0 -158.5 -607.5 9 11 -1
11 -44.0 -158.5 -607.0 10 12 -1
12 -44.0 -158.5 -606.5 11 13 -1
13 -43.5 -158.5 -606.0 12 14 -1
14 -43.5 -158.5 -605.5 13 15 -1
15 -43.5 -158.0 -605.0 14 16 -1
16 -44.0 -157.5 -604.5 15 17 -1
17 -44.0 -157.5 -604.0 16 18 -1
18 -43.5 -157.5 -603.5 17 19 -1
19 -43.5 -157.5 -603.0 18 20 -1
20 -43.5 -157.5 -602.5 19 21 -1
21 -43.5 -157.5 -602.0 20 22 -1
22 -43.5 -157.0 -601.5 21 23 -1
23 -43.5 -157.0 -601.0 22 24 -1
24 -43.5 -157.0 -600.5 23 25 -1
25 -43.5 -157.0 -600.0 24 26 -1
26 -43.5 -157.0 -599.5 25 27 -1
27 -43.5 -157.0 -599.0 26 28 -1
28 -43.5 -157.0 -598.5 27 29 -1
29 -43.5 -157.0 -598.0 28 30 -1
30 -43.5 -157.0 -597.5 29 31 -1
31 -43.5 -157.0 -597.0 30 32 -1
32 -43.5 -157.0 -596.5 31 33 -1
33 -43.5 -157.0 -596.0 32 34 -1
34 -43.5 -157.0 -595.5 33 35 -1
35 -43.5 -157.0 -595.0 34 36 -1
36 -43.5 -157.0 -594.5 35 37 -1
37 -43.5 -157.0 -594.0 36 38 -1
38 -43.5 -157.0 -593.5 37 39 -1
39 -43.5 -157.0 -593.0 38 40 -1
40 -43.5 -157.0 -592.5 39 41 -1
41 -43.5 -157.0 -592.0 40 42 -1
42 -43.5 -157.0 -591.5 41 43 -1
43 -43.5 -157.0 -591.0 42 44 -1
44 -43.5 -157.0 -590.5 43 45 -1
45 -43.5 -157.0 -590.0 44 46 -1
46 -43.5 -157.0 -589.5 45 47 -1
47 -43.5 -157.0 -589.0 46 48 -1
48 -43.5 -157.0 -588.5 47 49 -1
49 -43.5 -157.0 -588.0 48 50 -1
50 -43.5 -157.0 -587.5 49 51 -1
51 -43.5 -157.0 -587.0 50 52 -1
52 -43.5 -157.0 -586.5 51 53 -1
53 -43.5 -157.0 -586.0 52 54 -1
54 -43.0 -157.0 -585.5 53 55 -1
55 -43.5 -156.5 -584.5 54 56 57
56 -44.0 -157.0 -584.0 55 61 -1
57 -44.5 -156.0 -584.0 55 62 -1
58 -40.5 -157.5 -583.5 55 63 -1
59 -40.5 -156.5 -583.5 55 64 -1
60 -43.0 -158.0 -584.0 55 65 -1
61 -44.0 -157.5 -583.5 56 66 -1
62 -44.5 -155.5 -583.5 57 67 -1
63 -40.0 -158.0 -583.5 58 68 -1
64 -40.0 -156.5 -583.5 59 69 -1
65 -43.5 -158.5 -583.5 60 70 -1
66 -44.5 -158.0 -583.0 61 71 -1
67 -44.5 -155.0 -583.5 62 72 -1
68 -39.5 -158.5 -583.0 63 73 -1
69 -39.5 -156.5 -583.5 64 74 -1
70 -43.5 -159.0 -583.0 65 75 -1
71 -44.5 -158.5 -582.5 66 76 -1
72 -44.5 -154.5 -583.0 67 77 -1
73 -39.0 -159.0 -582.5 68 78 -1
74 -39.0 -156.5 -583.0 69 79 -1
75 -43.5 -159.5 -583.0 70 80 -1
76 -45.0 -159.0 -582.0 71 81 -1
77 -44.5 -154.0 -583.0 72 82 -1
78 -39.0 -159.5 -582.5 73 83 -1
79 -38.5 -156.5 -583.0 74 84 -1
80 -43.0 -160.0 -582.5 75 85 -1
81 -45.0 -159.5 -581.5 76 86 -1
82 -45.0 -153.5 -582.5 77 87 -1
83 -39.0 -160.0 -582.5 78 88 -1
84 -38.0 -156.5 -583.0 79 89 -1
85 -43.0 -160.5 -582.5 80 90 -1
86 -45.0 -160.0 -581.0 81 91 -1
87 -45.0 -153.0 -582.0 82 92 -1
88 -39.0 -160.5 -582.5 83 93 -1
89 -37.5 -157.0 -582.5 84 94 -1
90 -42.5 -161.0 -582.0 85 95 -1
91 -45.0 -160.5 -580.5 86 96 -1
92 -45.0 -152.5 -582.0 87 97 -1
93 -38.5 -161.0 -582.0 88 98 -1
94 -37.0 -156.5 -582.5 89 99 -1
95 -42.5 -161.5 -582.0 90 100 -1
96 -45.0 -161.0 -580.0 91 101 -1
97 -45.0 -152.0 -581.5 92 102 -1
98 -38.0 -161.5 -581.5 93 103 -1
99 -36.5 -156.0 -582.0 94 104 -1
100 -42.5 -162.0 -581.5 95 105 -1
101 -45.0 -161.5 -579.5 96 106 -1
102 -45.0 -151.5 -581.5 97 107 -1
103 -37.5 -162.0 -581.5 98 108 -1
104 -36.0 -155.5 -582.0 99 109 -1
105 -42.5 -162.5 -581.0 100 110 -1
106 -45.0 -162.0 -579.0 101 111 -1
107 -44.5 -151.0 -581.5 102 112 -1
108 -37.0 -162.5 -581.5 103 113 -1
109 -35.5 -155.5 -581.5 104 114 -1
110 -42.5 -163.0 -580.5 105 115 -1
111 -45.0 -162.5 -578.5 106 116 -1
112 -44.0 -150.5 -581.0 107 117 -1
113 -36.5 -163.0 -581.0 108 118 -1
114 -35.0 -155.0 -581.5 109 119 -1
115 -42.5 -163.0 -580.0 110 120 -1
116 -45.5 -162.5 -578.0 111 121 -1
117 -43.5 -150.0 -580.5 112 122 -1
118 -36.0 -163.0 -581.0 113 123 -1
119 -34.5 -154.5 -581.0 114 124 -1
120 -42.5 -163.5 -579.5 115 125 -1
121 -45.0 -163.0 -577.5 116 126 -1
122 -43.0 -149.5 -580.0 117 127 -1
123 -35.5 -163.5 -580.5 118 128 -1
124 -34.0 -154.5 -581.0 119 129 -1
125 -42.5 -164.0 -579.0 120 130 -1
126 -45.0 -163.5 -577.0 121 131 -1
127 -43.0 -149.0 -579.5 122 132 -1
128 -35.0 -164.0 -580.5 123 133 -1
129 -33.5 -154.5 -580.5 124 134 -1
130 -42.5 -164.5 -578.5 125 -1 -1
131 -45.5 -163.5 -576.5 126 135 -1
132 -43.0 -149.0 -579.0 127 136 -1
133 -34.5 -164.0 -580.5 128 137 -1
134 -33.0 -154.5 -580.0 129 138 139
135 -45.5 -163.5 -576.0 131 140 -1
136 -42.5 -148.5 -578.5 132 141 -1
137 -34.0 -164.5 -580.0 133 142 -1
138 -33.0 -154.0 -579.5 134 143 -1
139 -32.5 -155.0 -579.5 134 144 -1
140 -45.5 -163.5 -575.5 135 145 -1
141 -42.5 -148.5 -578.0 136 146 -1
142 -33.5 -165.0 -579.5 137 147 -1
143 -33.0 -154.0 -579.0 138 148 -1
144 -32.0 -155.5 -579.0 139 149 -1
145 -46.0 -163.5 -575.0 140 150 -1
146 -42.5 -148.0 -577.5 141 151 -1
147 -32.5 -165.0 -579.5 142 152 153
148 -32.5 -154.0 -578.5 143 154 -1
149 -31.5 -155.5 -578.5 144 155 -1
150 -46.0 -164.0 -574.5 145 156 -1
151 -43.0 -147.5 -577.0 146 157 -1
152 -32.0 -164.5 -579.5 147 158 -1
153 -32.5 -166.5 -578.0 147 159 -1
154 -32.5 -154.0 -578.0 148 160 -1
155 -31.5 -155.0 -578.0 149 161 -1
156 -46.0 -164.0 -574.0 150 -1 -1
157 -43.0 -147.5 -576.5 151 162 -1
158 -32.0 -164.0 -580.0 152 163 -1
159 -32.0 -166.5 -577.5 153 164 -1
160 -32.0 -154.0 -577.5 154 165 -1
161 -31.5 -155.0 -577.5 155 166 -1
162 -43.0 -147.0 -576.0 157 167 -1
163 -32.0 -163.5 -580.0 158 168 -1
164 -31.5 -166.5 -577.5 159 169 -1
165 -32.0 -154.0 -577.0 160 170 -1
166 -31.0 -155.0 -577.0 161 171 -1
167 -43.5 -147.0 -575.5 162 172 -1
168 -31.5 -163.0 -580.0 163 173 -1
169 -31.0 -167.0 -577.0 164 174 -1
170 -31.5 -154.0 -576.5 165 -1 -1
171 -30.5 -155.5 -576.5 166 -1 -1
172 -43.5 -146.5 -575.0 167 175 -1
173 -31.0 -162.5 -579.5 168 176 -1
174 -30.5 -167.0 -576.5 169 177 -1
175 -44.0 -146.0 -574.5 172 178 -1
176 -30.5 -162.5 -579.5 173 179 -1
177 -30.0 -167.0 -576.5 174 180 -1
178 -44.0 -146.0 -574.0 175 181 -1
179 -30.0 -162.0 -579.0 176 182 -1
180 -29.5 -167.0 -576.0 177 183 -1
181 -44.0 -146.0 -573.5 178 184 -1
182 -30.0 -161.5 -578.5 179 185 -1
183 -29.0 -167.5 -575.5 180 186 -1
184 -44.0 -146.0 -573.0 181 187 -1
185 -29.5 -161.0 -578.0 182 -1 -1
186 -28.5 -167.5 -575.0 183 188 -1
187 -44.0 -146.0 -572.5 184 189 -1
188 -28.0 -167.0 -575.5 186 190 -1
189 -44.0 -146.0 -572.0 187 191 -1
190 -27.5 -167.5 -575.0 188 192 -1
191 -44.5 -146.0 -571.5 189 193 -1
192 -27.0 -167.5 -574.5 190 194 -1
193 -45.0 -145.5 -571.0 191 195 -1
194 -26.5 -167.5 -574.5 192 196 -1
195 -44.5 -145.5 -570.5 193 197 -1
196 -26.0 -167.5 -574.5 194 198 -1
197 -45.0 -145.0 -569.5 195 199 -1
198 -25.5 -167.5 -574.5 196 200 -1
199 -45.5 -144.5 -569.0 197 201 -1
200 -25.0 -168.0 -574.0 198 202 -1
201 -45.5 -144.5 -568.5 199 203 -1
202 -24.5 -168.0 -573.5 200 204 -1
203 -45.5 -144.5 -568.0 201 205 -1
204 -24.0 -168.0 -573.0 202 206 -1
205 -45.5 -144.5 -567.5 203 207 -1
206 -23.5 -168.0 -573.0 204 208 -1
207 -46.0 -144.0 -567.0 205 209 -1
208 -23.0 -168.0 -573.0 206 210 -1
209 -46.5 -144.0 -566.5 207 211 -1
210 -22.5 -167.5 -573.0 208 212 -1
211 -46.5 -144.0 -566.0 209 213 -1
212 -22.0 -167.5 -573.0 210 214 -1
213 -46.5 -144.0 -565.5 211 215 -1
214 -21.5 -168.0 -572.5 212 216 -1
215 -46.5 -144.0 -565.0 213 217 -1
216 -21.0 -168.0 -572.5 214 218 -1
217 -47.0 -144.0 -564.5 215 219 -1
218 -20.5 -168.5 -572.0 216 220 -1
219 -47.0 -144.0 -564.0 217 221 -1
220 -20.0 -168.5 -572.0 218 222 -1
221 -47.5 -144.0 -563.5 219 223 -1
222 -19.5 -168.5 -572.0 220 224 -1
223 -47.5 -144.0 -563.0 221 225 -1
224 -19.0 -169.0 -571.5 222 226 -1
225 -47.5 -144.0 -562.5 223 227 -1
226 -18.5 -169.0 -571.0 224 228 -1
227 -47.5 -144.0 -562.0 225 229 -1
228 -18.0 -169.0 -571.0 226 230 -1
229 -48.0 -144.0 -561.5 227 231 -1
230 -17.5 -169.0 -570.5 228 232 -1
231 -48.0 -144.0 -561.0 229 233 -1
232 -17.0 -169.0 -570.5 230 234 -1
233 -48.5 -143.5 -560.5 231 235 236
234 -16.5 -169.5 -570.0 232 237 -1
235 -49.0 -143.0 -560.5 233 238 -1
236 -48.0 -144.0 -560.0 233 239 -1
237 -16.0 -169.5 -569.5 234 240 -1
238 -49.5 -142.5 -560.5 235 241 -1
239 -48.5 -143.5 -559.5 236 242 -1
240 -15.5 -169.5 -569.0 237 243 -1
241 -50.0 -142.0 -560.5 238 244 -1
242 -49.0 -143.5 -559.0 239 245 -1
243 -15.0 -170.0 -568.5 240 246 -1
244 -50.5 -141.5 -560.0 241 247 -1
245 -49.5 -143.5 -558.5 242 248 -1
246 -14.5 -170.0 -568.0 243 249 -1
247 -51.0 -141.5 -560.0 244 250 -1
248 -50.0 -143.0 -558.0 245 251 -1
249 -14.0 -170.0 -567.5 246 252 -1
250 -51.5 -141.0 -560.0 247 253 -1
251 -50.5 -143.0 -557.5 248 254 -1
252 -13.5 -169.5 -567.5 249 255 -1
253 -52.0 -141.0 -559.5 250 256 -1
254 -51.0 -142.5 -557.0 251 257 -1
255 -13.0 -169.5 -567.0 252 258 -1
256 -52.5 -140.5 -559.5 253 259 -1
257 -51.5 -143.0 -556.5 254 260 -1
258 -12.5 -170.0 -566.5 255 261 -1
259 -53.0 -140.5 -559.5 256 262 -1
260 -52.0 -143.0 -556.0 257 263 -1
261 -11.5 -169.5 -566.0 258 264 -1
262 -53.5 -140.5 -559.5 259 265 -1
263 -52.5 -143.0 -555.5 260 266 -1
264 -11.0 -169.5 -566.0 261 267 -1
265 -54.0 -140.0 -559.5 262 -1 -1
266 -53.0 -143.0 -555.0 263 268 -1
267 -10.5 -169.5 -566.0 264 269 -1
268 -53.5 -143.0 -555.0 266 270 -1
269 -10.0 -169.5 -565.5 267 271 -1
270 -54.0 -143.0 -554.5 268 272 -1
271 -9.5 -169.5 -565.0 269 273 -1
272 -54.5 -142.5 -554.0 270 274 -1
273 -9.0 -169.5 -564.5 271 275 -1
274 -55.0 -142.5 -553.5 272 276 -1
275 -8.5 -169.0 -564.0 273 277 -1
276 -55.5 -142.5 -553.0 274 278 -1
277 -8.0 -169.0 -563.5 275 279 280
278 -55.5 -143.0 -552.5 276 281 -1
279 -7.5 -168.5 -564.0 277 282 -1
280 -7.0 -168.5 -563.0 277 283 -1
281 -56.0 -142.5 -552.0 278 284 -1
282 -7.0 -168.0 -564.5 279 285 -1
283 -6.5 -168.5 -562.5 280 286 -1
284 -56.5 -142.5 -551.5 281 287 -1
285 -7.0 -167.5 -565.0 282 288 -1
286 -6.0 -168.5 -562.0 283 289 -1
287 -56.5 -143.0 -551.0 284 290 -1
288 -6.5 -167.0 -565.5 285 291 -1
289 -5.5 -168.0 -561.5 286 292 -1
290 -57.0 -142.5 -550.5 287 293 -1
291 -6.5 -166.5 -566.0 288 -1 -1
292 -5.0 -167.5 -561.5 289 294 -1
293 -57.0 -143.0 -550.0 290 295 -1
294 -4.5 -167.5 -561.0 292 296 -1
295 -57.5 -143.0 -549.5 293 297 -1
296 -4.0 -167.0 -560.5 294 298 -1
297 -57.5 -143.0 -549.0 295 299 -1
298 -3.5 -166.5 -560.5 296 300 -1
299 -58.0 -143.0 -548.5 297 301 -1
300 -3.0 -166.0 -560.5 298 302 -1
301 -58.5 -143.0 -548.0 299 303 -1
302 -2.5 -166.0 -560.0 300 304 -1
303 -58.5 -143.5 -547.5 301 305 -1
304 -2.0 -165.5 -559.5 302 306 -1
305 -59.0 -143.5 -547.0 303 307 -1
306 -1.5 -165.5 -559.0 304 308 -1
307 -59.5 -143.5 -546.5 305 309 -1
308 -1.0 -165.0 -558.5 306 310 -1
309 -60.0 -143.5 -546.0 307 311 -1
310 -0.5 -165.0 -558.0 308 312 -1
311 -60.0 -144.0 -545.5 309 313 -1
312 0.0 -164.5 -557.5 310 314 -1
313 -60.5 -143.5 -545.0 311 315 -1
314 0.5 -164.0 -557.0 312 316 -1
315 -61.5 -143.0 -544.5 313 317 -1
316 1.0 -163.5 -556.5 314 318 -1
317 -62.0 -142.5 -544.0 315 319 -1
318 1.5 -163.5 -556.0 316 320 -1
319 -62.5 -143.0 -543.5 317 321 -1
320 2.0 -163.0 -555.5 318 322 -1
321 -63.0 -143.0 -543.0 319 323 -1
322 2.5 -162.5 -556.0 320 324 -1
323 -63.5 -143.5 -542.5 321 325 -1
324 3.0 -162.0 -555.5 322 326 -1
325 -64.0 -143.5 -542.0 323 327 -1
326 3.0 -161.5 -555.0 324 328 -1
327 -64.5 -143.5 -542.0 325 329 -1
328 3.5 -161.0 -555.0 326 330 -1
329 -65.0 -144.0 -541.5 327 331 -1
330 4.0 -160.5 -555.0 328 332 -1
331 -65.5 -144.5 -541.5 329 333 -1
332 4.0 -160.0 -554.5 330 334 -1
333 -66.0 -144.5 -541.0 331 335 -1
334 4.0 -159.5 -554.5 332 336 -1
335 -66.5 -144.5 -541.0 333 337 -1
336 4.5 -159.0 -554.0 334 338 -1
337 -67.0 -144.5 -541.0 335 339 -1
338 4.5 -158.5 -553.5 336 340 -1
339 -67.5 -144.5 -541.0 337 341 -1
340 4.5 -158.0 -553.0 338 342 -1
341 -68.0 -144.5 -540.5 339 343 -1
342 5.0 -157.5 -553.0 340 344 -1
343 -68.5 -144.5 -540.5 341 345 -1
344 5.0 -157.0 -552.5 342 346 -1
345 -69.0 -145.0 -540.5 343 347 -1
346 5.5 -156.5 -552.5 344 348 -1
347 -69.5 -145.0 -540.5 345 349 -1
348 5.5 -156.0 -552.5 346 350 -1
349 -70.0 -145.0 -540.5 347 351 -1
350 5.5 -155.5 -552.0 348 352 -1
351 -70.5 -145.5 -540.0 349 353 -1
352 6.0 -155.0 -552.0 350 354 -1
353 -71.0 -146.0 -540.0 351 355 -1
354 6.0 -154.5 -551.5 352 356 -1
355 -71.5 -146.0 -540.5 353 357 358
356 6.5 -154.0 -551.5 354 359 -1
357 -72.0 -146.5 -540.0 355 360 -1
358 -72.0 -146.0 -541.0 355 361 -1
359 6.5 -153.5 -551.0 356 362 -1
360 -72.0 -146.5 -539.5 357 363 -1
361 -72.0 -146.0 -541.5 358 364 -1
362 7.0 -153.0 -551.0 359 365 -1
363 -72.5 -146.0 -539.0 360 366 -1
364 -71.5 -146.0 -542.0 361 367 -1
365 7.0 -152.5 -550.5 362 368 -1
366 -73.0 -146.0 -538.5 363 369 -1
367 -71.5 -146.0 -542.5 364 370 -1
368 7.0 -152.0 -550.0 365 371 -1
369 -73.5 -146.0 -538.0 366 372 -1
370 -71.5 -146.5 -543.0 367 373 -1
371 7.5 -151.5 -550.0 368 374 -1
372 -73.5 -146.0 -537.5 369 375 -1
373 -71.5 -146.5 -543.5 370 376 -1
374 7.0 -151.0 -549.5 371 377 -1
375 -74.0 -146.0 -537.0 372 378 -1
376 -71.5 -146.5 -544.0 373 379 -1
377 7.5 -150.5 -549.5 374 380 -1
378 -74.5 -146.0 -536.5 375 381 -1
379 -71.0 -146.5 -544.5 376 382 -1
380 7.5 -150.0 -549.5 377 383 -1
381 -74.5 -146.0 -536.0 378 384 -1
382 -71.0 -146.5 -545.0 379 385 -1
383 7.5 -149.5 -549.5 380 386 -1
384 -75.0 -146.0 -535.5 381 387 -1
385 -71.0 -146.5 -545.5 382 388 -1
386 8.0 -149.0 -549.5 383 389 -1
387 -75.0 -146.0 -535.0 384 390 -1
388 -71.0 -146.5 -546.0 385 391 -1
389 8.0 -148.5 -549.5 386 392 -1
390 -75.0 -146.0 -534.5 387 393 -1
391 -70.5 -146.5 -546.5 388 394 -1
392 8.0 -148.0 -549.0 389 395 -1
393 -75.5 -145.5 -534.0 390 396 -1
394 -70.5 -146.5 -547.0 391 397 -1
395 8.0 -147.5 -549.0 392 398 -1
396 -75.5 -146.0 -533.5 393 399 -1
397 -70.5 -147.0 -547.5 394 400 -1
398 8.0 -147.0 -549.0 395 401 -1
399 -75.0 -146.5 -533.0 396 402 -1
400 -70.5 -147.0 -548.0 397 403 -1
401 8.0 -146.5 -549.0 398 404 -1
402 -75.5 -146.0 -532.5 399 405 406
403 -70.0 -147.0 -548.5 400 408 -1
404 8.0 -146.0 -549.0 401 409 -1
405 -76.0 -145.5 -532.5 402 410 -1
406 -75.0 -148.0 -528.5 402 411 -1
407 -74.0 -147.0 -528.5 402 412 -1
408 -70.0 -147.5 -549.0 403 413 -1
409 8.0 -145.5 -549.0 404 414 -1
410 -76.5 -145.0 -532.5 405 415 -1
411 -74.5 -148.5 -528.0 406 416 -1
412 -74.0 -147.0 -528.0 407 417 -1
413 -70.0 -147.5 -549.5 408 418 -1
414 8.0 -145.0 -549.0 409 419 -1
415 -77.0 -144.5 -532.5 410 420 -1
416 -74.5 -148.5 -527.5 411 421 -1
417 -73.5 -146.5 -527.5 412 422 -1
418 -70.0 -147.5 -550.0 413 423 -1
419 8.0 -144.5 -549.5 414 424 -1
420 -77.5 -144.0 -532.5 415 425 -1
421 -74.5 -149.0 -527.0 416 426 -1
422 -73.0 -146.5 -527.0 417 427 -1
423 -69.5 -148.0 -550.5 418 428 -1
424 8.0 -144.0 -549.5 419 429 -1
425 -78.0 -143.5 -532.0 420 430 -1
426 -75.0 -149.5 -526.5 421 431 -1
427 -73.0 -146.5 -526.5 422 432 -1
428 -69.5 -148.5 -551.0 423 433 -1
429 8.0 -143.5 -549.5 424 434 -1
430 -78.5 -143.5 -531.5 425 435 -1
431 -75.0 -150.0 -526.0 426 436 -1
432 -72.5 -146.5 -526.0 427 437 -1
433 -69.5 -149.0 -551.5 428 438 -1
434 8.0 -143.0 -549.5 429 439 -1
435 -79.0 -143.0 -531.0 430 440 -1
436 -75.5 -150.5 -525.5 431 441 -1
437 -72.5 -146.5 -525.5 432 442 -1
438 -69.0 -149.5 -552.0 433 443 -1
439 8.0 -142.5 -549.5 434 444 -1
440 -79.5 -142.5 -531.5 435 445 -1
441 -75.5 -151.0 -525.0 436 446 -1
442 -72.5 -146.5 -525.0 437 447 -1
443 -69.0 -150.0 -552.0 438 448 -1
444 7.5 -142.0 -549.5 439 449 -1
445 -80.0 -142.0 -531.5 440 450 -1
446 -75.5 -151.5 -524.5 441 451 -1
447 -72.5 -146.5 -524.5 442 452 -1
448 -68.5 -150.5 -552.5 443 453 -1
449 8.0 -141.5 -549.5 444 454 -1
450 -80.5 -141.5 -531.5 445 455 -1
451 -75.5 -152.0 -524.0 446 456 -1
452 -72.0 -146.5 -524.0 447 457 -1
453 -68.5 -151.0 -552.0 448 458 -1
454 8.0 -141.0 -550.0 449 459 -1
455 -80.5 -141.0 -531.0 450 460 -1
456 -75.5 -152.5 -523.5 451 461 -1
457 -72.0 -146.0 -523.5 452 462 -1
458 -68.0 -151.5 -552.5 453 463 -1
459 8.0 -140.5 -550.0 454 464 -1
460 -81.0 -140.5 -531.5 455 465 -1
461 -75.5 -153.0 -523.0 456 466 -1
462 -72.0 -146.0 -523.0 457 467 -1
463 -67.5 -152.0 -553.0 458 468 -1
464 8.0 -140.0 -550.0 459 469 -1
465 -81.5 -140.5 -531.0 460 470 -1
466 -76.0 -153.5 -523.0 461 471 -1
467 -72.0 -146.0 -522.5 462 472 -1
468 -67.0 -152.5 -553.0 463 473 -1
469 8.0 -139.5 -550.0 464 474 -1
470 -82.0 -140.5 -531.0 465 475 -1
471 -76.0 -154.0 -522.5 466 476 -1
472 -71.5 -145.5 -522.0 467 477 -1
473 -67.0 -153.0 -553.0 468 478 -1
474 8.0 -139.0 -550.5 469 479 -1
475 -82.5 -140.5 -530.5 470 480 -1
476 -75.5 -154.0 -522.0 471 481 -1
477 -71.0 -145.5 -522.0 472 482 -1
478 -66.5 -153.5 -553.5 473 -1 -1
479 8.0 -138.5 -550.5 474 483 -1
480 -83.0 -140.0 -530.5 475 484 -1
481 -75.5 -154.5 -521.5 476 485 -1
482 -70.5 -145.5 -521.5 477 486 -1
483 8.0 -138.0 -551.0 479 487 -1
484 -83.5 -139.5 -530.5 480 488 -1
485 -75.5 -155.0 -521.0 481 489 -1
486 -70.5 -145.0 -521.0 482 490 -1
487 8.0 -137.5 -551.0 483 491 -1
488 -84.0 -139.5 -530.5 484 492 -1
489 -75.5 -155.5 -521.0 485 493 -1
490 -70.0 -145.0 -520.5 486 494 -1
491 8.0 -137.0 -551.5 487 495 -1
492 -84.5 -139.0 -530.5 488 496 -1
493 -75.5 -156.0 -520.5 489 497 -1
494 -70.0 -144.5 -520.0 490 498 -1
495 8.0 -136.5 -552.0 491 499 -1
496 -85.0 -139.0 -530.5 492 500 -1
497 -75.5 -156.5 -520.0 493 501 -1
498 -69.5 -144.0 -519.5 494 502 -1
499 8.0 -136.0 -552.5 495 503 -1
500 -85.5 -139.0 -530.5 496 504 -1
501 -75.5 -157.0 -520.0 497 505 -1
502 -69.5 -143.5 -519.0 498 506 -1
503 8.0 -135.5 -553.0 499 507 -1
504 -86.0 -138.5 -530.5 500 508 -1
505 -75.0 -157.5 -519.5 501 509 -1
506 -69.0 -143.5 -518.5 502 510 -1
507 7.5 -135.0 -553.5 503 511 -1
508 -86.5 -138.0 -530.5 504 512 -1
509 -75.0 -158.0 -519.5 505 513 -1
510 -68.5 -143.5 -518.0 506 514 -1
511 7.5 -134.5 -554.0 507 515 -1
512 -87.0 -138.0 -530.5 508 516 -1
513 -75.0 -158.5 -519.0 509 517 -1
514 -68.0 -143.0 -517.5 510 518 -1
515 7.5 -134.5 -554.5 511 519 -1
516 -87.5 -137.5 -530.0 512 520 -1
517 -75.0 -158.5 -518.5 513 521 -1
518 -67.5 -143.0 -517.0 514 522 -1
519 7.5 -134.0 -555.0 515 523 -1
520 -88.0 -137.0 -530.0 516 524 -1
521 -74.5 -159.0 -518.0 517 525 -1
522 -67.5 -142.5 -516.5 518 526 -1
523 8.0 -134.0 -555.5 519 527 -1
524 -88.5 -136.5 -529.5 520 528 -1
525 -75.0 -159.5 -518.0 521 529 -1
526 -67.5 -142.0 -516.0 522 530 -1
527 7.5 -133.5 -556.0 523 531 -1
528 -89.0 -136.0 -529.5 524 532 -1
529 -74.5 -160.0 -517.5 525 533 -1
530 -67.0 -142.0 -515.5 526 534 -1
531 7.5 -133.5 -556.5 527 535 -1
532 -89.5 -135.5 -529.5 528 536 -1
533 -74.5 -160.5 -517.0 529 537 -1
534 -66.5 -141.5 -515.0 530 538 -1
535 7.5 -133.0 -557.0 531 539 -1
536 -90.0 -135.0 -530.0 532 540 -1
537 -74.0 -161.0 -516.5 533 541 -1
538 -66.0 -141.0 -514.5 534 542 -1
539 8.0 -133.0 -557.5 535 543 -1
540 -90.5 -134.5 -530.0 536 544 -1
541 -74.5 -161.5 -516.5 537 545 -1
542 -65.5 -141.0 -514.0 538 546 -1
543 8.0 -132.5 -558.0 539 547 -1
544 -91.0 -134.0 -529.5 540 548 -1
545 -74.0 -162.0 -516.0 541 549 -1
546 -65.5 -140.5 -513.5 542 550 -1
547 8.0 -132.5 -558.5 543 551 -1
548 -91.5 -133.5 -530.0 544 552 -1
549 -74.0 -162.5 -515.5 545 553 -1
550 -65.0 -140.0 -513.0 546 554 -1
551 8.0 -132.5 -559.0 547 555 -1
552 -91.5 -133.0 -530.0 548 556 -1
553 -74.0 -163.0 -515.0 549 557 -1
554 -64.5 -139.5 -512.5 550 558 -1
555 8.0 -132.5 -559.5 551 559 -1
556 -92.0 -132.5 -530.0 552 560 -1
557 -73.5 -163.5 -514.5 553 561 -1
558 -64.0 -139.5 -512.0 554 562 -1
559 8.0 -132.5 -560.0 555 563 -1
560 -92.5 -132.0 -530.0 556 564 -1
561 -74.0 -164.0 -514.5 557 565 -1
562 -63.5 -139.0 -511.5 558 566 -1
563 8.0 -132.5 -560.5 559 567 -1
564 -93.0 -132.0 -530.0 560 568 -1
565 -73.5 -164.5 -514.0 561 569 -1
566 -63.5 -138.5 -511.0 562 570 -1
567 8.0 -132.5 -561.0 563 571 -1
568 -93.5 -131.5 -530.0 564 572 -1
569 -73.5 -165.0 -514.0 565 573 -1
570 -63.0 -138.0 -510.5 566 574 -1
571 8.0 -132.5 -561.5 567 575 -1
572 -94.0 -131.5 -529.5 568 576 -1
573 -73.0 -165.5 -513.5 569 577 -1
574 -62.5 -138.0 -510.0 570 578 -1
575 8.0 -132.5 -562.0 571 579 -1
576 -94.5 -131.0 -529.5 572 580 -1
577 -73.0 -166.0 -513.5 573 581 -1
578 -62.0 -137.5 -509.5 574 582 -1
579 8.0 -132.5 -562.5 575 583 -1
580 -94.5 -130.5 -530.0 576 584 -1
581 -73.0 -166.5 -513.0 577 585 -1
582 -61.5 -137.0 -509.0 578 586 -1
583 8.0 -132.5 -563.0 579 587 -1
584 -94.5 -130.0 -530.0 580 -1 -1
585 -73.0 -167.0 -512.5 581 588 -1
586 -61.0 -137.0 -508.5 582 589 -1
587 8.0 -132.5 -563.5 583 590 -1
588 -72.5 -167.5 -512.0 585 591 -1
589 -60.5 -136.5 -508.0 586 592 -1
590 8.0 -132.5 -564.0 587 593 -1
591 -73.0 -168.0 -512.0 588 594 -1
592 -60.0 -136.0 -507.5 589 595 -1
593 8.0 -132.5 -564.5 590 596 -1
594 -72.5 -168.5 -511.5 591 597 -1
595 -59.5 -136.0 -507.0 592 598 -1
596 8.5 -132.0 -565.0 593 599 -1
597 -72.5 -169.0 -511.0 594 600 -1
598 -59.5 -135.5 -506.5 595 601 -1
599 8.5 -132.0 -565.5 596 602 -1
600 -72.5 -169.5 -511.0 597 603 -1
601 -59.0 -135.0 -506.0 598 604 -1
602 8.5 -132.5 -566.0 599 605 -1
603 -72.5 -170.0 -510.5 600 606 -1
604 -58.5 -135.0 -506.0 601 607 -1
605 8.5 -132.5 -566.5 602 608 -1
606 -72.5 -170.5 -510.5 603 609 -1
607 -58.0 -134.5 -505.5 604 610 -1
608 8.5 -132.5 -567.0 605 611 -1
609 -72.5 -171.0 -510.5 606 612 -1
610 -58.0 -134.0 -505.0 607 613 -1
611 8.5 -133.0 -567.5 608 614 -1
612 -72.5 -171.5 -510.0 609 615 -1
613 -57.5 -134.0 -504.5 610 616 -1
614 9.0 -132.5 -568.0 611 617 -1
615 -72.5 -172.0 -510.0 612 618 -1
616 -57.0 -133.5 -504.0 613 619 -1
617 8.5 -133.0 -568.5 614 620 -1
618 -72.5 -172.5 -509.5 615 621 -1
619 -56.5 -133.5 -503.5 616 622 -1
620 9.0 -133.0 -569.0 617 623 -1
621 -72.5 -173.0 -509.5 618 624 -1
622 -56.0 -133.0 -503.0 619 625 -1
623 9.0 -133.0 -569.5 620 626 -1
624 -72.0 -173.5 -509.0 621 -1 -1
625 -55.5 -132.5 -502.5 622 627 -1
626 9.0 -133.0 -570.0 623 628 -1
627 -55.0 -132.5 -502.0 625 629 -1
628 9.0 -133.5 -570.5 626 630 -1
629 -54.5 -132.0 -501.5 627 631 -1
630 9.0 -134.0 -571.0 628 632 -1
631 -54.0 -132.0 -501.0 629 633 -1
632 9.5 -134.0 -571.5 630 634 -1
633 -53.5 -132.0 -500.5 631 635 -1
634 10.0 -134.0 -572.0 632 636 -1
635 -53.0 -132.0 -500.0 633 637 -1
636 10.0 -134.5 -572.5 634 638 -1
637 -52.5 -131.5 -499.5 635 639 -1
638 10.5 -135.0 -573.0 636 640 -1
639 -52.0 -132.0 -499.5 637 641 -1
640 10.5 -135.5 -573.5 638 642 -1
641 -51.5 -131.5 -499.0 639 643 -1
642 11.0 -136.0 -574.0 640 644 -1
643 -51.0 -131.5 -498.5 641 645 -1
644 11.5 -136.5 -574.5 642 646 -1
645 -50.5 -131.5 -498.0 643 647 -1
646 11.5 -137.0 -574.5 644 648 -1
647 -50.0 -131.5 -497.5 645 649 -1
648 12.0 -137.5 -574.5 646 650 -1
649 -49.5 -131.5 -497.0 647 651 -1
650 12.0 -138.0 -574.5 648 652 -1
651 -49.0 -131.5 -497.0 649 653 -1
652 12.5 -138.5 -575.0 650 654 -1
653 -48.5 -131.5 -496.5 651 655 -1
654 13.0 -138.5 -575.5 652 656 -1
655 -48.0 -131.5 -496.0 653 657 -1
656 13.5 -139.0 -575.5 654 658 -1
657 -47.5 -131.5 -496.0 655 659 -1
658 14.0 -139.5 -576.0 656 660 -1
659 -47.0 -131.5 -495.5 657 661 -1
660 14.5 -139.5 -576.5 658 662 -1
661 -46.5 -132.0 -495.5 659 663 -1
662 15.0 -140.0 -576.5 660 664 -1
663 -46.0 -132.0 -495.0 661 665 -1
664 15.5 -140.5 -576.5 662 666 -1
665 -45.5 -132.0 -494.5 663 667 -1
666 16.0 -140.5 -577.0 664 668 -1
667 -45.0 -132.5 -494.5 665 669 -1
668 16.5 -141.0 -577.0 666 670 -1
669 -44.5 -132.5 -494.0 667 671 -1
670 17.0 -141.5 -577.0 668 672 -1
671 -44.0 -133.0 -494.0 669 673 -1
672 17.5 -142.0 -577.0 670 674 -1
673 -43.5 -133.0 -493.5 671 675 -1
674 18.0 -142.5 -577.0 672 676 -1
675 -43.0 -133.5 -493.5 673 677 -1
676 18.5 -142.5 -577.0 674 678 -1
677 -42.5 -133.5 -493.0 675 679 -1
678 19.0 -143.0 -577.0 676 680 -1
679 -42.0 -134.0 -492.5 677 681 -1
680 19.5 -143.0 -577.0 678 682 -1
681 -41.5 -134.0 -492.0 679 683 -1
682 20.0 -143.0 -577.5 680 684 -1
683 -41.0 -134.5 -492.0 681 685 -1
684 20.5 -143.0 -577.5 682 686 -1
685 -40.5 -135.0 -491.5 683 687 -1
686 21.0 -143.5 -577.0 684 688 -1
687 -40.0 -135.0 -491.5 685 689 -1
688 21.5 -143.5 -577.0 686 690 -1
689 -39.5 -135.5 -491.0 687 691 -1
690 22.0 -143.5 -577.0 688 692 -1
691 -39.5 -135.5 -490.5 689 693 -1
692 22.5 -144.0 -576.5 690 694 -1
693 -39.0 -136.0 -490.0 691 695 -1
694 23.0 -144.0 -576.5 692 696 -1
695 -38.5 -136.5 -490.0 693 697 -1
696 23.5 -144.0 -576.5 694 698 -1
697 -38.0 -137.0 -489.5 695 699 -1
698 24.0 -144.0 -576.5 696 700 -1
699 -37.5 -137.5 -489.0 697 701 -1
700 24.5 -144.5 -576.0 698 702 -1
701 -37.0 -137.5 -489.0 699 703 -1
702 25.0 -144.5 -576.0 700 704 -1
703 -36.5 -138.0 -488.5 701 705 -1
704 25.5 -144.5 -576.0 702 706 -1
705 -36.0 -138.5 -488.0 703 707 -1
706 26.0 -145.0 -575.5 704 708 -1
707 -35.5 -139.0 -487.5 705 709 -1
708 26.5 -145.5 -575.0 706 710 -1
709 -35.0 -139.0 -487.5 707 711 -1
710 27.0 -146.0 -574.5 708 712 -1
711 -34.5 -139.5 -487.0 709 713 -1
712 27.5 -146.0 -574.0 710 714 -1
713 -34.0 -140.0 -486.5 711 -1 -1
714 28.0 -146.0 -574.0 712 715 -1
715 28.5 -146.0 -573.5 714 716 -1
716 29.0 -146.0 -573.0 715 717 -1
717 29.5 -146.0 -572.5 716 718 -1
718 30.0 -145.5 -572.5 717 719 -1
719 30.5 -145.5 -572.0 718 720 -1
720 30.5 -145.0 -571.5 719 721 -1
721 31.0 -144.5 -571.0 720 722 -1
722 31.0 -144.0 -570.5 721 723 -1
723 31.0 -144.0 -570.0 722 724 -1
724 31.0 -143.5 -569.5 723 725 -1
725 31.0 -143.5 -569.0 724 726 -1
726 31.5 -143.0 -568.5 725 727 -1
727 32.0 -142.5 -568.0 726 728 -1
728 32.0 -142.5 -567.5 727 729 -1
729 32.0 -142.0 -567.0 728 730 -1
730 32.0 -142.0 -566.5 729 731 -1
731 32.0 -141.5 -566.0 730 732 -1
732 32.0 -141.0 -565.5 731 733 -1
733 32.5 -140.5 -565.0 732 734 -1
734 32.5 -140.0 -565.0 733 735 -1
735 32.5 -139.5 -564.5 734 736 -1
736 32.5 -139.0 -564.0 735 737 -1
737 32.0 -138.5 -563.5 736 -1 -1
