0 7.0 -151.5 -437.5 -1 1 -1
1 7.0 -151.5 -437.0 0 2 -1
2 6.5 -151.0 -436.5 1 3 -1
3 6.5 -151.0 -436.0 2 4 -1
4 6.5 -151.0 -435.5 3 5 -1
5 6.5 -151.0 -435.0 4 6 -1
6 7.0 -151.0 -434.5 5 7 -1
7 7.0 -151.0 -434.0 6 8 -1
8 7.0 -151.0 -433.5 7 9 -1
9 7.0 -150.5 -433.0 8 10 -1
10 7.0 -150.5 -432.5 9 11 -1
11 7.0 -150.5 -432.0 10 12 -1
12 7.0 -150.0 -431.5 11 13 -1
13 7.0 -149.5 -431.0 12 14 -1
14 7.5 -149.0 -430.5 13 15 -1
15 7.0 -149.5 -430.0 14 16 -1
16 7.0 -149.0 -429.5 15 17 -1
17 7.0 -149.0 -429.0 16 18 -1
18 7.0 -148.5 -428.5 17 19 -1
19 7.0 -148.5 -428.0 18 20 -1
20 6.5 -148.5 -427.5 19 21 -1
21 7.0 -148.0 -427.0 20 22 -1
22 7.0 -147.5 -426.5 21 23 -1
23 6.5 -147.5 -426.0 22 24 -1
24 6.5 -147.0 -425.5 23 25 -1
25 6.5 -147.0 -425.0 24 26 -1
26 6.0 -146.5 -424.5 25 27 -1
27 6.0 -146.5 -424.0 26 28 -1
28 6.0 -146.0 -423.5 27 29 -1
29 6.0 -146.0 -423.0 28 30 -1
30 5.5 -145.5 -422.5 29 31 -1
31 5.0 -145.5 -422.0 30 32 -1
32 5.0 -145.5 -421.5 31 33 34
33 4.5 -145.0 -421.0 32 35 -1
34 5.5 -145.0 -421.0 32 36 -1
35 4.0 -144.5 -420.5 33 37 -1
36 6.0 -145.0 -421.0 34 38 -1
37 3.5 -144.0 -420.0 35 39 -1
38 6.5 -144.5 -420.5 36 40 -1
39 4.0 -144.0 -419.5 37 41 -1
40 7.0 -144.5 -420.5 38 42 -1
41 3.5 -143.5 -419.0 39 43 -1
42 7.5 -144.0 -420.0 40 44 -1
43 3.0 -143.0 -419.0 41 45 -1
44 8.0 -144.5 -420.0 42 46 -1
45 2.5 -143.0 -418.5 43 47 -1
46 8.5 -144.5 -420.5 44 48 -1
47 2.0 -143.0 -418.0 45 49 -1
48 9.0 -144.5 -420.0 46 50 -1
49 1.5 -142.5 -417.5 47 51 -1
50 9.5 -144.0 -420.0 48 52 -1
51 1.0 -142.5 -417.0 49 53 -1
52 10.0 -144.0 -420.0 50 54 -1
53 0.5 -142.0 -416.5 51 55 -1
54 10.5 -144.0 -420.0 52 56 -1
55 0.0 -141.5 -416.5 53 57 -1
56 11.0 -144.0 -420.0 54 58 -1
57 -0.5 -141.5 -416.0 55 59 -1
58 11.5 -143.5 -419.5 56 60 -1
59 -0.5 -141.5 -415.5 57 61 -1
60 12.0 -143.0 -419.0 58 62 -1
61 -1.0 -141.0 -415.0 59 63 -1
62 12.5 -143.0 -419.5 60 64 -1
63 -1.5 -141.0 -414.5 61 65 -1
64 13.0 -142.5 -419.0 62 66 -1
65 -2.0 -140.5 -414.0 63 67 -1
66 13.5 -143.0 -419.5 64 68 -1
67 -2.5 -140.5 -413.5 65 69 -1
68 14.0 -142.5 -419.0 66 70 -1
69 -2.5 -140.5 -413.0 67 71 -1
70 14.5 -142.5 -419.0 68 72 -1
71 -3.0 -140.5 -412.5 69 73 -1
72 15.0 -142.5 -419.5 70 74 -1
73 -3.5 -140.5 -412.0 71 75 -1
74 15.5 -142.5 -419.5 72 76 -1
75 -4.0 -140.5 -411.5 73 77 -1
76 16.0 -142.5 -419.5 74 78 -1
77 -4.0 -140.0 -411.0 75 79 -1
78 16.5 -142.0 -419.5 76 80 -1
79 -4.5 -140.0 -410.5 77 81 -1
80 17.0 -142.0 -419.5 78 82 -1
81 -5.0 -140.0 -410.0 79 83 -1
82 17.5 -141.5 -419.5 80 84 -1
83 -5.5 -140.0 -409.5 81 85 -1
84 18.0 -141.5 -419.5 82 86 -1
85 -6.0 -140.5 -409.0 83 87 -1
86 18.5 -141.0 -419.5 84 88 -1
87 -6.5 -140.5 -408.5 85 89 -1
88 19.0 -141.0 -419.5 86 90 -1
89 -6.5 -140.5 -408.0 87 91 -1
90 19.5 -140.5 -419.5 88 92 -1
91 -7.0 -140.5 -407.5 89 93 -1
92 20.0 -140.5 -420.0 90 94 -1
93 -7.5 -141.0 -407.0 91 95 -1
94 20.5 -140.0 -420.0 92 96 -1
95 -8.0 -141.0 -406.5 93 97 -1
96 21.0 -139.5 -420.0 94 98 -1
97 -8.0 -141.0 -406.0 95 99 -1
98 21.5 -139.0 -420.0 96 100 -1
99 -8.5 -141.0 -405.5 97 101 -1
100 22.0 -139.0 -420.5 98 102 -1
101 -8.5 -141.0 -405.0 99 103 -1
102 22.5 -138.5 -421.0 100 104 -1
103 -8.5 -141.0 -404.5 101 105 -1
104 23.0 -138.0 -421.0 102 106 -1
105 -9.0 -141.0 -404.0 103 107 -1
106 23.5 -137.5 -421.5 104 108 -1
107 -9.5 -141.5 -403.5 105 109 -1
108 24.0 -137.0 -421.5 106 110 -1
109 -9.5 -141.0 -403.0 107 111 -1
110 24.5 -137.0 -422.0 108 112 -1
111 -9.5 -141.5 -402.5 109 113 -1
112 25.0 -136.5 -422.0 110 114 -1
113 -10.0 -141.5 -402.0 111 115 -1
114 25.5 -136.5 -422.0 112 116 -1
115 -10.0 -142.0 -401.5 113 117 -1
116 26.0 -136.0 -422.0 114 118 -1
117 -10.5 -141.5 -401.0 115 119 -1
118 26.5 -135.5 -422.0 116 120 -1
119 -10.5 -142.0 -400.5 117 121 -1
120 27.0 -135.0 -422.0 118 122 -1
121 -10.5 -142.0 -400.0 119 123 -1
122 27.5 -134.5 -421.5 120 124 -1
123 -11.0 -142.0 -399.5 121 125 -1
124 28.0 -134.0 -421.5 122 126 -1
125 -11.5 -142.0 -399.0 123 127 -1
126 28.5 -133.5 -421.0 124 128 -1
127 -12.0 -142.0 -398.5 125 129 -1
128 29.0 -133.0 -421.0 126 130 -1
129 -12.0 -142.5 -398.0 127 131 -1
130 29.5 -133.0 -420.5 128 132 -1
131 -12.0 -142.5 -397.5 129 133 -1
132 30.0 -132.5 -420.0 130 134 -1
133 -12.5 -142.5 -397.0 131 135 -1
134 30.0 -132.0 -419.5 132 136 -1
135 -13.0 -142.5 -396.5 133 137 -1
136 30.5 -132.0 -419.0 134 138 -1
137 -13.5 -142.5 -396.0 135 139 -1
138 31.0 -132.0 -418.5 136 140 -1
139 -13.5 -143.0 -395.5 137 141 -1
140 31.5 -131.5 -418.0 138 142 -1
141 -14.0 -143.0 -395.0 139 143 -1
142 31.5 -131.5 -417.5 140 144 -1
143 -14.0 -143.0 -394.5 141 145 -1
144 31.5 -131.5 -417.0 142 146 -1
145 -14.5 -143.0 -394.0 143 147 -1
146 32.0 -131.0 -416.5 144 148 -1
147 -15.0 -143.0 -393.5 145 149 -1
148 32.5 -131.0 -416.0 146 150 -1
149 -15.0 -143.5 -393.0 147 151 -1
150 33.0 -130.5 -415.5 148 152 -1
151 -15.5 -143.5 -392.5 149 153 -1
152 33.0 -130.5 -415.0 150 154 -1
153 -15.5 -143.5 -392.0 151 155 -1
154 33.5 -130.0 -414.5 152 156 -1
155 -16.0 -143.5 -391.5 153 157 -1
156 33.5 -130.0 -414.0 154 158 -1
157 -16.0 -144.0 -391.0 155 159 -1
158 33.5 -130.0 -413.5 156 160 -1
159 -16.5 -144.0 -390.5 157 161 -1
160 33.5 -130.0 -413.0 158 162 -1
161 -16.5 -144.0 -390.0 159 163 -1
162 34.0 -130.0 -412.5 160 164 -1
163 -17.0 -144.0 -389.5 161 165 -1
164 34.0 -129.5 -412.0 162 166 -1
165 -17.0 -144.5 -389.0 163 167 -1
166 34.0 -129.5 -411.5 164 168 -1
167 -17.0 -144.5 -388.5 165 169 -1
168 34.0 -129.5 -411.0 166 170 -1
169 -17.5 -144.5 -388.0 167 171 -1
170 34.5 -129.5 -410.5 168 172 -1
171 -18.0 -144.5 -387.5 169 173 -1
172 35.0 -129.0 -410.0 170 174 -1
173 -18.0 -145.0 -387.0 171 175 -1
174 35.0 -129.0 -409.5 172 176 -1
175 -18.0 -145.0 -386.5 173 177 -1
176 35.0 -128.5 -409.0 174 178 -1
177 -18.5 -145.0 -386.0 175 179 -1
178 35.0 -128.0 -408.5 176 180 -1
179 -18.5 -145.5 -385.5 177 181 -1
180 35.0 -128.0 -408.0 178 182 -1
181 -18.5 -145.5 -385.0 179 183 -1
182 35.5 -127.5 -407.5 180 184 -1
183 -19.0 -145.5 -384.5 181 185 -1
184 35.5 -127.0 -407.0 182 186 -1
185 -19.0 -145.5 -384.0 183 187 -1
186 35.5 -126.5 -406.5 184 188 -1
187 -19.5 -145.5 -383.5 185 189 -1
188 35.0 -126.0 -406.0 186 190 -1
189 -19.5 -146.0 -383.0 187 191 -1
190 35.0 -125.5 -405.5 188 192 -1
191 -20.0 -146.0 -382.5 189 193 -1
192 35.0 -125.0 -405.0 190 194 -1
193 -20.5 -146.5 -382.5 191 195 196
194 34.5 -124.5 -404.5 192 197 -1
195 -21.0 -146.5 -382.5 193 198 -1
196 -20.0 -147.0 -381.5 193 199 -1
197 34.5 -124.0 -404.5 194 200 -1
198 -21.5 -146.5 -382.5 195 201 -1
199 -19.5 -147.0 -381.0 196 202 -1
200 34.5 -123.5 -404.0 197 203 -1
201 -22.0 -146.0 -382.5 198 204 -1
202 -19.5 -147.0 -380.5 199 205 -1
203 34.5 -123.0 -403.5 200 206 -1
204 -22.5 -146.0 -382.5 201 207 -1
205 -19.5 -147.5 -380.0 202 208 -1
206 34.5 -122.5 -403.5 203 209 -1
207 -23.0 -146.0 -382.5 204 210 -1
208 -19.0 -147.5 -379.5 205 211 -1
209 34.5 -122.0 -403.5 206 212 -1
210 -23.5 -146.0 -382.0 207 213 -1
211 -19.0 -147.5 -379.0 208 214 -1
212 34.5 -121.5 -403.0 209 215 -1
213 -24.0 -146.0 -382.0 210 216 -1
214 -19.0 -148.0 -378.5 211 217 -1
215 34.5 -121.0 -403.0 212 218 -1
216 -24.5 -146.0 -382.0 213 219 -1
217 -19.0 -148.0 -378.0 214 220 -1
218 34.5 -120.5 -403.0 215 221 -1
219 -25.0 -146.0 -382.0 216 222 -1
220 -19.0 -148.5 -377.5 217 223 -1
221 34.5 -120.0 -403.0 218 224 -1
222 -25.5 -146.0 -382.0 219 225 -1
223 -18.5 -148.5 -377.0 220 226 -1
224 34.0 -119.5 -403.0 221 227 -1
225 -26.0 -146.0 -382.0 222 228 -1
226 -18.5 -149.0 -376.5 223 229 -1
227 34.0 -119.0 -403.0 224 230 -1
228 -26.5 -146.0 -382.0 225 231 -1
229 -18.0 -149.0 -376.0 226 232 -1
230 34.0 -118.5 -402.5 227 233 -1
231 -27.0 -146.0 -381.5 228 234 -1
232 -18.0 -149.5 -375.5 229 235 -1
233 34.0 -118.0 -402.5 230 236 -1
234 -27.5 -146.0 -381.5 231 237 -1
235 -17.5 -149.5 -375.0 232 238 -1
236 34.0 -117.5 -403.0 233 239 -1
237 -28.0 -145.5 -382.0 234 240 -1
238 -17.5 -150.0 -374.5 235 241 -1
239 34.0 -117.0 -403.0 236 242 -1
240 -28.5 -145.5 -382.0 237 243 -1
241 -17.5 -150.5 -374.0 238 244 -1
242 34.0 -116.5 -403.5 239 245 -1
243 -29.0 -145.5 -382.0 240 246 -1
244 -17.0 -150.5 -373.5 241 247 -1
245 33.5 -116.0 -403.0 242 248 -1
246 -29.5 -145.5 -382.0 243 249 -1
247 -16.5 -150.5 -373.5 244 250 -1
248 33.5 -115.5 -403.5 245 251 -1
249 -30.0 -145.5 -381.5 246 252 -1
250 -16.0 -150.5 -373.0 247 253 -1
251 33.5 -115.0 -403.5 248 254 -1
252 -30.5 -145.5 -381.5 249 -1 -1
253 -15.5 -150.5 -372.5 250 255 -1
254 33.5 -114.5 -403.5 251 256 -1
255 -15.5 -151.0 -372.0 253 257 -1
256 33.5 -114.0 -404.0 254 258 -1
257 -15.0 -151.0 -371.5 255 259 -1
258 33.5 -113.5 -404.0 256 260 -1
259 -14.5 -151.0 -371.0 257 261 -1
260 33.0 -113.0 -404.0 258 262 -1
261 -14.0 -151.0 -370.5 259 263 -1
262 33.0 -112.5 -404.0 260 264 -1
263 -13.5 -151.5 -370.0 261 265 -1
264 33.0 -112.0 -404.5 262 266 -1
265 -13.0 -151.5 -369.5 263 267 -1
266 33.0 -111.5 -404.5 264 268 -1
267 -12.5 -152.0 -369.0 265 269 -1
268 33.0 -111.0 -404.5 266 270 -1
269 -12.0 -152.0 -368.5 267 271 -1
270 33.0 -110.5 -405.0 268 272 -1
271 -11.5 -152.5 -368.0 269 273 -1
272 32.5 -110.0 -405.5 270 274 -1
273 -11.0 -153.0 -367.5 271 275 -1
274 32.5 -109.5 -406.0 272 276 -1
275 -10.5 -153.5 -367.5 273 277 -1
276 33.0 -109.0 -406.0 274 278 -1
277 -10.0 -153.5 -367.0 275 279 -1
278 33.0 -108.5 -406.5 276 280 -1
279 -9.5 -154.0 -367.0 277 281 -1
280 33.0 -108.0 -407.0 278 282 -1
281 -9.5 -154.5 -366.5 279 283 -1
282 33.0 -107.5 -407.5 280 284 -1
283 -9.0 -155.0 -366.0 281 285 -1
284 33.0 -107.5 -408.0 282 286 -1
285 -8.5 -155.5 -365.5 283 287 -1
286 33.0 -107.0 -408.5 284 288 -1
287 -8.0 -156.0 -365.5 285 289 -1
288 33.5 -106.5 -409.0 286 290 -1
289 -7.5 -156.5 -365.5 287 291 -1
290 34.0 -106.5 -409.5 288 292 -1
291 -7.0 -157.0 -365.0 289 293 -1
292 34.0 -106.0 -410.0 290 294 -1
293 -7.0 -157.5 -365.5 291 295 -1
294 34.5 -106.0 -410.5 292 296 -1
295 -7.0 -158.0 -365.0 293 297 -1
296 34.5 -105.5 -411.0 294 298 -1
297 -7.0 -158.5 -365.0 295 299 -1
298 35.0 -105.5 -411.5 296 300 -1
299 -6.5 -159.0 -365.0 297 301 -1
300 35.0 -105.0 -412.0 298 302 -1
301 -6.5 -159.5 -365.0 299 303 -1
302 35.5 -104.5 -412.5 300 304 -1
303 -6.5 -160.0 -365.0 301 305 -1
304 36.0 -104.0 -413.0 302 306 -1
305 -6.5 -160.5 -365.0 303 307 -1
306 36.5 -104.0 -413.5 304 308 -1
307 -6.5 -161.0 -365.5 305 309 -1
308 37.0 -104.0 -414.0 306 310 -1
309 -7.0 -161.5 -365.0 307 311 -1
310 37.5 -104.5 -414.5 308 312 -1
311 -7.0 -162.0 -365.0 309 313 -1
312 38.0 -104.0 -414.5 310 314 -1
313 -7.0 -162.5 -365.5 311 315 -1
314 38.5 -104.0 -415.0 312 316 -1
315 -7.0 -163.0 -365.5 313 317 -1
316 39.0 -104.0 -415.5 314 318 -1
317 -7.0 -163.5 -365.5 315 319 -1
318 39.5 -104.0 -415.5 316 320 -1
319 -7.5 -164.0 -365.5 317 321 -1
320 40.0 -104.0 -415.5 318 322 -1
321 -7.5 -164.5 -365.5 319 323 -1
322 40.5 -104.0 -416.0 320 324 -1
323 -7.5 -165.0 -366.0 321 325 -1
324 41.0 -104.0 -416.5 322 326 -1
325 -8.0 -165.5 -365.5 323 327 -1
326 41.5 -104.0 -416.5 324 328 -1
327 -8.0 -166.0 -365.5 325 329 -1
328 42.0 -104.0 -416.5 326 330 -1
329 -8.5 -166.5 -365.5 327 331 -1
330 42.5 -104.5 -417.0 328 332 -1
331 -8.5 -167.0 -366.0 329 333 -1
332 43.0 -104.5 -417.0 330 334 -1
333 -9.0 -167.5 -366.0 331 335 -1
334 43.5 -104.0 -417.0 332 336 -1
335 -9.5 -168.0 -366.0 333 337 -1
336 44.0 -104.0 -417.0 334 338 -1
337 -10.0 -168.5 -366.0 335 339 -1
338 44.5 -104.0 -417.0 336 340 -1
339 -10.5 -169.0 -366.0 337 341 -1
340 45.0 -104.0 -417.5 338 342 -1
341 -10.5 -169.5 -366.0 339 343 -1
342 45.5 -104.5 -417.0 340 344 -1
343 -11.0 -170.0 -366.5 341 -1 -1
344 46.0 -104.5 -417.5 342 345 -1
345 46.5 -104.5 -417.5 344 346 -1
346 47.0 -104.5 -417.5 345 347 -1
347 47.5 -105.0 -417.5 346 348 -1
348 48.0 -105.0 -417.5 347 349 -1
349 48.5 -105.0 -417.0 348 350 -1
350 49.0 -105.5 -417.0 349 351 -1
351 49.5 -105.5 -417.0 350 352 -1
352 50.0 -106.0 -417.0 351 353 -1
353 50.5 -106.0 -417.0 352 354 -1
354 51.0 -106.5 -417.0 353 355 -1
355 51.5 -106.5 -416.5 354 356 -1
356 52.0 -107.0 -416.5 355 357 -1
357 52.5 -107.5 -416.5 356 358 -1
358 53.0 -108.0 -416.0 357 359 -1
359 53.5 -108.5 -416.0 358 360 -1
360 54.0 -109.0 -415.5 359 361 -1
361 54.5 -109.5 -415.5 360 362 -1
362 55.0 -110.0 -415.0 361 363 -1
363 55.5 -110.5 -415.0 362 364 -1
364 56.0 -111.0 -414.5 363 365 -1
365 56.5 -111.5 -414.0 364 366 -1
366 57.0 -112.0 -413.5 365 367 -1
367 57.5 -112.5 -413.0 366 368 -1
368 58.0 -113.0 -412.5 367 369 -1
369 58.0 -113.5 -412.5 368 370 -1
370 58.5 -114.0 -412.0 369 371 -1
371 59.0 -114.5 -411.5 370 372 -1
372 59.5 -114.5 -411.0 371 373 -1
373 60.0 -115.0 -410.5 372 374 -1
374 60.5 -115.5 -410.0 373 375 -1
375 61.0 -116.0 -409.5 374 376 -1
376 61.5 -116.5 -409.0 375 377 -1
377 61.5 -116.5 -408.5 376 378 -1
378 62.0 -116.5 -408.0 377 379 -1
379 62.5 -117.0 -407.5 378 380 -1
380 62.5 -117.5 -407.0 379 381 -1
381 63.0 -117.5 -406.5 380 382 -1
382 63.5 -117.5 -406.0 381 383 -1
383 63.5 -118.0 -405.5 382 384 -1
384 64.0 -118.0 -405.0 383 385 -1
385 64.0 -118.5 -404.5 384 386 -1
386 64.5 -118.5 -404.0 385 387 -1
387 65.0 -118.5 -403.5 386 388 -1
388 65.5 -119.0 -403.0 387 389 -1
389 66.0 -119.0 -402.5 388 390 -1
390 66.5 -119.5 -402.0 389 391 -1
391 67.0 -119.5 -401.5 390 -1 -1
