0 7.0 -151.5 -437.5 -1 1 -1
1 6.986273692901219 -151.48247483185875 -437.3227740590482 0 2 -1
2 6.973640361377341 -151.46333762820976 -437.1456133751931 1 3 -1
3 6.962007819588729 -151.44254627592298 -436.96857059119964 2 4 -1
4 6.951362047279325 -151.420099158751 -436.7916679633303 3 5 -1
5 6.9416870086747275 -151.39599692662946 -436.6149274103027 4 6 -1
6 6.9329654498315705 -151.3702411567825 -436.438370550192 5 7 -1
7 6.925178511824579 -151.34283500128072 -436.2620185710031 6 8 -1
8 6.918306182410528 -151.313782369223 -436.0858922708778 7 9 -1
9 6.912325816158617 -151.28309063054084 -435.91001158966634 8 10 -1
10 6.90721401477245 -151.25076723496534 -435.7343960024408 9 11 -1
11 6.902945739964146 -151.21682130913186 -435.55906423522083 10 12 -1
12 6.899494288524961 -151.18126374549698 -435.3840341653093 11 13 -1
13 6.896831244681513 -151.14410736888888 -435.20932269872173 12 14 -1
14 6.894927060493774 -151.1053657906833 -435.034945932815 13 15 -1
15 6.893750672434924 -151.0650541934242 -434.86091894820646 14 16 -1
16 6.893269553467494 -151.02318927986565 -434.68725575305655 15 17 -1
17 6.8934497675745305 -150.9797892187665 -434.5139692345317 16 18 -1
18 6.894256026235681 -150.93487358807093 -434.3410711175939 17 19 -1
19 6.895651746351592 -150.88846331610486 -434.16857193118545 18 20 -1
20 6.897599109139902 -150.8405806214069 -433.99648098180853 19 21 -1
21 6.900059419172185 -150.79124804946318 -433.8248066024239 20 22 -1
22 6.902992407611708 -150.74049052432886 -433.65355553524734 21 23 -1
23 6.9063569460347 -150.68833346011039 -433.48273344631093 22 24 -1
24 6.91011085599593 -150.63480337577846 -433.31234473584914 23 25 -1
25 6.9142110181433925 -150.5799276149231 -433.14239261781415 24 26 -1
26 6.918613213536219 -150.5237352250406 -432.9728788205398 25 27 -1
27 6.923272587364823 -150.4662551362284 -432.8038041925805 26 28 -1
28 6.928143346332895 -150.40751754469633 -432.6351682557218 27 29 -1
29 6.933178873459068 -150.34755386412272 -432.46696921819307 28 30 -1
30 6.93833190223931 -150.2863958664607 -432.2992042965814 29 31 -1
31 6.943554481110653 -150.2240760758252 -432.13186960507045 30 32 -1
32 6.948798024304794 -150.16062772426136 -431.9649602000328 31 33 -1
33 6.95401336081877 -150.09608471111363 -431.79847012898557 32 34 -1
34 6.959150781581035 -150.0304815660835 -431.6323924835296 33 35 -1
35 6.96416008493524 -149.9638534160131 -431.46671945591123 34 36 -1
36 6.968990620605074 -149.89623595538714 -431.3014423988581 35 37 -1
37 6.973591332341712 -149.82766542049853 -431.13655188836196 36 38 -1
38 6.977910777387456 -149.75817850881745 -430.97203781337845 37 39 -1
39 6.981897060866323 -149.6878121770799 -430.8078895221794 38 40 -1
40 6.985498251131165 -149.61660451644516 -430.64409551885336 39 41 -1
41 6.988662069938284 -149.54459375164024 -430.4806439447644 40 42 -1
42 6.991335936707228 -149.4718184359908 -430.3175225713683 41 43 -1
43 6.993466978846252 -149.39831750052292 -430.15471885416997 42 44 -1
44 6.99500266412188 -149.32413091209338 -429.9922197132088 43 45 -1
45 6.995889983175304 -149.24929857524668 -429.830012091738 44 46 -1
46 6.99607576154946 -149.1738608149658 -429.6680828271734 45 47 -1
47 6.995507495978891 -149.09785893343752 -429.50641846565816 46 48 -1
48 6.994131867762244 -149.02133402890365 -429.3450058934999 47 49 -1
49 6.991896388395739 -148.9443281514939 -429.1838318710118 48 50 -1
50 6.98874853227219 -148.86688363407907 -429.0228834274585 49 51 -1
51 6.984635542295263 -148.78904308797402 -428.8621479575422 50 52 -1
52 6.979506055013306 -148.71084999137676 -428.7016129742542 51 53 -1
53 6.9733074610583845 -148.6323477336513 -428.54126672620146 52 54 -1
54 6.965989420933489 -148.55358067908713 -428.3810976395494 53 55 -1
55 6.9575006040161185 -148.47459323469496 -428.22109496877687 54 56 -1
56 6.947791186666232 -148.39543042769193 -428.0612484813055 55 57 -1
57 6.9368118476437735 -148.31613762925537 -427.90154870188564 56 58 -1
58 6.924513425512223 -148.23676056204644 -427.74198701012534 57 59 -1
59 6.910849018194977 -148.1573453730056 -427.5825555046829 58 60 -1
60 6.895770905680906 -148.07793849237564 -427.4232473747755 59 61 -1
61 6.879234092755144 -147.99858665150745 -427.2640566402787 60 62 -1
62 6.861194335064091 -147.91933679427868 -427.10497839902945 61 63 -1
63 6.841607366908495 -147.84023620878332 -426.946008919061 62 64 -1
64 6.820432515269481 -147.76133212598754 -426.7871454372321 63 65 -1
65 6.797629577835274 -147.68267194271064 -426.62838642582983 64 66 -1
66 6.773159789716794 -147.6043031251958 -426.46973155570316 65 67 -1
67 6.746986101099981 -147.5262731253809 -426.31118170847895 66 68 -1
68 6.719074257512308 -147.44862907093628 -426.15273893275855 67 69 -1
69 6.689391440418783 -147.37141797147854 -425.99440653952985 68 70 -1
70 6.657906979317511 -147.29468651852443 -425.83618906174956 69 71 -1
71 6.624592468697888 -147.21848098240392 -425.6780922415817 70 72 -1
72 6.589421880514681 -147.14284710301916 -425.5201230080417 71 73 -1
73 6.552371670839353 -147.06782997503734 -425.3622894448271 72 74 -1
74 6.513420879319586 -146.99347392823648 -425.2046007482192 73 75 -1
75 6.472549970198217 -146.9198228868194 -425.04706728259873 74 76 -1
76 6.429744225691992 -146.84691901863027 -424.88970025071745 75 77 -1
77 6.38499056833402 -146.77480378729604 -424.73251188242017 76 78 -1
78 6.338277419473598 -146.70351802236542 -424.57551541108336 77 79 -1
79 6.2895983769095425 -146.63310024344707 -424.4187246295828 78 80 -1
80 6.238948203369477 -146.5635882605094 -424.262154198803 79 81 -1
81 6.18632400220653 -146.49501863377455 -424.10581946522336 80 82 -1
82 6.131727250523926 -146.42742556675222 -423.94973610725435 81 83 -1
83 6.075161163009802 -146.36084205696335 -423.7939203449376 82 84 -1
84 6.016631772834122 -146.29529928543525 -423.63838870775135 83 85 -1
85 5.956147611893011 -146.23082667961327 -423.48315796881656 84 86 -1
86 5.893718973937571 -146.16745224799928 -423.3282451640001 85 87 -1
87 5.829360965319583 -146.10520071474355 -423.17366695488437 86 88 -1
88 5.763087802379011 -146.04409673003545 -423.0194404967621 87 89 -1
89 5.6949189004242315 -145.9841611919501 -422.86558224402637 88 90 -1
90 5.624873882986448 -145.92541414329116 -422.71210875252467 89 91 -1
91 5.552974575586055 -145.8678735109533 -422.55903621626794 90 92 -1
92 5.479244894380086 -145.81155507567036 -422.4063803714492 91 93 -1
93 5.403710725610005 -145.75647245234853 -422.25415640492963 92 94 -1
94 5.326399796907281 -145.70263708115058 -422.1023788680164 93 95 -1
95 5.247339183943189 -145.65005996646073 -421.951062247356 94 96 -1
96 5.166560232582373 -145.59874807800585 -421.8002195806628 95 97 -1
97 5.084093161415706 -145.5487081908203 -421.64986380529166 96 98 -1
98 5.0 -145.5 -421.5 97 99 100
99 4.910197437501712 -145.36600487203668 -421.38414194370125 98 101 -1
100 5.148600863082714 -145.3975855762906 -421.4090342846201 98 102 -1
101 4.818430073198071 -145.2340380531171 -421.2674656980367 99 103 -1
102 5.30099986212483 -145.29991223716118 -421.3191949589076 100 104 -1
103 4.724769916391295 -145.10413675704262 -421.1499783721804 101 105 -1
104 5.457129164826265 -145.20708054489967 -421.2306371267822 102 106 -1
105 4.629265426556868 -144.97631215976253 -421.0317006619651 103 107 -1
106 5.616969597200065 -145.1192830439619 -421.14357878598656 104 108 -1
107 4.531965708961383 -144.8505732562481 -420.9126529579283 105 109 -1
108 5.78037297040792 -145.03653703877782 -421.05820313334516 106 110 -1
109 4.432920379434517 -144.72692691876208 -420.7928552874981 107 111 -1
110 5.947210484219629 -144.95887593894838 -420.9747137679186 108 112 -1
111 4.332179434913014 -144.605377962386 -420.67232726206475 109 113 -1
112 6.117278012660967 -144.88619911227497 -420.89327659638457 110 114 -1
113 4.229793130286181 -144.48592921687182 -420.55108802896893 111 115 -1
114 6.290444928032557 -144.81849516901374 -420.8141156513411 112 116 -1
115 4.125811861969475 -144.36858160388763 -420.42915622839075 113 117 -1
116 6.466431766074585 -144.75547427623155 -420.73734319693045 114 118 -1
117 4.020286058535261 -144.25333421875112 -420.30654995507047 115 119 -1
118 6.645020410654595 -144.6968935266252 -420.66310161959285 116 120 -1
119 3.9132656446006786 -144.14018504501036 -420.1832865323755 117 121 -1
120 6.8259797634342485 -144.64243242246943 -420.59150782139835 118 122 -1
121 3.80479950889309 -144.02913179941223 -420.05938227868006 119 123 -1
122 7.00908467117207 -144.59171756330787 -420.5226677672312 120 124 -1
123 3.6949395281129433 -143.92016588930358 -419.9348543178081 121 125 -1
124 7.194084825914255 -144.54426391869646 -420.4566248006403 122 126 -1
125 3.583735319830685 -143.8132799559828 -419.80971827337595 123 127 -1
126 7.380748448140801 -144.49955302546934 -420.39340724839116 124 128 -1
127 3.4712360950461236 -143.7084652638022 -419.683989098668 125 129 -1
128 7.568855452590136 -144.4570253318904 -420.3330231232075 126 130 -1
129 3.3574905936146275 -143.60571179196995 -419.5576810640756 127 131 -1
130 7.758193887190451 -144.41608145341934 -420.27545683388314 128 132 -1
131 3.2425470267953482 -143.5050083256688 -419.43080774799597 129 133 -1
132 7.948558956672479 -144.37609088516672 -420.22067190730644 130 134 -1
133 3.1264530267000983 -143.4063425459848 -419.30338203093123 131 135 -1
134 8.139750558513382 -144.336400482909 -420.1686138988341 132 136 -1
135 3.0092556023855517 -143.3097011181952 -419.17541609252595 133 137 -1
136 8.331569664222679 -144.29634275629036 -420.1192132763156 134 138 -1
137 2.8910011023049447 -143.21506977802454 -419.04692141128146 135 139 -1
138 8.523813929657097 -144.25524414115003 -420.0723881196057 136 140 -1
139 2.7717351828141528 -143.12243341553352 -418.9179087666884 137 141 -1
140 8.716292243797183 -144.2125235853904 -420.02804219310565 138 142 -1
141 2.651502782410535 -143.03177615635596 -418.7883882435266 139 143 -1
142 8.908918485750712 -144.16812575015572 -419.98604721469235 140 144 -1
143 2.53034810137418 -142.94308144005194 -418.6583692380873 141 145 -1
144 9.10165454881274 -144.12219495645854 -419.9462617014443 142 146 -1
145 2.408314132231175 -142.85633314254443 -418.52786020442977 143 147 -1
146 9.294470144503519 -144.0748751830494 -419.90854180654634 144 148 -1
147 2.285444030722957 -142.7715125508161 -418.39686944087697 145 149 -1
148 9.48734200663358 -144.0263086009671 -419.87274210626697 146 150 -1
149 2.1617798174295193 -142.6886012183569 -418.2654043963054 147 151 -1
150 9.680253298175838 -143.97663535375193 -419.8387162173731 148 152 -1
151 2.037362619313594 -142.607580563574 -418.1334718033888 149 153 -1
152 9.8731930022007 -143.9259934331079 -419.8063173063468 150 154 -1
153 1.9122327925188842 -142.52843166368058 -418.00107775862693 151 155 -1
154 10.066155308740655 -143.87451863786737 -419.77539849807124 152 156 -1
155 1.7864299275737217 -142.45113531308104 -417.8682277356303 153 157 -1
156 10.259139006529344 -143.82234460442123 -419.7458131929011 154 158 -1
157 1.6599928577208576 -142.3756720783517 -417.734926598944 155 159 -1
158 10.452146885944675 -143.7696028973608 -419.71741530177184 156 160 -1
159 1.5329596700905255 -142.3020223498596 -417.60117861826814 157 161 -1
160 10.645185157207091 -143.71642314982873 -419.6900594093279 158 162 -1
161 1.405367719448327 -142.23016639007835 -417.4669874829475 159 163 -1
162 10.838262885955329 -143.6629332439034 -419.6636008750885 160 164 -1
163 1.277253644268327 -142.16008437867933 -417.33235631661023 161 165 -1
164 11.03139144672807 -143.6092595221732 -419.6378958824942 162 166 -1
165 1.1486533848941878 -142.0917564544869 -417.19728769185446 163 167 -1
166 11.224583993605151 -143.55552702244466 -419.6128014453789 164 168 -1
167 1.0196022035692538 -142.02516275439868 -417.0617836448883 165 169 -1
168 11.417854112403033 -143.5018517324515 -419.58818631617265 166 170 -1
169 0.8901347061339656 -141.9602834493796 -416.9258456900423 167 171 -1
170 11.611206435861986 -143.44825733879608 -419.5640451871491 168 172 -1
171 0.7602847805762023 -141.8970991839618 -416.7894747291999 169 173 -1
172 11.804638733495356 -143.39470454800667 -419.5404589508556 170 174 -1
173 0.6300857292372475 -141.83559072801174 -416.6526711585758 171 175 -1
174 11.998147984827922 -143.3411527794908 -419.5175104563255 172 176 -1
175 0.499570504449154 -141.77573780911356 -416.5154351969143 173 177 -1
176 12.191730430138096 -143.28756184532608 -419.495282260374 174 178 -1
177 0.36877133859152184 -141.71752102738023 -416.3777664122745 175 179 -1
178 12.385381454033425 -143.23389198325683 -419.4738566252252 176 180 -1
179 0.23771993441862785 -141.66092115714494 -416.23966391935505 177 181 -1
180 12.579095471044647 -143.18010389201842 -419.45331550765025 178 182 -1
181 0.10644749335515619 -141.60591916799387 -416.1011263921041 179 183 -1
182 12.77286581353791 -143.12615876940174 -419.4337405386444 180 184 -1
183 -0.025015255530410965 -141.55249624372274 -415.96215207589097 181 185 -1
184 12.966684622338484 -143.0720183534256 -419.41521299270596 182 186 -1
185 -0.15663802596253307 -141.500633799338 -415.82273879922417 183 187 -1
186 13.160542740562626 -143.01764496693818 -419.39781374582117 184 188 -1
187 -0.28839094438258306 -141.45031349621877 -415.6828839850083 185 189 -1
188 13.354429611262221 -142.96300156590905 -419.38162322131296 186 190 -1
189 -0.42024451942437346 -141.40151725555518 -415.542584661335 187 191 -1
190 13.548333179602853 -142.90805179161543 -419.36672132277863 188 192 -1
191 -0.5521696109964608 -141.3542272701721 -415.40183747180816 189 193 -1
192 13.742239800413135 -142.85276002685458 -419.35318735342383 190 194 -1
193 -0.6841373990173985 -141.30842601484358 -415.2606386854111 191 195 -1
194 13.936134091039298 -142.79709060412387 -419.3411030817218 192 196 -1
195 -0.8161193518395635 -141.26409625519943 -415.1189842059236 193 197 -1
196 14.129998798903108 -142.74100885963728 -419.33054861928906 194 198 -1
197 -0.9480871943910287 -141.22122105531963 -414.97686958090355 195 199 -1
198 14.32381500557885 -142.68448284335884 -419.3215967461626 196 200 -1
199 -1.0800128628324346 -141.17978405220558 -414.8342899215954 197 201 -1
200 14.517561864360971 -142.62748051796592 -419.3143233759097 198 202 -1
201 -1.2118683897137192 -141.1397702491205 -414.6912396340029 199 203 -1
202 14.711216585215013 -142.569970926455 -419.3088032077792 200 204 -1
203 -1.3436261263930778 -141.10116198152005 -414.54771378237626 201 205 -1
204 14.904749670943785 -142.51190939023797 -419.30509417467607 202 206 -1
205 -1.4752585036563122 -141.06394354960497 -414.4037065746498 203 207 -1
206 15.098099907749488 -142.4531567332502 -419.3031532072836 204 208 -1
207 -1.606738046693893 -141.02809957365022 -414.25921190201296 205 209 -1
208 15.291193270166731 -142.39353423510835 -419.3028915655083 206 210 -1
209 -1.7380373417774042 -140.9936149954603 -414.11422334577486 207 211 -1
210 15.48395648859215 -142.33286677644796 -419.3042186798785 208 212 -1
211 -1.8691290026757392 -140.96047507903904 -413.96873418397917 209 213 -1
212 15.676316899038333 -142.27098410099106 -419.3070429217175 210 214 -1
213 -1.999985636791978 -140.92866541053039 -413.8227373978081 211 215 -1
214 15.86819735099081 -142.20770802747208 -419.31128344569527 212 216 -1
215 -2.1305798110036873 -140.89817189748007 -413.6762256778178 213 217 -1
216 16.059527623382465 -142.14288693077424 -419.3168373573371 214 218 -1
217 -2.260884017180633 -140.86898076746544 -413.529191430048 215 219 -1
218 16.250235964202837 -142.07637150657126 -419.3236095341455 216 220 -1
219 -2.3908706373574704 -140.8410785661335 -413.3816267820561 217 221 -1
220 16.440249883167073 -142.00801850038778 -419.3315070278888 218 222 -1
221 -2.520511908530617 -140.8144521546849 -413.2335235889238 219 223 -1
222 16.629496872748977 -141.93769346101527 -419.34043732583933 220 224 -1
223 -2.649779887052285 -140.78908870683563 -413.08487343929266 221 225 -1
224 16.817896424454133 -141.8652518247154 -419.35031612972995 222 226 -1
225 -2.7786464125888437 -140.764975705285 -412.93566766148535 223 227 -1
226 17.005373418179435 -141.7905736330839 -419.3610508707087 224 228 -1
227 -2.9070830716132554 -140.7421009377129 -412.78589732977457 225 229 -1
228 17.191862201382612 -141.7135707681206 -419.37254445367284 226 230 -1
229 -3.035061160398579 -140.72045249232588 -412.63555327086516 227 231 -1
230 17.377291446727398 -141.63415004780063 -419.3847088344235 228 232 -1
231 -3.162551647480301 -140.70001875296833 -412.4846260706595 229 233 -1
232 17.561566925538422 -141.55218050737196 -419.3974816666314 230 234 -1
233 -3.2895251355565063 -140.6807883938087 -412.3331060813805 231 235 -1
234 17.744673391445982 -141.46774858962783 -419.4110025575795 232 236 -1
235 -3.415951822794663 -140.662750373609 -412.1809834291322 233 237 -1
236 17.9266121594714 -141.38100413944952 -419.4256069804929 234 238 -1
237 -3.541801465176641 -140.64589392972297 -412.0282480233284 235 239 -1
238 18.10734914343368 -141.29203443352725 -419.44167238791624 236 240 -1
239 -3.667048444596084 -140.63020897528807 -411.8748936873821 237 241 -1
240 18.286912990074878 -141.20104418209414 -419.4594787262977 238 242 -1
241 -3.791685484656952 -140.61568691527725 -411.72092909487645 239 243 -1
242 18.465267469701143 -141.10812887588668 -419.47937477273615 240 244 -1
243 -3.915709864770831 -140.60231912449018 -411.5663663735897 241 245 -1
244 18.64241068097708 -141.01344955516188 -419.50163246187174 242 246 -1
245 -4.039119214069815 -140.59009656831248 -411.4112176608135 243 247 -1
246 18.818310905148625 -140.91713022878656 -419.526550918303 244 248 -1
247 -4.161911511458185 -140.57900981505614 -411.2554950892732 245 249 -1
248 18.99294459548533 -140.8193168740835 -419.5543846053269 246 250 -1
249 -4.284085085065488 -140.5690490485972 -411.0992107734703 247 251 -1
250 19.16626569995999 -140.7201383238038 -419.5854072337389 248 252 -1
251 -4.405638611122055 -140.56020408126514 -410.9423767964749 249 253 -1
252 19.338248636092004 -140.6197523548555 -419.61980816239065 250 254 -1
253 -4.526571112278602 -140.55246436694125 -410.78500519718716 251 255 -1
254 19.508809243602776 -140.51827530913437 -419.6578904597308 252 256 -1
255 -4.646881955393151 -140.54581901432286 -410.6271079580877 253 257 -1
256 19.677928640161703 -140.4158799372295 -419.69975259827214 254 258 -1
257 -4.766570848809879 -140.54025680031154 -410.4686969934936 255 259 -1
258 19.845513837514538 -140.31269522171254 -419.74565072505175 256 260 -1
259 -4.885636869825991 -140.53576783642166 -410.30978337376325 257 261 -1
260 20.011500611449577 -140.20887453133932 -419.7957306070141 258 262 -1
261 -5.004081044529212 -140.53233913762898 -410.1503793921292 259 263 -1
262 20.17583403617655 -140.10457334423907 -419.8500814321131 260 264 -1
263 -5.121904356080984 -140.52995809759648 -409.9904969129082 261 265 -1
264 20.338426377169863 -139.9999376505472 -419.90884698253933 262 266 -1
265 -5.239107848183022 -140.52861229007425 -409.8301474758502 263 267 -1
266 20.499199235015617 -139.8950995337752 -419.9720885347097 264 268 -1
267 -5.355692885663382 -140.52828902493079 -409.66934250129896 265 269 -1
268 20.658257499659538 -139.79010974290082 -420.03929213047394 266 270 -1
269 -5.4716611492437615 -140.52897536148683 -409.5080932816991 267 271 -1
270 20.81572332387907 -139.6849738083483 -420.10993213952275 268 272 -1
271 -5.587014404409957 -140.5306584837579 -409.3464108182119 269 273 -1
272 20.971729325027976 -139.57968384955532 -420.18352256797766 270 274 -1
273 -5.701753826143516 -140.5333267605949 -409.1843053782476 271 275 -1
274 21.126414796462647 -139.474221226621 -420.259612801902 272 276 -1
275 -5.815883332515288 -140.53696443300862 -409.0217887562818 273 277 -1
276 21.27992292591312 -139.36855867804985 -420.3377830237015 274 278 -1
277 -5.929405814971051 -140.54155768032737 -408.8588716615951 275 279 -1
278 21.432393197569617 -139.26266030716397 -420.4176478874803 276 280 -1
279 -6.042324450333453 -140.5470924959665 -408.69556464092096 277 281 -1
280 21.58397787829908 -139.15648724202183 -420.4988235995674 278 282 -1
281 -6.154642694063617 -140.55355469957337 -408.53187807320495 279 283 -1
282 21.734823852423204 -139.04999577401261 -420.5809531049269 280 284 -1
283 -6.266363238244867 -140.5609315183693 -408.36782153723254 281 285 -1
284 21.88507492195536 -138.9431380135143 -420.6636953382222 282 286 -1
285 -6.37749045383197 -140.56920784798052 -408.20340532546226 283 287 -1
286 22.03487384246392 -138.8358630807655 -420.7467172491052 284 288 -1
287 -6.4880292517447 -140.57836804606285 -408.0386396942854 285 289 -1
288 22.184362192703027 -138.7281176682425 -420.82968967742283 286 290 -1
289 -6.597984136359142 -140.58839734740363 -407.8735343096773 287 291 -1
290 22.333680314712456 -138.61984655154393 -420.91228327014863 288 292 -1
291 -6.707359854958501 -140.59928086967048 -407.7080986508005 289 293 -1
292 22.48296725290581 -138.51099309914068 -420.9941643983109 290 294 -1
293 -6.816160468607958 -140.61100495894752 -407.54234150231 291 295 -1
294 22.632360621772115 -138.40149983312523 -421.0749910324627 292 296 -1
295 -6.9243913311023055 -140.62355428912218 -407.37627206830115 293 297 -1
296 22.781996328702967 -138.29130909721894 -421.1544085400253 294 298 -1
297 -7.032058676954405 -140.63691251535485 -407.20989970115323 295 299 -1
298 22.93200807124268 -138.18036389480434 -421.23204537781675 296 300 -1
299 -7.139168155329323 -140.65106438206894 -407.0432331130277 297 301 -1
300 23.082526516952505 -138.06860896854923 -421.30750866964866 298 302 -1
301 -7.2457256214811645 -140.66599456444538 -406.87628082150496 299 303 -1
302 23.23367805952254 -137.95599220392901 -421.38037968414835 300 304 -1
303 -7.3517360011772634 -140.68168923966704 -406.7090505862363 301 305 -1
304 23.38559166439348 -137.84245697112928 -421.4501741433205 302 306 -1
305 -7.457206155192439 -140.69813208397534 -406.54155086574906 303 307 -1
306 23.538380379892534 -137.72796420076918 -421.5163997788273 304 308 -1
307 -7.56214306434777 -140.7153068461417 -406.37378987026796 305 309 -1
308 23.692139422848122 -137.61249030248342 -421.57854629175193 306 310 -1
309 -7.666553339224579 -140.73319800234634 -406.2057753377906 307 311 -1
310 23.84692991393761 -137.49602226874066 -421.6361052251427 308 312 -1
311 -7.770443760893799 -140.7517899978414 -406.0375148131776 309 313 -1
312 24.00269103528094 -137.37856537719023 -421.68883467884535 310 314 -1
313 -7.8738198610636 -140.77106912451677 -405.8690150025575 311 315 -1
314 24.159323970980385 -137.2601173220794 -421.7365224275997 312 316 -1
315 -7.976690034455173 -140.79101803813327 -405.7002836813445 313 317 -1
316 24.31668443226847 -137.14072226048447 -421.779186296201 314 318 -1
317 -8.07906170026978 -140.811620907193 -405.5313278986738 315 319 -1
318 24.474645650295603 -137.02040062566388 -421.81671958653857 316 320 -1
319 -8.180942256791731 -140.83286211335255 -405.36215444020706 317 321 -1
320 24.633078542699508 -136.8991605233786 -421.84893131492873 318 322 -1
321 -8.282339063050921 -140.85472626189696 -405.1927698309194 319 323 -1
322 24.791826208881478 -136.77705883495025 -421.87591274100936 320 324 -1
323 -8.383258695303557 -140.87719910789465 -405.02318003016796 321 325 -1
324 24.950745058049435 -136.65410977126152 -421.8974981301545 322 326 -1
325 -8.483710266673754 -140.9002633426439 -404.853391850907 323 327 -1
326 25.109679747365 -136.53036046038966 -421.91372947643083 324 328 -1
327 -8.583701691759398 -140.92390336555695 -404.6834113540537 325 329 -1
328 25.268475635551535 -136.40584704673287 -421.9245848956249 326 330 -1
329 -8.683240999395245 -140.94810359048472 -404.51324442659404 327 331 -1
330 25.426975521246465 -136.28060472720193 -421.9300418775407 328 332 -1
331 -8.78233594051528 -140.9728489185595 -404.34289662920355 329 333 -1
332 25.58502997231891 -136.1546825288516 -421.9301951987665 330 334 -1
333 -8.880994235243035 -140.9981244140242 -404.1723733087007 331 335 -1
334 25.742478596769406 -136.02810968320475 -421.9250013360694 332 336 -1
335 -8.979225185897524 -141.02391337324246 -404.0016802391266 333 337 -1
336 25.899188586840197 -135.9009393726861 -421.91463545482276 334 338 -1
337 -9.07703722641539 -141.0502002979938 -403.83082264232115 335 339 -1
338 26.054998879183234 -135.77319654887117 -421.8990536264431 336 340 -1
339 -9.174438879482606 -141.07696971787442 -403.65980558285594 337 341 -1
340 26.209801571716408 -135.6449337888717 -421.8784931843034 338 342 -1
341 -9.271438312426982 -141.10420669712354 -403.4886338042041 339 343 -1
342 26.363436203175425 -135.5161707798259 -421.8529092963778 340 344 -1
343 -9.368043953055231 -141.13189610222062 -403.3173119739334 341 345 -1
344 26.515826913706242 -135.38695714871568 -421.82259326394495 342 346 -1
345 -9.464265318087083 -141.16002168019517 -403.1458449957113 343 347 -1
346 26.666846379470684 -135.25734490404446 -421.7874928693224 344 348 -1
347 -9.56011124162913 -141.18856808787095 -402.97423734109526 345 349 -1
348 26.816546239468117 -135.1275022642132 -421.74788069971703 346 350 -1
349 -9.655590625411543 -141.21752001618813 -402.80249334349054 347 351 -1
350 26.964913518405076 -134.99759044467368 -421.70373976771884 348 352 -1
351 -9.750712076084234 -141.24686257698752 -402.63061707025673 349 353 -1
352 27.111993521368504 -134.86777011921146 -421.6552365362098 350 354 -1
353 -9.845484353213903 -141.27658079646181 -402.45861249502474 351 355 -1
354 27.257807440445372 -134.73819554247603 -421.60244245207656 352 356 -1
355 -9.9399172209377 -141.30665872787367 -402.28648381145416 353 357 -1
356 27.402371645547532 -134.60902105633545 -421.5454013048679 354 358 -1
357 -10.03401981604166 -141.33708120243256 -402.1142348397834 355 359 -1
358 27.5457413254809 -134.48038216702673 -421.4842798474912 356 360 -1
359 -10.127801682807448 -141.36783456995192 -401.94186974209913 357 361 -1
360 27.687906028428433 -134.35244463407605 -421.4190120754619 358 362 -1
361 -10.221274147671053 -141.39891342091826 -401.76939499152076 359 363 -1
362 27.828930942242454 -134.22532914170168 -421.34978587218103 360 364 -1
363 -10.314449018372757 -141.4303153861629 -401.59681777075923 361 365 -1
364 27.96882919105561 -134.09918773278866 -421.2766045587173 362 366 -1
365 -10.40733926561349 -141.4620368731512 -401.4241455758547 363 367 -1
366 28.10762495703749 -133.974167145822 -421.19950544834046 364 368 -1
367 -10.499957213579755 -141.49407501123352 -401.2513855924983 365 369 -1
368 28.245365998957134 -133.85038554714663 -421.1186087347686 366 370 -1
369 -10.592315226105274 -141.52642692597766 -401.0785449419815 367 371 -1
370 28.382045089278005 -133.72802987057284 -421.0338345411373 368 372 -1
371 -10.68442570303246 -141.559089739609 -400.9056306828619 369 373 -1
372 28.51771744401024 -133.60720418448616 -420.9453312986407 370 374 -1
373 -10.77630047397868 -141.5920613966662 -400.7326496509982 371 375 -1
374 28.652393722380594 -133.4880750016314 -420.85308601943507 372 376 -1
375 -10.867952657246638 -141.6253381900982 -400.5596089798831 373 377 -1
376 28.786090146146442 -133.37080522444438 -420.7571084880165 374 378 -1
377 -10.959394757460784 -141.65891721029942 -400.386515554793 375 379 -1
378 28.918845072584105 -133.2555110711238 -420.6574989705273 376 380 -1
379 -11.050639283232767 -141.69279556942908 -400.21337620035735 377 381 -1
380 29.05064200214655 -133.14242906498674 -420.5541517591746 378 382 -1
381 -11.141698762027996 -141.726970377884 -400.0401976876216 379 383 -1
382 29.181527153649366 -133.03165032730635 -420.4472142428143 380 384 -1
383 -11.23258552970665 -141.76143912094204 -399.866986702583 381 385 -1
384 29.311490265672113 -132.92340241214185 -420.3366232116193 382 386 -1
385 -11.323312184697546 -141.7961989048099 -399.693749939598 383 387 -1
386 29.440530873906628 -132.8178022841218 -420.2224499547615 384 388 -1
387 -11.413891525308056 -141.831246436912 -399.5204940639434 385 389 -1
388 29.56858683514795 -132.71487321752028 -420.104782108987 386 390 -1
389 -11.504336122216799 -141.8665788219865 -399.3472256514508 387 391 -1
390 29.695580626625706 -132.61462604074993 -419.9836969462051 388 392 -1
391 -11.594658549521276 -141.902193163597 -399.17395123450797 389 393 -1
392 29.821465686469413 -132.5169997015912 -419.85935608416395 390 394 -1
393 -11.684871381845424 -141.93808656414063 -399.0006773041597 391 395 -1
394 29.94615785215291 -132.42202534126307 -419.73180048628063 392 396 -1
395 -11.774987060085635 -141.97425654944252 -398.8274103328785 393 397 -1
396 30.069637903047923 -132.32959549460807 -419.60123180477933 394 398 -1
397 -11.865018258711029 -142.0107000196579 -398.6541567510717 395 399 -1
398 30.191815903179542 -132.23975458490867 -419.46766529938793 396 400 -1
399 -11.954977622981367 -142.04741382482075 -398.48092293126325 397 401 -1
400 30.312696544006464 -132.15236370753016 -419.3313214866123 398 402 -1
401 -12.044877700280102 -142.08439506210723 -398.3077152194551 399 403 -1
402 30.432193936403053 -132.06745934075477 -419.19221498412156 400 404 -1
403 -12.134731024679807 -142.12164082712042 -398.134539930964 401 405 -1
404 30.550321994809185 -131.98490197469974 -419.0505495712174 402 406 -1
405 -12.224550114311368 -142.15914821372226 -397.9614033525606 403 407 -1
406 30.667014609734004 -131.9046941915815 -418.90636688378436 404 408 -1
407 -12.314347465057905 -142.19691441618315 -397.78831176508635 405 409 -1
408 30.782279744656822 -131.82671992670558 -418.75982975297273 406 410 -1
409 -12.404135574156575 -142.23493686614364 -397.6152714901746 407 411 -1
410 30.89607825637055 -131.75094119725478 -418.6110120652672 408 412 -1
411 -12.493926933628499 -142.2732121832273 -397.4422886592076 409 413 -1
412 31.00840573243389 -131.67727021969296 -418.46003385440935 410 414 -1
413 -12.583733970315222 -142.31173745224876 -397.26936946500496 411 415 -1
414 31.119254699150165 -131.60562763468548 -418.3070005133805 412 416 -1
415 -12.673569082316877 -142.35050975510512 -397.09652008237913 413 417 -1
416 31.228600847454207 -131.53595875489708 -418.15198730141327 414 418 -1
417 -12.76344462393292 -142.38952617188716 -396.9237466639663 415 419 -1
418 31.336473770301893 -131.4681420647822 -417.9951311779017 416 420 -1
419 -12.85336894262955 -142.42878422776764 -396.7510533811828 417 421 -1
420 31.44282115365365 -131.40215972417442 -417.83646127704947 418 422 -1
421 -12.943340286467855 -142.46828259997142 -396.5784394071821 419 423 -1
422 31.547696000075316 -131.33786941494068 -417.6761253390891 420 424 -1
423 -13.03335535118263 -142.50802048420846 -396.40590321695925 421 425 -1
424 31.651068036460412 -131.27522826102418 -417.51416871652594 422 426 -1
425 -13.123410758301688 -142.5479966354815 -396.2334431367646 423 427 -1
426 31.75295589435158 -131.214139756751 -417.35068557802214 424 428 -1
427 -13.213503159261757 -142.5882098859057 -396.0610575164873 425 429 -1
428 31.853378823619256 -131.15451057564576 -417.18576335055667 426 430 -1
429 -13.30362924401384 -142.62865924014235 -395.8887447574492 427 431 -1
430 31.95230747186403 -131.09629505603777 -417.0194387752209 428 432 -1
431 -13.393785714788626 -142.66934373819583 -395.7165032676909 429 433 -1
432 32.04979472585368 -131.03937150225423 -416.8518209100125 430 434 -1
433 -13.483969284831792 -142.71026245502492 -395.54433146167946 431 435 -1
434 32.14582648436408 -130.98368119246229 -416.68295309681326 432 436 -1
435 -13.574176677146552 -142.75141450017134 -395.3722277600149 433 437 -1
436 32.24041489235726 -130.9291422190024 -416.5128989649417 434 438 -1
437 -13.664404623242364 -142.79279901740483 -395.2001905891357 435 439 -1
438 32.33359477562475 -130.8756575538549 -416.34173584002184 436 440 -1
439 -13.754649861889314 -142.83441518438445 -395.02821838102375 437 441 -1
440 32.425344039247555 -130.8231725319187 -416.1694937379916 438 442 -1
441 -13.844909152982533 -142.87626253367378 -394.8563096592877 439 443 -1
442 32.51569968751854 -130.7715910895468 -415.99624487839964 440 444 -1
443 -13.935179223955606 -142.91834004424365 -394.68446279064904 441 445 -1
444 32.604684658819174 -130.72083005289124 -415.8220467387862 442 446 -1
445 -14.025456824421834 -142.96064693650115 -394.51267620623486 443 447 -1
446 32.692273924472104 -130.6708327931101 -415.6469227320408 444 448 -1
447 -14.115738709779839 -143.0031825216575 -394.3409483574613 445 449 -1
448 32.7785152488775 -130.62150302524645 -415.47094253340555 446 450 -1
449 -14.206021636450028 -143.04594614334562 -394.16927769977383 447 451 -1
450 32.86342522511596 -130.5727640022992 -415.2941520833124 448 452 -1
451 -14.296302360641599 -143.0889371773755 -393.99766269234823 449 453 -1
452 32.94697963756543 -130.52455401664852 -415.1165724266757 450 454 -1
453 -14.386577637118664 -143.13215503150437 -393.82610179779044 451 455 -1
454 33.02922626313856 -130.47678333285268 -414.9382650315757 452 456 -1
455 -14.476844217964409 -143.17559914522198 -393.65459348183646 453 457 -1
456 33.11017971230553 -130.42937735525217 -414.7592697447719 454 458 -1
457 -14.567098851342058 -143.21926898954982 -393.48313621305147 455 459 -1
458 33.18981880976688 -130.38226841036052 -414.57960763302947 456 460 -1
459 -14.657338251624612 -143.26316441593187 -393.3117285370869 457 461 -1
460 33.268184255924396 -130.3353745142443 -414.3993302698542 458 462 -1
461 -14.74755916778018 -143.30728467210903 -393.14036886143145 459 463 -1
462 33.3452889105041 -130.28861764447714 -414.2184745488135 460 464 -1
463 -14.83775833204825 -143.3516292671852 -392.969055648941 461 465 -1
464 33.421095174553564 -130.24189562069725 -414.03706178916406 462 466 -1
465 -14.927932463869107 -143.3961977975951 -392.7977873764808 463 467 -1
466 33.49560641132663 -130.19509352649902 -413.85513391168865 464 468 -1
467 -15.01807827243 -143.4409898905142 -392.62656252221194 465 469 -1
468 33.568813874873996 -130.14810025538276 -413.6727266365824 466 470 -1
469 -15.1081924553879 -143.48600520374356 -392.4553795652887 467 471 -1
470 33.64067332466499 -130.10079678537565 -413.4898640924785 468 472 -1
471 -15.198271697582978 -143.53124342560838 -392.28423698555633 469 473 -1
472 33.71117702547442 -130.0530705885831 -413.3065841794762 470 474 -1
473 -15.288312654483084 -143.57670435641043 -392.11313327693983 471 475 -1
474 33.78031791552992 -130.00481307808226 -413.1229246338798 472 476 -1
475 -15.378311910570847 -143.62238807738726 -391.9420669717442 473 477 -1
476 33.84804946945821 -129.9558987604727 -412.9389140590871 474 478 -1
477 -15.46826728457318 -143.66829382214223 -391.77103702562675 475 479 -1
478 33.91435512000251 -129.9062139424504 -412.75459093206086 476 480 -1
479 -15.55818199331059 -143.7144205252167 -391.600045149726 477 481 -1
480 33.97922768351527 -129.85565332786106 -412.5699962632026 478 482 -1
481 -15.648060981922 -143.76076690450253 -391.42909389995475 479 483 -1
482 34.04261369027002 -129.80408233981893 -412.3851648772581 480 484 -1
483 -15.737909216041473 -143.80733168462172 -391.25818583860695 481 485 -1
484 34.10449415250339 -129.75138809382747 -412.2001403481152 482 486 -1
485 -15.827731681229672 -143.8541135968414 -391.087323534636 483 487 -1
486 34.164858184355715 -129.69746736780016 -412.0149683507057 484 488 -1
487 -15.91753334332247 -143.90111192242637 -390.9165096932639 485 489 -1
488 34.22363863773562 -129.6421700511257 -411.8296929946722 486 490 -1
489 -16.007319291593987 -143.94832490473124 -390.74574679541587 487 491 -1
490 34.28082520685584 -129.58539489438425 -411.6443659595108 488 492 -1
491 -16.09709457842297 -143.99575126059028 -390.5750374279961 489 493 -1
492 34.33639779879166 -129.52703625893685 -411.45903981612025 490 494 -1
493 -16.186864274708014 -144.04338974563376 -390.4043841951248 491 495 -1
494 34.3902667478272 -129.46691758408102 -411.2737733822999 492 496 -1
495 -16.27663347349264 -144.09123912099164 -390.2337897115379 493 497 -1
496 34.442446629120965 -129.40497129021648 -411.0886258836028 494 498 -1
497 -16.36640731272878 -144.13929863357 -390.0632567508735 495 499 -1
498 34.49287970100452 -129.3410562476529 -410.90366370434333 496 500 -1
499 -16.456190945017855 -144.1875667519737 -389.89278787483414 497 501 -1
500 34.54150596566105 -129.27502778858627 -410.7189604389378 498 502 -1
501 -16.54598953031798 -144.23604208455882 -389.72238568661237 499 503 -1
502 34.588323383347856 -129.20681264119622 -410.5345848973152 500 504 -1
503 -16.6358082563442 -144.2847234119713 -389.55205285249014 501 505 -1
504 34.63323517206197 -129.13622475375672 -410.3506291422935 502 506 -1
505 -16.725652360540693 -144.33360968711116 -389.38179211522123 503 507 -1
506 34.676238356010536 -129.0631970353322 -410.16717066394153 504 508 -1
507 -16.815527160815 -144.38270008185972 -389.2116063255937 505 509 -1
508 34.7172734018075 -128.98759483028428 -409.9843054333115 506 510 -1
509 -16.90543785408339 -144.43199284743793 -389.04149800722723 507 511 -1
510 34.756276888015954 -128.90928045190634 -409.80213857833445 508 512 -1
511 -16.995389730585384 -144.48148677976124 -388.8714698917881 509 513 -1
512 34.793246297618 -128.82820239546166 -409.6207584331918 510 514 -1
513 -17.08538815591693 -144.53118086541525 -388.7015248101525 511 515 -1
514 34.82806102774317 -128.74415184623243 -409.4403076360166 512 516 -1
515 -17.17543860588868 -144.58107430987502 -388.5316657212703 513 517 -1
516 34.860750730641215 -128.65713172524377 -409.2608702022979 514 518 -1
517 -17.265546317708946 -144.6311653358421 -388.3618951740945 515 519 -1
518 34.8912146313896 -128.56696825283598 -409.082597111213 516 520 -1
519 -17.3557166922439 -144.6814527498995 -388.19221598024126 517 521 -1
520 34.91943983969668 -128.47361617669162 -408.9056015875693 518 522 -1
521 -17.445955360408195 -144.7319358929991 -388.02263123956595 519 523 -1
522 34.94537760153931 -128.3769848774359 -408.73002193565713 520 524 -1
523 -17.536267734825458 -144.78261334698604 -387.85314371850814 521 525 -1
524 34.968968220676615 -128.2769732008059 -408.5560114480872 522 526 -1
525 -17.626659202173364 -144.8334836280745 -387.6837561565256 523 527 -1
526 34.9902230852017 -128.17358810277037 -408.3836796975414 524 528 -1
527 -17.717135429130792 -144.88454585901732 -387.514471632998 525 529 -1
528 35.00904411260672 -128.0666850320105 -408.2132216088913 526 530 -1
529 -17.807702127691737 -144.93579911550813 -387.3452932488521 527 531 -1
530 35.02555676488612 -127.95645033896143 -408.0446567787758 528 532 -1
531 -17.89836463147869 -144.98724164591587 -387.1762236620375 529 533 -1
532 35.039774874486966 -127.8429087008857 -407.87808948070204 530 534 -1
533 -17.9891287248124 -145.03887255893596 -387.00726604359414 531 535 -1
534 35.05179258459792 -127.72619757330894 -407.71355179496356 532 536 -1
535 -18.080000288563372 -145.0906910050054 -386.83842364356536 533 537 -1
536 35.061691438436135 -127.60643335743583 -407.55107954243596 534 538 -1
537 -18.17098466664347 -145.14269517012212 -386.66969914000856 535 539 -1
538 35.06949293518112 -127.48364312019494 -407.390765948946 536 540 -1
539 -18.262087901104326 -145.19488434758404 -386.5010959411644 537 541 -1
540 35.075323460644135 -127.35800278772508 -407.2325911259965 538 542 -1
541 -18.353315796005422 -145.24725735355122 -386.33261719625733 539 543 -1
542 35.07921402949453 -127.22954812015597 -407.0766324879538 540 544 -1
543 -18.444673825859432 -145.29981251189028 -386.164265737568 541 545 -1
544 35.08123993272566 -127.0983766803986 -406.9229158424101 542 546 -1
545 -18.536168492498298 -145.35254949291243 -385.99604539226914 543 547 -1
546 35.0814929943666 -126.96460852347167 -406.77143985145887 544 548 -1
547 -18.62780515470244 -145.40546638101546 -385.82795888889 545 549 -1
548 35.07999336259003 -126.82825650296485 -406.6222926457922 546 550 -1
549 -18.719589936365953 -145.4585622221529 -385.6600096915829 547 551 -1
550 35.07684029737342 -126.6894482311812 -406.47545497201384 548 552 -1
551 -18.811529053583737 -145.51183607909414 -385.4922013424394 549 553 -1
552 35.07210482309416 -126.54826877254736 -406.33093838327534 550 554 -1
553 -18.90362795851726 -145.5652861156593 -385.3245367000684 551 555 -1
554 35.06580552753702 -126.40472222411915 -406.188833294655 552 556 -1
555 -18.99589367540492 -145.6189121464449 -385.15702003496943 553 557 -1
556 35.05804349830914 -126.25893618193535 -406.049100444462 554 558 -1
557 -19.088331296469157 -145.67271190290822 -384.9896539125781 555 559 -1
558 35.0488798966139 -126.11097737436894 -405.91175627115814 556 560 -1
559 -19.180947851862335 -145.72668504155288 -384.8224426084362 557 561 -1
560 35.03833795489933 -125.96085133401766 -405.7768849398531 558 562 -1
561 -19.273748852283404 -145.7808296838934 -384.655389090012 559 563 -1
562 35.026506197452946 -125.80866514127196 -405.64445175327455 560 564 -1
563 -19.36674111199439 -145.835145125271 -384.48849745398167 561 565 -1
564 35.01344365960525 -125.65447957113385 -405.51446932065784 562 566 -1
565 -19.45993047463061 -145.88962974029252 -384.3217709867905 563 567 -1
566 34.99918170964339 -125.49830819369785 -405.3870079961962 564 568 -1
567 -19.553323700231232 -145.94428264425522 -384.1552137574847 565 569 -1
568 34.98379424058121 -125.34022502615325 -405.26205923828473 566 570 -1
569 -19.646926760262463 -145.99910225675515 -383.9888291966113 567 571 -1
570 34.967353891935204 -125.18029257356318 -405.1396230987819 568 572 -1
571 -19.740746593835965 -146.0540877135932 -383.8226215467366 569 573 -1
572 34.949912423726886 -125.01853498222604 -405.0197497481542 570 574 -1
573 -19.834789046805636 -146.10923727748522 -383.6565941788743 571 575 -1
574 34.931529024578126 -124.85498738490278 -404.9024741529675 572 576 -1
575 -19.92906151961488 -146.16455029858338 -383.4907517402972 573 577 -1
576 34.912280461285604 -124.6897194027586 -404.78777763485266 574 578 -1
577 -20.023569480232766 -146.22002472143566 -383.32509734897326 575 579 -1
578 34.89222567220681 -124.52276719799303 -404.67568763415716 576 580 -1
579 -20.11832096976461 -146.2756601956204 -383.1596361980833 577 581 -1
580 34.87140715686356 -124.35412782273008 -404.5662949622808 578 582 -1
581 -20.21332137509832 -146.33145456410261 -382.9943713980329 579 583 -1
582 34.84990461511971 -124.183880366214 -404.45955805624664 580 584 -1
583 -20.30857821671125 -146.38740701214186 -382.8293077737402 581 585 -1
584 34.82777644717807 -124.01205874620511 -404.35550493999506 582 586 -1
585 -20.404098112712457 -146.44351609536844 -382.66444946457636 583 587 -1
586 34.805070871171736 -123.83866655999167 -404.2542182228904 584 588 -1
587 -20.5 -146.5 -382.5 585 589 590
588 34.78185370869371 -123.6637529413804 -404.15570159297323 586 591 -1
589 -20.658500905345416 -146.46791689295551 -382.47924514358937 587 592 -1
590 -20.456766134198325 -146.57726502439553 -382.3217302558974 587 593 -1
591 34.758187531839155 -123.48736179947521 -404.05996541582243 588 594 -1
592 -20.817295256759003 -146.43698595460327 -382.4589759154489 589 595 -1
593 -20.412879651785435 -146.65357076423896 -382.14324119171954 590 596 -1
594 34.73412616911541 -123.30950653754765 -403.96707877772343 591 597 -1
595 -20.976367884655986 -146.40717871088637 -382.43921118623524 592 598 -1
596 -20.36812437325697 -146.72897453395802 -381.96458461373646 593 599 -1
597 34.70972788695295 -123.13021033293269 -403.87709582523007 594 600 -1
598 -21.13570241247858 -146.37846979477445 -382.4199360656326 595 601 -1
599 -20.322478306355034 -146.80349977244242 -381.78578483084675 596 602 -1
600 34.685057295025544 -122.94952659518817 -403.79000939637456 597 603 -1
601 -21.295283040910057 -146.35083314721197 -382.40113528739585 598 604 -1
602 -20.275919532731827 -146.87717019454897 -381.60686617122434 599 605 -1
603 34.66017162559707 -122.76747391898978 -403.70588530272823 600 606 -1
604 -21.455094554800986 -146.32424205736868 -382.3827932295206 601 607 -1
605 -20.228426130199196 -146.95000968570884 -381.42785298037876 602 608 -1
606 34.63512959355787 -122.58406320900541 -403.6248130207165 603 609 -1
607 -21.61512236070161 -146.29866936552975 -382.36489400428957 604 610 -1
608 -20.179976207905632 -147.02204231166465 -381.2487696400432 605 611 -1
609 34.60999472209375 -122.39935319852907 -403.5467765398198 606 612 -1
610 -21.77535239233327 -146.27408704517703 -382.34742127914103 607 613 -1
611 -20.13054791723186 -147.09329230282344 -381.06964058259786 608 614 -1
612 34.5847982234197 -122.21335536416726 -403.4718821426077 609 615 -1
613 -21.935771197623776 -146.25046664568853 -382.330358472288 610 616 -1
614 -20.080119463375965 -147.163784039061 -380.89049030574984 611 617 -1
615 34.559524343075324 -122.026066177398 -403.40030612698706 612 618 -1
616 -22.096365910093674 -146.22777921433013 -382.3136887202438 613 619 -1
617 -20.02866911767833 -147.2335420349371 -380.71134338738364 614 620 -1
618 34.53415550194166 -121.83753043100917 -403.33211730647986 615 621 -1
619 -22.257124280407666 -146.205995545362 -382.2973949825014 616 622 -1
620 -19.976175230733794 -147.3025909252809 -380.5322245004975 617 623 -1
621 34.508671073557664 -121.64774936376041 -403.26752137226634 618 624 -1
622 -22.418034564017443 -146.18508563184938 -382.28145981560573 619 625 -1
623 -19.922616246338634 -147.3709554511013 -380.3531584281362 620 626 -1
624 34.483052173028426 -121.45675021526014 -403.20667883796716 621 627 -1
625 -22.579085593264022 -146.16501912953433 -382.26586557064496 622 628 -1
626 -19.86797071631704 -147.43866044577805 -380.1741700782322 623 629 -1
627 34.45728322030806 -121.26458643123917 -403.1496892053777 624 630 -1
628 -22.740266802411227 -146.14576564267182 -382.2505945048831 625 631 -1
629 -19.81221731626999 -147.50573082148708 -379.99528449826283 626 632 -1
630 34.43134143184994 -121.07126325997362 -403.09685152384185 627 633 -1
631 -22.90156806126182 -146.12729378495067 -382.23562841167023 628 634 -1
632 -19.755334862287437 -147.57219155581188 -379.81652688963135 629 635 -1
633 34.40521478976223 -120.87686261207281 -403.048228126184 630 636 -1
634 -23.06297986387814 -146.1095725081251 -382.2209491436458 631 637 -1
635 -19.697302328660903 -147.63806767849422 -379.63792262167584 632 638 -1
636 34.37888439658097 -120.6814275209003 -403.00406781522923 633 639 -1
637 -23.224493106748454 -146.09256975974296 -382.20653809590664 634 640 -1
638 -19.638098866630664 -147.70338425827578 -379.4594972452086 635 641 -1
639 34.352334961186514 -120.48502836572781 -402.9645627067026 636 642 -1
640 -23.386099253620774 -146.07625375912346 -382.1923766906078 637 643 -1
641 -19.57770382419847 -147.7681663897812 -379.28127650548595 638 644 -1
642 34.325554435878566 -120.28775465478591 -402.929865600992 639 645 -1
643 -23.547790171424015 -146.06059198076107 -382.17844600032964 640 646 -1
644 -19.516096767030778 -147.83243918039773 -379.10328635450725 641 647 -1
645 34.298525293125365 -120.08968510269547 -402.9002727363691 642 648 -1
646 -23.70955819464459 -146.04555177826393 -382.16472697987143 643 649 -1
647 -19.453257500474276 -147.89622773710155 -378.9255529625366 644 650 -1
648 34.271242241377 -119.8909455049096 -402.8758615737717 645 651 -1
649 -23.871396099687576 -146.0311004008209 -382.1512004621209 646 652 -1
650 -19.389166092699266 -147.9595571531858 -378.7481027287418 647 653 -1
651 34.243687621089045 -119.6916406209063 -402.85699787633445 648 654 -1
652 -24.033297021796972 -146.0172044843613 -382.13784699415754 649 655 -1
653 -19.323802898979718 -148.02245249484662 -378.57096229084146 650 656 -1
654 34.21586223769075 -119.49192482279379 -402.8437051978485 651 657 -1
655 -24.195254494673478 -146.00383058515473 -382.12464701407225 652 658 -1
656 -19.25714858711414 -148.08493878758156 -378.3941585336463 653 659 -1
657 34.187751802282904 -119.29194740870258 -402.83619320907167 654 660 -1
658 -24.357262402333262 -145.9909449918113 -382.1115807870585 655 661 -1
659 -19.18918416398136 -148.1470410023623 -378.2177185963854 656 662 -1
660 34.15936142593706 -119.09188007196953 -402.8339796827513 657 663 -1
661 -24.519314956227277 -145.9785137522127 -382.0986284117163 658 664 -1
662 -19.119890898013857 -148.20878401542578 -378.0416699114127 659 665 -1
663 34.13067435879619 -118.89186300947607 -402.83688543473744 660 666 -1
664 -24.681406663390806 -145.96650261482273 -382.0857698049787 661 667 -1
665 -19.049250033617394 -148.27019253369716 -377.8660403202202 662 668 -1
666 34.10168810996091 -118.69200911416299 -402.8444122381448 663 669 -1
667 -24.843532302421455 -145.95487705043166 -382.07298471064075 664 670 -1
668 -18.97724440923515 -148.33129145030333 -377.69085756478034 665 671 -1
669 34.072379733487864 -118.49241466564125 -402.856321811273 666 672 -1
670 -25.005686900201727 -145.94360230060656 -382.06025270785034 667 673 -1
671 -18.903856684543836 -148.3921053733598 -377.51614984283117 668 674 -1
672 34.042738109941396 -118.29314228169763 -402.8721596606144 669 675 -1
673 -25.16786570024003 -145.93264334151323 -382.0475532008856 670 676 -1
674 -18.82907000802565 -148.45265878222276 -377.34194562010674 671 677 -1
675 34.012735407035485 -118.09424591906675 -402.89163533619137 672 678 -1
676 -25.330064133514302 -145.92196488013644 -382.03486541680826 673 679 -1
677 -18.752868049762846 -148.51297601157458 -377.1682736278566 674 680 -1
678 33.98235073355796 -117.8957506872294 -402.9143465061581 675 681 -1
679 -25.49227778862512 -145.91153135164774 -382.02216840228795 676 682 -1
680 -18.675235035073793 -148.57308123508227 -376.995162858333 677 683 -1
681 33.95155342155211 -117.69767185851941 -402.9399572826795 678 684 -1
682 -25.654502381529635 -145.90130693081574 -382.0094410134005 679 685 -1
683 -18.59615577890577 -148.63299844861476 -376.82264255813345 680 686 -1
684 33.92031036633552 -117.50000862887998 -402.9681150610446 681 687 -1
685 -25.816733720433557 -145.89125545363942 -381.99666192505885 682 688 -1
686 -18.515615720884004 -148.6927514530156 -376.6507422192948 683 689 -1
687 33.88859139583777 -117.3027424405806 -402.9984443353623 684 690 -1
688 -25.97896767764709 -145.8813404864277 -381.9838096203356 685 691 -1
689 -18.43360096090699 -148.75236383642766 -376.479491568033 686 692 -1
690 33.85634656023082 -117.1058557511268 -403.03063003029195 687 693 -1
691 -26.14120015459192 -145.8715252922684 -381.97086238736375 688 694 -1
692 -18.35009829516224 -148.8118589561771 -376.3089205510365 689 695 -1
693 33.823546764494964 -116.90930457867933 -403.0642739675162 690 696 -1
694 -26.30342704481583 -145.86177282906328 -381.95779827776533 691 697 -1
695 -18.26509525242364 -148.8712599202287 -376.13905931922415 692 698 -1
696 33.79013200128674 -116.71305349654614 -403.09904678646524 693 699 -1
697 -26.465644202730886 -145.85204569812416 -381.9445951854681 694 700 -1
698 -18.178580130479794 -148.93058956823043 -375.96993820888775 695 701 -1
699 33.75605872494228 -116.51704896995156 -403.1345637896367 696 702 -1
700 -26.627847404322935 -145.84230618264712 -381.93123077061273 697 703 -1
701 -18.090542032527484 -148.98987045217314 -375.8015877201534 698 704 -1
702 33.72130214028396 -116.3212461123337 -403.1705285373086 699 705 -1
703 -26.790032306171835 -145.83251620144497 -381.9176824422546 700 706 -1
704 -18.000970903352393 -149.04912481669862 -375.6340384927033 701 707 -1
705 33.68592746310556 -116.12564391454107 -403.20697929036845 702 708 -1
706 -26.95219441722902 -145.82263733351732 -381.9039274560203 703 709 -1
707 -17.909857565106876 -149.1083745790956 -375.4673212787169 704 710 -1
708 33.650062737473554 -115.93024437833539 -403.24403301051234 705 711 -1
709 -27.11432904420628 -145.81263075921305 -381.8899427712253 706 712 -1
710 -17.817193752482265 -149.16764130903124 -375.30146691300234 707 713 -1
711 33.61382840664739 -115.73505219383526 -403.28181281574996 708 714 -1
712 -27.276431260878084 -145.80245728693507 -381.8757051485264 709 715 -1
713 -17.722972147062123 -149.22694620807357 -375.1365062803105 710 716 -1
714 33.57734750745137 -115.54007420055068 -403.3204514921295 711 717 -1
715 -27.438495866622752 -145.7920773593399 -381.86119114612353 712 718 -1
716 -17.627186410634184 -149.28631008906598 -374.9724702798353 713 719 -1
717 33.540751574446155 -115.34531568977775 -403.36007543975745 714 720 -1
718 -27.600517329485818 -145.78145097163892 -381.84637702510844 715 721 -1
719 -17.529831217227628 -149.34575335542542 -374.80938978693183 716 722 -1
720 33.504172927514276 -115.15077986500945 -403.40079376718955 717 723 -1
721 -27.76248974801422 -145.77053770082563 -381.83123880909153 718 724 -1
722 -17.43090128772736 -149.4052960556275 -374.6472962544981 719 725 -1
723 33.46774186771353 -114.95647290819718 -403.44271909935037 720 726 -1
724 -27.924406815496305 -145.75929676772023 -381.8157523512589 721 727 -1
725 -17.33039347858311 -149.46495774242123 -374.4862203952062 722 728 -1
726 33.43159351428325 -114.7624054900006 -403.4859771407164 723 729 -1
727 -28.086261754536437 -145.74768693157148 -381.79989322302015 724 730 -1
728 -17.22830630734403 -149.5247574366146 -374.3261923795498 725 731 -1
729 33.39585605678607 -114.56858460402576 -403.53065790894607 726 732 -1
730 -28.24804727400114 -145.7356665260958 -381.78363676351023 727 733 -1
731 -17.124638766918217 -149.58471370895944 -374.16724258231983 728 734 -1
732 33.36065051994578 -114.37501889827806 -403.5768414801866 729 735 -1
733 -28.409755518005568 -145.72319346016647 -381.76695808495947 730 736 -1
734 -17.019390995491865 -149.64484461941746 -374.00940112567844 731 737 -1
735 33.326099645907874 -114.181721898714 -403.62461729847604 732 738 -1
736 -28.571378013579412 -145.71022522110684 -381.74983207998497 733 739 -1
737 -16.9125642959356 -149.70516769778013 -373.8526978260129 734 740 -1
738 33.29232514795307 -113.98870978305041 -403.67407008266383 735 741 -1
739 -28.73290561709002 -145.69671888092017 -381.7322334310076 736 742 -1
740 -16.804160314026277 -149.7657000451668 -373.69716277671057 737 743 -1
741 33.259418248090384 -113.79599229663938 -403.72522704641773 738 744 -1
742 -28.89432843558576 -145.68263097601488 -381.7141365132318 739 745 -1
743 -16.69418049104808 -149.82645844774547 -373.5428268183721 740 746 -1
744 33.22748973841093 -113.60359008298671 -403.7781597972591 741 747 -1
745 -29.05563582938439 -145.66791784509294 -381.695515686442 742 748 -1
746 -16.582632496574863 -149.88745841795298 -373.389716491682 743 749 -1
747 33.19662292652953 -113.41152112873245 -403.83290115695803 744 750 -1
748 -29.216816310008014 -145.65253538884502 -381.6763450876671 745 751 -1
749 -16.46953921738658 -149.94871958446805 -373.23784906518557 746 752 -1
750 33.166852947997405 -113.21982792073139 -403.8895340943473 747 753 -1
751 -29.377857445950742 -145.63643891466828 -381.65659851642204 748 754 -1
752 -16.35495704225545 -150.0102711258639 -373.0872200925104 749 755 -1
753 33.13821141445291 -113.02858646670686 -403.9482376953903 750 756 -1
754 -29.53874591502265 -145.61958372961288 -381.63624991523614 751 757 -1
755 -16.238946667487124 -150.07214334038633 -372.93782066550807 752 758 -1
756 33.11069688057837 -112.83786285634791 -404.00912398265393 753 759 -1
757 -29.699467315550272 -145.60192451253937 -381.615272868047 754 760 -1
758 -16.12156980115689 -150.1343657630179 -372.78963894934935 755 761 -1
759 33.084351088768464 -112.64774672094241 -404.07238016250034 756 762 -1
760 -29.86000623992311 -145.5834159937179 -381.59364113711365 757 763 -1
761 -16.002880989184817 -150.19696933984457 -372.6426676861327 758 764 -1
762 33.05918872156497 -112.45831820952655 -404.13813120340916 759 765 -1
763 -30.02034604021831 -145.5640121769506 -381.5713280642941 760 766 -1
764 -15.88293539357321 -150.25998459865988 -372.49689754311447 761 767 -1
765 33.03524516235586 -112.2696737575123 -404.2065372193697 762 768 -1
766 -30.180469001828275 -145.5436674372542 -381.5483074111415 763 769 -1
767 -15.761788939540262 -150.32344117802367 -372.35231671879865 764 770 -1
768 33.01256740626272 -112.08192440974075 -404.27777766754895 765 771 -1
769 -30.34035610292194 -145.522335733935 -381.5245527579165 766 772 -1
770 -15.639488707445476 -150.38737172552953 -372.20892089136044 767 773 -1
771 32.991169392724885 -111.89516277629374 -404.3519494978728 768 774 -1
772 -30.5 -145.5 -381.5 769 -1 -1
773 -15.516089174818124 -150.45180545112797 -372.0666968379984 770 775 -1
774 32.97114465102727 -111.70955309218765 -404.42932623755587 771 776 -1
775 -15.39163668364162 -150.5167746913132 -371.92563864177777 773 777 -1
776 32.95249636791029 -111.52519258023193 -404.5099633065951 774 778 -1
777 -15.266179315985788 -150.5823106885083 -371.78573751004643 775 779 -1
778 32.93530603922108 -111.34225673679987 -404.5940923639539 776 780 -1
779 -15.139763821243578 -150.6484449049731 -371.64698507027026 777 781 -1
780 32.91963018309547 -111.16091039366022 -404.6818779094692 778 782 -1
781 -15.0124337633758 -150.71521058928047 -371.5093760031652 779 783 -1
782 32.90551173910603 -110.98131337239987 -404.77344207622355 780 784 -1
783 -14.884235500557711 -150.78263861989544 -371.37290063322104 781 785 -1
784 32.89306713660242 -110.80372524173346 -404.8690756364991 782 786 -1
785 -14.755209462806443 -150.8507642357896 -371.23755645920977 783 787 -1
786 32.88231446137146 -110.62830169468775 -404.968819584718 784 788 -1
787 -14.625401246277212 -150.91961799681334 -371.10333331263354 785 789 -1
788 32.87337158362517 -110.45532739623847 -405.0729234796903 786 790 -1
789 -14.494849140727048 -150.98923719068898 -370.970231157403 787 791 -1
790 32.86627364855409 -110.2848858014786 -405.181261138856 788 792 -1
791 -14.36359782283347 -151.0596523791434 -370.83824001346557 789 793 -1
792 32.861077384020014 -110.11703281097734 -405.2936721389772 790 794 -1
793 -14.231684499983045 -151.1309026478282 -370.70736165757336 791 795 -1
794 32.85784680327911 -109.95182606024999 -405.4100090563917 792 796 -1
795 -14.09915255331231 -151.20301943236137 -370.577587543133 793 797 -1
796 32.8565905611905 -109.78924230649089 -405.53002184637387 794 798 -1
797 -13.966039399579996 -151.27604261992448 -370.44891987168455 795 799 -1
798 32.85740846872734 -109.62937197819655 -405.65363030119846 796 800 -1
799 -13.832386802404391 -151.35000584350823 -370.3213530692601 797 801 -1
800 32.860272801853455 -109.47213269449537 -405.78053942317064 798 802 -1
801 -13.698233047678979 -151.4249491444874 -370.19488910668093 799 803 -1
802 32.86528855019414 -109.3176065316013 -405.9106736254263 800 804 -1
803 -13.563618661895898 -151.50090921119602 -370.0695260630628 801 805 -1
804 32.87243483410309 -109.16571078657073 -406.0437715816213 802 806 -1
805 -13.428583241551914 -151.57792548633924 -369.9452651167069 803 807 -1
806 32.881781076445904 -109.0164697920289 -406.17970648663805 804 808 -1
807 -13.293166484454607 -151.65603897418586 -369.8221089849441 805 809 -1
808 32.89334765285584 -108.86984282020896 -406.3182898800708 806 810 -1
809 -13.15740965703886 -151.73528744589476 -369.7000573262709 807 811 -1
810 32.90715364226365 -108.72578421165356 -406.4593402924828 808 812 -1
811 -13.021352265707053 -151.81571755734586 -369.57911841452017 809 813 -1
812 32.923269615648145 -108.58430190389107 -406.6027342503871 810 814 -1
813 -12.885036869101238 -151.8973672724351 -369.45929244614956 811 815 -1
814 32.94166515070094 -108.44528855468286 -406.7482532642627 812 816 -1
815 -12.74850517061123 -151.98028143346426 -369.3405862672091 813 817 -1
816 32.962446418397555 -108.30878046163497 -406.8958087790483 814 818 -1
817 -12.611799799695294 -152.06450694728164 -369.2230085782421 815 819 -1
818 32.98557693732385 -108.17466063135788 -407.0451935331871 816 820 -1
819 -12.474964996610742 -152.150086088 -369.1065644169026 817 821 -1
820 33.01111940364583 -108.04291221308749 -407.19628605885663 818 822 -1
821 -12.338045509550925 -152.2370658915431 -368.9912632667795 819 823 -1
822 33.03910915375399 -107.91348706331048 -407.34894503984737 820 824 -1
823 -12.201087389032809 -152.32549805521734 -368.8771186242206 821 825 -1
824 33.06953318719843 -107.78629136423503 -407.5030060711275 822 826 -1
825 -12.064138261272179 -152.41542760487727 -368.76413912782726 823 827 -1
826 33.102509952958336 -107.66134733054322 -407.65837894487294 824 828 -1
827 -11.927247057658537 -152.5069047411832 -368.6523381024117 825 829 -1
828 33.13798746344955 -107.5385252411237 -407.81488853270474 826 830 -1
829 -11.79046442210583 -152.59998080132874 -368.5417303264767 827 831 -1
830 33.17603899809294 -107.41780322261268 -407.9724242073647 828 832 -1
831 -11.653842912089239 -152.69470853039667 -368.43233230214855 829 833 -1
832 33.21670846099139 -107.29913167871916 -408.1308612290233 830 834 -1
833 -11.517437337452193 -152.79114287779996 -368.3241628883641 831 835 -1
834 33.259983993082024 -107.18241864616986 -408.29006104961513 832 836 -1
835 -11.381304230939227 -152.88933627009777 -368.2172400435722 833 837 -1
836 33.30598072209349 -107.06766528812327 -408.4499212038545 834 838 -1
837 -11.245502734751105 -152.98934427957144 -368.11158501799235 835 839 -1
838 33.35467264023553 -106.95477005378225 -408.6103051951592 836 840 -1
839 -11.110094580540705 -153.09122342584493 -368.007220866271 837 841 -1
840 33.40610874840725 -106.8436859106575 -408.77109681580686 838 842 -1
841 -10.975144280879972 -153.1950310910514 -367.90417252297976 839 843 -1
842 33.46037972952547 -106.73439024712998 -408.93218196261296 840 844 -1
843 -10.840719324259497 -153.30082541424423 -367.8024668783712 841 845 -1
844 33.51745722560149 -106.62678643695502 -409.0934359996368 842 846 -1
845 -10.706890372451463 -153.40866516264586 -367.70213285347415 843 847 -1
846 33.577441369133574 -106.52085638686539 -409.2547432007036 844 848 -1
847 -10.573732525346225 -153.51861266898624 -367.60320352451487 845 849 -1
848 33.64036009886898 -106.41653908896657 -409.41598335655436 846 850 -1
849 -10.441322947876719 -153.63072562051852 -367.50571085354494 847 851 -1
850 33.70621915963974 -106.3137644890768 -409.5770400698266 848 852 -1
851 -10.309743047596784 -153.74506347497012 -367.4096901875574 849 853 -1
852 33.775160918209856 -106.21253250320055 -409.7377833331441 850 854 -1
853 -10.179078257930678 -153.86168572665292 -367.31517931754496 851 855 -1
854 33.84714282806578 -106.11275123402349 -409.89810018094624 852 856 -1
855 -10.049420372298068 -153.9806562759374 -367.2222216139563 853 857 -1
856 33.92224112421286 -106.01438918545823 -410.0578635768663 854 858 -1
857 -9.92086317592748 -154.1020323372816 -367.130858965223 855 859 -1
858 34.00054195829339 -105.91741816540966 -410.21693825091074 856 860 -1
859 -9.793504281748078 -154.22586895772324 -367.0411350149044 857 861 -1
860 34.08202186983773 -105.82176496243343 -410.3752121014571 858 862 -1
861 -9.66745223855257 -154.35223167978285 -366.95310395843717 859 863 -1
862 34.16681020926743 -105.72742109864132 -410.53253105027443 860 864 -1
863 -9.542803116555639 -154.48115351188088 -366.8668030855871 861 865 -1
864 34.25489515926715 -105.63434133406557 -410.688787916884 862 866 -1
865 -9.419642381373954 -154.61264637963214 -366.78226242924364 863 867 -1
866 34.34625659578156 -105.54259210601211 -410.8439465944973 864 868 -1
867 -9.298039952422002 -154.74669166313453 -366.69949319678034 865 869 -1
868 34.44093268927287 -105.45231838819299 -410.99797948600326 866 870 -1
869 -9.178075772781314 -154.88328363964663 -366.61851636606133 867 871 -1
870 34.538800510155504 -105.36359359683844 -411.15091347134904 868 872 -1
871 -9.059828950809726 -155.02241073451825 -366.53934989194346 869 873 -1
872 34.63990653668503 -105.27657377074593 -411.3027163040045 870 874 -1
873 -8.943377872178 -155.16405658036692 -366.46200932641045 871 875 -1
874 34.74417886058876 -105.19135667397798 -411.4533956326726 872 876 -1
875 -8.828805289682434 -155.3082071291455 -366.3865130276719 873 877 -1
876 34.85158180324181 -105.10805930292723 -411.60294524475586 874 878 -1
877 -8.716197456296666 -155.45484857606252 -366.3128808955572 875 879 -1
878 34.96214079809902 -105.02684220009337 -411.75133458237724 876 880 -1
879 -8.605639385094893 -155.60396129329752 -366.24112990113366 877 881 -1
880 35.07574318245583 -104.9477754611278 -411.89858214702997 878 882 -1
881 -8.497217877698795 -155.75552391088846 -366.1712771376389 879 883 -1
882 35.1924591390923 -104.87106356050228 -412.0446352663925 880 884 -1
883 -8.391022531377496 -155.9095141890113 -366.1033406330981 881 885 -1
884 35.312171386755 -104.7967799336353 -412.1895133998199 882 886 -1
885 -8.287144590755117 -156.0659074639266 -366.03733827461605 883 887 -1
886 35.43490886469534 -104.72512533169488 -412.3331789818141 884 888 -1
887 -8.185676888781078 -156.22467648591893 -365.97328777409183 885 889 -1
888 35.560616415810955 -104.65623611994235 -412.47562370751336 886 890 -1
889 -8.086713771842062 -156.38579125040823 -365.9112066276444 887 891 -1
890 35.68926394599733 -104.59027653450636 -412.6168244959994 888 892 -1
891 -7.990351007307988 -156.54921882316495 -365.8511120682972 889 893 -1
892 35.82083672870105 -104.5274352357839 -412.75674604386705 890 894 -1
893 -7.896688637430074 -156.71492553589422 -365.7930231550381 891 895 -1
894 35.95525965043483 -104.46784343265405 -412.8953737958452 892 896 -1
895 -7.8058239768391955 -156.88287097128955 -365.73695559504694 893 897 -1
896 36.09253858946291 -104.41173489469546 -413.03264952226345 894 898 -1
897 -7.7178554325777995 -157.0530114630723 -365.6829247789792 895 899 -1
898 36.23256678146391 -104.35921558021431 -413.16856125910255 896 900 -1
899 -7.632883159116887 -157.22530045005578 -365.63094624519465 897 901 -1
900 36.37535143172946 -104.31055171208718 -413.3030323601428 898 902 -1
901 -7.551013175785036 -157.39969087420747 -365.581038324786 899 903 -1
902 36.52076578409935 -104.26583484069857 -413.4360474513298 900 904 -1
903 -7.4723454159966245 -157.57612698384162 -365.5332141940778 901 905 -1
904 36.66879446693808 -104.22530276152513 -413.56751093270015 902 906 -1
905 -7.3969784624697645 -157.75454820136852 -365.4874853893148 903 907 -1
906 36.819265624318355 -104.1887905418922 -413.69736985460224 904 908 -1
907 -7.3250234705061334 -157.93489675979123 -365.4438704005492 905 909 -1
908 36.9721060724362 -104.15622548059216 -413.82550091691047 906 910 -1
909 -7.256573528737856 -158.1171003246232 -365.4023757259445 907 911 -1
910 37.127153893950954 -104.1273708402276 -413.9518571564356 908 912 -1
911 -7.191735353466161 -158.30108967838115 -365.36301548250844 909 913 -1
912 37.284329708016806 -104.10211168572518 -414.07634111142596 910 914 -1
913 -7.130605606484482 -158.48678622600065 -365.3257971514619 911 915 -1
914 37.44349754154649 -104.0802218811785 -414.19891768503544 912 916 -1
915 -7.073284720029014 -158.6741089846499 -365.29072986697355 913 917 -1
916 37.60457639889393 -104.06155304438953 -414.31951552931974 914 918 -1
917 -7.019866242303098 -158.86296999447984 -365.2578184318349 915 919 -1
918 37.76745471003908 -104.04589098089363 -414.43810803688973 916 920 -1
919 -6.970447058947742 -159.05327857654777 -365.22706909690106 917 921 -1
920 37.93205525469872 -104.03306597696246 -414.5546463095223 918 922 -1
921 -6.925111311159008 -159.2449358076585 -365.19848101164973 919 923 -1
922 38.098286731936355 -104.02287278252706 -414.6691113497027 920 924 -1
923 -6.883954031244896 -159.4378425494932 -365.1720588489784 921 925 -1
924 38.2660805403868 -104.01513240757009 -414.7814701998619 922 926 -1
925 -6.847045772477033 -159.63188908528218 -365.14779456751046 923 927 -1
926 38.43536055100444 -104.00964408745094 -414.8917126594591 924 928 -1
927 -6.814476335325114 -159.82696757436858 -365.1256898874493 925 929 -1
928 38.60607047875657 -104.00622922348872 -414.999813604008 926 930 -1
929 -6.786305130026126 -160.022959942649 -365.1057314902079 927 931 -1
930 38.77814426246453 -104.00468766886478 -415.1057741700075 928 932 -1
931 -6.762605718946373 -160.2197486343394 -365.0879132458216 929 933 -1
932 38.95154035077617 -104.00484721784596 -415.2095685097788 930 934 -1
933 -6.743431656409943 -160.41720997013343 -365.0722196792739 931 935 -1
934 39.126198130630016 -104.00650630656976 -415.3112122212634 932 936 -1
935 -6.72883697979799 -160.61521849424295 -365.0586359829425 933 937 -1
936 39.302092011217134 -104.0095010308753 -415.4106706520495 934 938 -1
937 -6.718864504138557 -160.8136456401491 -365.0471426219058 935 939 -1
938 39.47916290322799 -104.01362874608205 -415.50797688330255 936 940 -1
939 -6.7135509837011735 -161.0123610410481 -365.03771789066013 937 941 -1
940 39.65740119740853 -104.01873882641668 -415.6030804280201 938 942 -1
941 -6.712921069489238 -161.21123278409112 -365.03033537602795 939 943 -1
942 39.83674505006014 -104.02467096091787 -415.6960336652745 940 944 -1
943 -6.716999845916118 -161.41012832525644 -365.0249695256581 941 945 -1
944 40.01719847461122 -104.03132511360897 -415.7867641524852 942 946 -1
945 -6.7257881107203 -161.6089151027315 -365.02158521737965 943 947 -1
946 40.198695949730045 -104.03855600862555 -415.87534258535953 944 948 -1
947 -6.739295429999775 -161.80746077824307 -365.0201518895795 945 949 -1
948 40.38125091906861 -104.04626094230571 -415.96167963623196 946 950 -1
949 -6.757493731962549 -162.0056362587038 -365.0206314972448 947 951 -1
950 40.564801353869186 -104.05430281493315 -416.04584812435917 948 952 -1
951 -6.780280160822256 -162.2033235461259 -365.0229834924099 949 953 -1
952 40.7493554718108 -104.06256896256559 -416.1277701297663 950 954 -1
953 -6.80753575666116 -162.40041425510668 -365.02716713609277 951 955 -1
954 40.934865595252454 -104.07093306363717 -416.20749342849314 952 956 -1
955 -6.839138685207034 -162.5968087527674 -365.0331401098531 953 957 -1
956 41.1213309622007 -104.07927387835616 -416.2849586064443 954 958 -1
957 -6.874965195067221 -162.79241600492958 -365.0408588999724 955 959 -1
958 41.30871515205792 -104.08746996498054 -416.3601898986157 956 960 -1
959 -6.914890492924844 -162.987153341179 -365.0502791532274 957 961 -1
960 41.497009601894064 -104.09539508261955 -416.43314281488506 958 962 -1
961 -6.958789533254327 -163.1809461537966 -365.06135600218374 959 963 -1
962 41.6861854691373 -104.10292781215368 -416.5038215525752 960 964 -1
963 -7.006537721534463 -163.37372754473887 -365.0740443589325 961 965 -1
964 41.87622796416951 -104.10993900059478 -416.5721910995947 962 966 -1
965 -7.058011531973788 -163.56543793377065 -365.08829917704435 963 967 -1
966 42.067111603481656 -104.11630430077636 -416.63824120775143 964 968 -1
967 -7.113090533997684 -163.75602413816114 -365.1040763147977 965 969 -1
968 42.25881719967445 -104.12189145890893 -416.70193893330514 966 970 -1
969 -7.17166384986277 -163.94543658819228 -365.1213353063963 967 971 -1
970 42.45131797856882 -104.1265730405916 -416.76326737488097 968 972 -1
971 -7.233605192292506 -164.13363773365464 -365.14002876096913 969 973 -1
972 42.64459196013571 -104.13022681141629 -416.8221861080183 970 974 -1
973 -7.298812980151141 -164.32058751099285 -365.16011944303125 971 975 -1
974 42.83860345914498 -104.13297197840282 -416.878680924909 972 976 -1
975 -7.367168017270522 -164.5062586350391 -365.18156222810376 973 977 -1
976 43.03332856196712 -104.13511028244675 -416.93269226535483 974 978 -1
977 -7.438574163084645 -164.6906202511058 -365.2043215487819 975 979 -1
978 43.22872749591595 -104.13696593312014 -416.9842239139131 976 980 -1
979 -7.512923907848333 -164.87365168103688 -365.2283566118484 977 981 -1
980 43.4247856579303 -104.13886276112446 -417.0331857776339 978 982 -1
981 -7.590118133208066 -165.05533391213174 -365.25362991482876 979 983 -1
982 43.621456285912586 -104.14112272011576 -417.07961003910964 980 984 -1
983 -7.670062659546267 -165.2356505031449 -365.280105792605 981 985 -1
984 43.81872732179231 -104.14410044391903 -417.1233692877504 982 986 -1
985 -7.752666355761352 -165.41458811400065 -365.3077496146648 983 987 -1
986 44.01654456152508 -104.14811416359274 -417.16449951247915 984 988 -1
987 -7.83784116110621 -165.59213622004305 -365.33652780760247 985 989 -1
988 44.21487484301552 -104.15352911388149 -417.202907602003 986 990 -1
989 -7.925502085526189 -165.76828684321904 -365.3664078683583 987 991 -1
990 44.413664031623455 -104.16069846139477 -417.23855395946526 988 992 -1
991 -8.015567191538745 -165.94303430039975 -365.3973583693845 989 993 -1
992 44.612845452455694 -104.16995422719779 -417.2714210481501 990 994 -1
993 -8.107957560440207 -166.11637496877808 -365.42934895683453 991 995 -1
994 44.81235278777777 -104.18173483981361 -417.30137108003566 992 996 -1
995 -8.202597245366109 -166.28830706806872 -365.4623503427843 993 997 -1
996 45.01208550051 -104.19634373256568 -417.32842704078195 994 998 -1
997 -8.2994210968425 -166.45882518292453 -365.4963378692489 995 999 -1
998 45.21193706350571 -104.21416978387616 -417.3525123137382 996 1000 -1
999 -8.39835226296448 -166.62793472036677 -365.53128135118004 997 1001 -1
1000 45.41177562531015 -104.2356464105359 -417.3735237283478 998 1002 -1
1001 -8.499328210429637 -166.7956347330629 -365.56715684941315 999 1003 -1
1002 45.61144824340136 -104.26107691474039 -417.39146452186134 1000 1004 -1
1003 -8.602285215621023 -166.96192781933917 -365.60393967463915 1001 1005 -1
1004 45.81078276900509 -104.29081380407878 -417.4062710291193 1002 1006 -1
1005 -8.707163201484875 -167.1268167079208 -365.6416065927813 1003 1007 -1
1006 46.00961793019785 -104.32497397721674 -417.4179080865364 1004 1008 -1
1007 -8.813900661072209 -167.2903078522545 -365.68013349298155 1005 1009 -1
1008 46.2078318408216 -104.36338632405108 -417.4264757339123 1006 1010 -1
1009 -8.922449286925907 -167.45240006273943 -365.7195021868218 1007 1011 -1
1010 46.40530250019864 -104.40596165335317 -417.432016152007 1008 1012 -1
1011 -9.032749710740509 -167.61310295166473 -365.75968915810176 1009 1013 -1
1012 46.601898515182945 -104.45267115664532 -417.434527944448 1010 1014 -1
1013 -9.144751637582024 -167.77242134014716 -365.80067491869374 1011 1015 -1
1014 46.797534348952276 -104.50331143250209 -417.43413918593353 1012 1016 -1
1015 -9.258406785619949 -167.93036043161666 -365.84244075243487 1013 1017 -1
1016 46.99211699716554 -104.5577678088425 -417.4309148996011 1014 1018 -1
1017 -9.373668703701545 -168.0869258297019 -365.8849686387386 1015 1019 -1
1018 47.18553519945177 -104.61600161068806 -417.4248642000765 1016 1020 -1
1019 -9.490492705637275 -168.2421234725922 -365.92824123012076 1017 1021 -1
1020 47.377742246630866 -104.67779555368759 -417.4161314951972 1018 1022 -1
1021 -9.608835805177604 -168.39595957329652 -365.97224182971564 1019 1023 -1
1022 47.568668593306164 -104.74304042637388 -417.404782128374 1020 1024 -1
1023 -9.72865665193877 -168.54844056537422 -366.0169543689022 1021 1025 -1
1024 47.75823543228096 -104.81166306253907 -417.3908548992406 1022 1026 -1
1025 -9.849915468490007 -168.69957305373373 -366.0623633851427 1023 1027 -1
1026 47.94642706225885 -104.88345969726038 -417.3744900729973 1024 1028 -1
1027 -9.972573988775737 -168.8493637701154 -366.1084540001226 1025 1029 -1
1028 48.133181403448724 -104.95835747068915 -417.3557291344147 1026 1030 -1
1029 -10.096595398013827 -168.9978195328956 -366.15521189826154 1027 1031 -1
1030 48.31847447033921 -105.03621460591346 -417.33466791321405 1028 1032 -1
1031 -10.221944274179151 -169.14494721087098 -366.20262330565515 1029 1033 -1
1032 48.50229509145496 -105.11688616774354 -417.3114065595894 1030 1034 -1
1033 -10.34858697859731 -169.2907532240771 -366.25067519224297 1031 1035 -1
1034 48.684593950030255 -105.20031108294206 -417.28598068631834 1032 1036 -1
1035 -10.476494999401416 -169.43523984584715 -366.29935696009125 1033 1037 -1
1036 48.86540420023572 -105.28629581740401 -417.2585315714678 1034 1038 -1
1037 -10.605632493477414 -169.5784182336671 -366.3486542329465 1035 1039 -1
1038 49.04466735984084 -105.37481622392387 -417.2290677851859 1036 1040 -1
1039 -10.735970546874256 -169.72029348065854 -366.3985559620319 1037 1041 -1
1040 49.222436691631955 -105.46567676162964 -417.19773527203733 1038 1042 -1
1041 -10.867483549759816 -169.8608679998908 -366.44905267120987 1039 1043 -1
1042 49.398665061077054 -105.55885094393905 -417.16454621694567 1040 1044 -1
1043 -11.0 -170.0 -366.5 1041 -1 -1
1044 49.57341025590656 -105.65416413579251 -417.1296327205817 1042 1045 -1
1045 49.74662916148341 -105.75159619402609 -417.09300336273316 1044 1046 -1
1046 49.91838917246403 -105.85098149276223 -417.05478546998086 1045 1047 -1
1047 50.08865824283939 -105.95229563782735 -417.0149924796773 1046 1048 -1
1048 50.25749238958411 -106.05540623854502 -416.97372677936266 1047 1049 -1
1049 50.4248939694314 -106.16025566569661 -416.93103039895624 1048 1050 -1
1050 50.5908823893573 -106.2667699987129 -416.8869593924529 1049 1051 -1
1051 50.75550479782292 -106.3748489903103 -416.8415923551069 1050 1052 -1
1052 50.918745330170566 -106.48446838659461 -416.7949455009792 1051 1053 -1
1053 51.0806630649275 -106.59552438217004 -416.7471017097331 1052 1054 -1
1054 51.241285740771616 -106.70795297693648 -416.6981114184079 1053 1055 -1
1055 51.40060395544931 -106.8217314877901 -416.6479908718559 1054 1056 -1
1056 51.5586792133516 -106.93676351582677 -416.5968074316393 1055 1057 -1
1057 51.715529373209115 -107.05299072475513 -416.544565611511 1056 1058 -1
1058 51.87114290221194 -107.17038150912505 -416.4912383486151 1057 1059 -1
1059 52.02556254421176 -107.28885490552665 -416.4368455342823 1058 1060 -1
1060 52.17880971431991 -107.40835289408547 -416.3813883033144 1059 1061 -1
1061 52.33089271485922 -107.52883018363762 -416.32485525493183 1060 1062 -1
1062 52.48181894945276 -107.65024257379835 -416.2672331211232 1061 1063 -1
1063 52.63162537587631 -107.77252389164873 -416.20853635787313 1062 1064 -1
1064 52.78032885753172 -107.89562603099394 -416.148760493653 1063 1065 -1
1065 52.927940132459426 -108.0195061835472 -416.0878945296963 1064 1066 -1
1066 53.07446487958227 -108.1441251622517 -416.0259214863204 1065 1067 -1
1067 53.219937481705564 -108.26942561440752 -415.9628536432682 1066 1068 -1
1068 53.36437397816469 -108.39536406199261 -415.8986847519564 1067 1069 -1
1069 53.507790149407214 -108.52189797385206 -415.8334081321604 1068 1070 -1
1070 53.65019075534608 -108.64899127208813 -415.7670044952419 1069 1071 -1
1071 53.79159415164375 -108.77660057692056 -415.6994691772406 1070 1072 -1
1072 53.93202374383807 -108.90468119159591 -415.63080369625595 1071 1073 -1
1073 54.07149403518439 -109.03319381636432 -415.56099962423673 1072 1074 -1
1074 54.21001918634259 -109.16209977528074 -415.4900481087566 1073 1075 -1
1075 54.34761132870974 -109.29136153544519 -415.41793774569265 1074 1076 -1
1076 54.48427205114925 -109.42094500788455 -415.34464329917773 1075 1077 -1
1077 54.62002862205395 -109.55080768637406 -415.2701723404039 1076 1078 -1
1078 54.75489367564921 -109.68091285414005 -415.1945142975554 1077 1079 -1
1079 54.88887945567977 -109.81122412284275 -415.11765818282174 1078 1080 -1
1080 55.02199780801236 -109.94170537755092 -415.03959259466757 1079 1081 -1
1081 55.154260173704216 -110.07232072241928 -414.9603057203859 1080 1082 -1
1082 55.285666612515186 -110.20303526249774 -414.8797689633356 1081 1083 -1
1083 55.41623732789341 -110.33381170872781 -414.7979832517399 1082 1084 -1
1084 55.54598425921294 -110.46461430974026 -414.7149381346578 1083 1085 -1
1085 55.67491712380338 -110.59540752309265 -414.6306201448757 1084 1086 -1
1086 55.80304520379702 -110.72615575649044 -414.54501542262005 1085 1087 -1
1087 55.93037733990117 -110.85682331656139 -414.4581097212316 1086 1088 -1
1088 56.05692083297733 -110.98737414372737 -414.3698865493721 1087 1089 -1
1089 56.18267437987668 -111.11776979106969 -414.2803146934462 1088 1090 -1
1090 56.307655957755614 -111.24797552376157 -414.18939636338155 1089 1091 -1
1091 56.43187253934128 -111.37795471331586 -414.09711579238046 1090 1092 -1
1092 56.55533062153768 -111.5076703725366 -414.00345686924504 1091 1093 -1
1093 56.678036217291044 -111.63708510580139 -413.90840315072603 1092 1094 -1
1094 56.79999484698565 -111.76616105954893 -413.8119378754253 1093 1095 -1
1095 56.92120715002147 -111.89485740288433 -413.7140353924533 1094 1096 -1
1096 57.041674909847735 -112.02313281975808 -413.61467248608324 1095 1097 -1
1097 57.161409168911355 -112.15095135204788 -413.5138451592539 1096 1098 -1
1098 57.28041334576257 -112.27827276162607 -413.41153550653684 1097 1099 -1
1099 57.39869031483345 -112.40505610326494 -413.3077254038649 1098 1100 -1
1100 57.51624239438565 -112.53125967719753 -413.2023965355094 1099 1101 -1
1101 57.63307063581467 -112.65684061600699 -413.09552926292446 1100 1102 -1
1102 57.74918323741999 -112.78176314955284 -412.98712147697427 1101 1103 -1
1103 57.864609613557434 -112.90601171669431 -412.8772167625558 1102 1104 -1
1104 57.979370017490886 -113.02956268227123 -412.7658381076556 1103 1105 -1
1105 58.09348516920339 -113.1523926531438 -412.65300841564806 1104 1106 -1
1106 58.20697623595633 -113.274478461077 -412.53875049466654 1105 1107 -1
1107 58.31985717838455 -113.3957867690584 -412.42306886753113 1106 1108 -1
1108 58.43215487151089 -113.51629980381577 -412.3059967805172 1107 1109 -1
1109 58.54389516982216 -113.63599931828644 -412.18756470214856 1108 1110 -1
1110 58.655100884856516 -113.75486285091974 -412.06779499873994 1109 1111 -1
1111 58.76579518863726 -113.87286806838799 -411.9467099136713 1110 1112 -1
1112 58.87599533892533 -113.98998058610125 -411.8243144301682 1111 1113 -1
1113 58.98572894975274 -114.10618336824913 -411.70063943628037 1112 1114 -1
1114 59.09502352440635 -114.22146030651578 -411.57571558487723 1113 1115 -1
1115 59.20390356772286 -114.33578935700622 -411.44956464839106 1114 1116 -1
1116 59.312393784704526 -114.44914824457406 -411.3222079899019 1115 1117 -1
1117 59.420512055896545 -114.56149345151452 -411.19364252464214 1116 1118 -1
1118 59.52829198132592 -114.67282350672903 -411.06391524268645 1117 1119 -1
1119 59.635759202192254 -114.78311629886322 -410.9330475407786 1118 1120 -1
1120 59.74293960968653 -114.89234964897646 -410.80106074602344 1119 1121 -1
1121 59.849855659017656 -115.00048401812424 -410.6679592729321 1120 1122 -1
1122 59.95653657600997 -115.1075051173091 -410.5337738142048 1121 1123 -1
1123 60.06301087451697 -115.2133983135816 -410.3985335934546 1122 1124 -1
1124 60.16930538675655 -115.3181409128943 -410.26225981517484 1123 1125 -1
1125 60.27544522110912 -115.42169173879745 -410.1249585171325 1124 1126 -1
1126 60.38145939613649 -115.52403411645476 -409.98665774735633 1125 1127 -1
1127 60.48737672525789 -115.62515524156315 -409.8473878690159 1126 1128 -1
1128 60.593224847220505 -115.72503155928659 -409.7071702666664 1127 1129 -1
1129 60.69903126732628 -115.82361182232948 -409.5660071923693 1128 1130 -1
1130 60.804825431200385 -115.92089224990684 -409.42393617930503 1129 1131 -1
1131 60.91063567968898 -116.01685399356937 -409.2809830661259 1130 1132 -1
1132 61.016490810253565 -116.11146316797353 -409.13716420126997 1131 1133 -1
1133 61.12242115975567 -116.20467518342734 -408.99249096864656 1132 1134 -1
1134 61.22845439466821 -116.2964915795485 -408.8470030118015 1133 1135 -1
1135 61.33461923166665 -116.38688654503852 -408.7007230187646 1134 1136 -1
1136 61.440949108864324 -116.47579772470097 -408.5536556378932 1135 1137 -1
1137 61.54747048452887 -116.56322752141237 -408.40584069580706 1136 1138 -1
1138 61.65421177885168 -116.6491542348367 -408.2573047367897 1137 1139 -1
1139 61.76120752097809 -116.7335197937985 -408.10805864257685 1138 1140 -1
1140 61.86848548186569 -116.81631006158766 -407.9581345825674 1139 1141 -1
1141 61.97607238973528 -116.89751163600326 -407.80756441858676 1140 1142 -1
1142 62.084004441210034 -116.97706423905977 -407.6563623520235 1141 1143 -1
1143 62.19230941499786 -117.05494953145973 -407.5045601667549 1142 1144 -1
1144 62.301011522943334 -117.13116081389832 -407.3521932135186 1143 1145 -1
1145 62.4101374179488 -117.20568439314937 -407.19929522317454 1144 1146 -1
1146 62.51969150758071 -117.27860321866856 -407.0459303742136 1145 1147 -1
1147 62.62968053758652 -117.34999269813996 -406.89215774232434 1146 1148 -1
1148 62.74012948905891 -117.41987301043984 -406.7380218964252 1147 1149 -1
1149 62.85103810413692 -117.48835174491897 -406.58358733192546 1148 1150 -1
1150 62.96242117494309 -117.55548983083497 -406.42890569643026 1149 1151 -1
1151 63.07430163633696 -117.62133299270975 -406.27402646210726 1150 1152 -1
1152 63.1866807787201 -117.68598492319057 -406.1190064522004 1151 1153 -1
1153 63.29958184095749 -117.74949755885925 -405.96389468791017 1152 1154 -1
1154 63.41301927350053 -117.81194681719145 -405.808742457729 1153 1155 -1
1155 63.52699978964649 -117.8734224658209 -405.65359936960806 1154 1156 -1
1156 63.64155471117453 -117.93397377531468 -405.4985158084916 1155 1157 -1
1157 63.75668700531157 -117.99369740600152 -405.34353887889756 1156 1158 -1
1158 63.87241272673953 -118.05266792949868 -405.1887155851709 1157 1159 -1
1159 63.98876136368014 -118.11094720799618 -405.0340975264436 1158 1160 -1
1160 64.10573219463897 -118.16863002116034 -404.8797254343203 1159 1161 -1
1161 64.22335052149562 -118.22578409235012 -404.725648924093 1160 1162 -1
1162 64.34163413611633 -118.28248589585073 -404.57191499067164 1161 1163 -1
1163 64.46058683002897 -118.33881894314813 -404.4185622078988 1162 1164 -1
1164 64.58023915024299 -118.3948523832765 -404.2656445613198 1163 1165 -1
1165 64.70059714853882 -118.45066668899533 -404.1132013232902 1164 1166 -1
1166 64.82166820269778 -118.50633814358365 -403.96127135689335 1165 1167 -1
1167 64.94348595739834 -118.56193977285378 -403.80991378751986 1166 1168 -1
1168 65.06604643202337 -118.61754794725833 -403.6591594533172 1167 1169 -1
1169 65.1893588217406 -118.67323472874048 -403.5090486782547 1168 1170 -1
1170 65.31345661564947 -118.72907741268601 -403.3596447597581 1169 1171 -1
1171 65.4383295977608 -118.78514408968192 -403.2109724830565 1170 1172 -1
1172 65.56398602337993 -118.84150379133452 -403.0630731100922 1171 1173 -1
1173 65.69045479899907 -118.89823569337193 -402.91601085838744 1172 1174 -1
1174 65.81772558613528 -118.9554006871722 -402.76981081841177 1173 1175 -1
1175 65.94580187088457 -119.0130634251808 -402.62451247594413 1174 1176 -1
1176 66.07470241865171 -119.07129910780522 -402.4801747551527 1175 1177 -1
1177 66.20442524507062 -119.13016906191682 -402.3368345469264 1176 1178 -1
1178 66.33496418007255 -119.1897289956089 -402.19452404219925 1177 1179 -1
1179 66.46632135661065 -119.25004018426914 -402.0532868765003 1178 1180 -1
1180 66.59851376886496 -119.31117982679332 -401.91318985059627 1179 1181 -1
1181 66.73151980015065 -119.37318628424794 -401.7742487892589 1180 1182 -1
1182 66.86533573999081 -119.43611399788658 -401.6365048030443 1181 1183 -1
1183 67.0 -119.5 -401.5 1182 -1 -1
