0 60.5 -146.0 1137.0 -1 1 -1
1 60.0 -145.5 1136.5 0 2 -1
2 60.0 -145.0 1136.0 1 3 -1
3 59.5 -145.0 1135.5 2 4 -1
4 59.0 -145.5 1135.0 3 5 -1
5 58.5 -145.5 1134.5 4 6 -1
6 58.0 -145.5 1134.0 5 7 -1
7 57.5 -145.5 1133.5 6 8 -1
8 57.0 -145.5 1133.0 7 9 -1
9 56.5 -145.5 1132.5 8 10 -1
10 56.0 -145.5 1132.0 9 11 -1
11 55.5 -145.5 1131.5 10 12 -1
12 55.0 -145.0 1131.5 11 13 -1
13 54.5 -144.5 1131.0 12 14 -1
14 54.0 -144.5 1130.5 13 15 -1
15 53.5 -144.0 1130.5 14 16 -1
16 53.0 -144.0 1130.0 15 17 -1
17 52.5 -143.5 1130.0 16 18 -1
18 52.0 -143.5 1129.5 17 19 -1
19 51.5 -143.0 1129.5 18 20 -1
20 51.0 -142.5 1129.5 19 21 -1
21 50.5 -142.5 1129.5 20 22 -1
22 50.0 -142.0 1129.0 21 23 -1
23 49.5 -141.5 1129.0 22 24 -1
24 49.0 -141.5 1128.5 23 25 -1
25 48.5 -141.0 1128.5 24 26 -1
26 48.0 -140.5 1128.5 25 27 -1
27 47.5 -140.0 1128.5 26 28 -1
28 47.0 -139.5 1128.0 27 29 -1
29 46.5 -139.0 1128.0 28 30 -1
30 46.0 -139.0 1128.0 29 31 -1
31 45.5 -138.5 1128.0 30 32 -1
32 45.0 -138.0 1128.0 31 33 -1
33 44.5 -137.5 1128.0 32 34 -1
34 44.0 -137.0 1128.0 33 35 -1
35 43.5 -136.5 1128.0 34 36 -1
36 43.0 -136.0 1128.0 35 37 -1
37 42.5 -135.5 1128.0 36 38 -1
38 42.5 -135.0 1128.5 37 39 -1
39 42.0 -134.5 1128.5 38 40 -1
40 42.0 -134.0 1128.5 39 41 -1
41 42.0 -133.5 1129.0 40 42 -1
42 41.5 -133.0 1129.0 41 43 -1
43 41.5 -132.5 1129.5 42 44 -1
44 41.0 -132.0 1129.5 43 45 -1
45 41.0 -131.5 1130.0 44 46 -1
46 40.5 -131.0 1130.5 45 47 -1
47 40.0 -130.5 1130.5 46 48 -1
48 40.0 -130.0 1131.0 47 49 -1
49 39.5 -129.5 1131.5 48 50 -1
50 39.5 -129.0 1132.0 49 51 -1
51 39.0 -128.5 1132.5 50 52 -1
52 38.5 -128.0 1133.0 51 53 -1
53 38.0 -127.5 1133.5 52 54 -1
54 38.0 -127.0 1134.0 53 55 -1
55 37.5 -126.5 1134.5 54 56 -1
56 38.0 -126.0 1135.0 55 57 -1
57 37.5 -125.5 1135.5 56 58 -1
58 37.0 -125.5 1136.0 57 59 -1
59 37.0 -125.0 1136.5 58 60 -1
60 37.5 -124.5 1137.0 59 61 -1
61 37.0 -124.5 1137.5 60 62 -1
62 36.5 -124.5 1138.0 61 63 -1
63 37.0 -124.0 1138.5 62 64 -1
64 36.5 -124.0 1139.0 63 65 -1
65 37.0 -123.5 1139.5 64 66 -1
66 36.5 -123.5 1140.0 65 67 -1
67 37.0 -123.0 1140.5 66 68 -1
68 37.0 -122.5 1141.0 67 69 -1
69 36.5 -122.5 1141.5 68 70 -1
70 36.5 -122.5 1142.0 69 71 -1
71 36.0 -122.5 1142.5 70 72 -1
72 36.0 -122.5 1143.0 71 73 -1
73 36.5 -122.0 1143.5 72 74 -1
74 36.0 -122.0 1144.0 73 75 -1
75 36.0 -122.0 1144.5 74 76 -1
76 35.5 -122.0 1145.0 75 77 -1
77 35.5 -122.0 1145.5 76 78 -1
78 35.5 -122.0 1146.0 77 79 -1
79 35.5 -122.0 1146.5 78 80 -1
80 35.0 -122.0 1147.0 79 81 -1
81 35.0 -122.0 1147.5 80 82 -1
82 35.0 -122.0 1148.0 81 83 -1
83 35.0 -122.0 1148.5 82 84 -1
84 34.5 -122.0 1149.0 83 85 -1
85 34.5 -122.0 1149.5 84 86 -1
86 34.0 -122.0 1150.0 85 87 -1
87 34.0 -122.0 1150.5 86 88 -1
88 34.0 -122.0 1151.0 87 89 -1
89 34.0 -122.5 1151.5 88 90 -1
90 34.0 -122.5 1152.0 89 91 -1
91 33.5 -122.5 1152.5 90 92 -1
92 33.5 -123.0 1153.0 91 93 -1
93 33.0 -123.0 1153.5 92 94 -1
94 33.0 -123.5 1154.0 93 95 -1
95 32.5 -123.5 1154.5 94 96 -1
96 32.0 -123.5 1155.0 95 97 -1
97 32.0 -124.0 1155.5 96 98 -1
98 31.5 -124.0 1156.0 97 99 -1
99 31.0 -124.5 1156.5 98 100 -1
100 31.0 -125.0 1157.0 99 101 -1
101 30.5 -125.0 1157.5 100 102 -1
102 30.0 -125.5 1158.0 101 103 -1
103 29.5 -126.0 1158.5 102 104 -1
104 29.0 -126.0 1158.5 103 105 -1
105 28.5 -126.5 1159.0 104 106 -1
106 28.0 -127.0 1159.5 105 107 -1
107 27.5 -127.5 1160.0 106 108 -1
108 27.0 -128.0 1160.5 107 109 -1
109 26.5 -128.5 1161.0 108 110 -1
110 26.0 -129.0 1161.0 109 111 -1
111 25.5 -129.5 1161.5 110 112 -1
112 25.0 -130.0 1161.5 111 113 -1
113 24.5 -130.5 1162.0 112 114 -1
114 24.0 -131.0 1162.0 113 115 -1
115 23.5 -131.5 1162.0 114 116 -1
116 23.0 -132.0 1162.0 115 117 -1
117 22.5 -132.5 1162.0 116 118 -1
118 22.0 -133.0 1162.0 117 119 -1
119 22.0 -133.5 1162.0 118 120 -1
120 22.0 -134.0 1162.5 119 121 -1
121 21.5 -134.5 1162.0 120 122 -1
122 21.0 -135.0 1162.0 121 123 -1
123 20.5 -135.5 1162.0 122 124 -1
124 20.5 -136.0 1162.0 123 125 -1
125 20.0 -136.5 1162.0 124 126 -1
126 19.5 -137.0 1161.5 125 127 -1
127 19.0 -137.0 1161.0 126 128 -1
128 18.5 -137.5 1161.0 127 129 -1
129 18.0 -138.0 1160.5 128 130 -1
130 17.5 -138.5 1160.5 129 131 -1
131 17.0 -139.0 1160.0 130 132 -1
132 16.5 -139.5 1160.0 131 133 -1
133 16.0 -140.0 1160.0 132 134 -1
134 15.5 -140.5 1159.5 133 135 -1
135 15.0 -140.5 1159.5 134 136 -1
136 14.5 -141.0 1159.0 135 137 -1
137 14.0 -141.5 1158.5 136 138 -1
138 13.5 -142.0 1158.0 137 139 -1
139 13.0 -142.5 1157.5 138 140 -1
140 12.5 -143.0 1157.0 139 141 -1
141 12.0 -143.5 1156.5 140 142 -1
142 11.5 -144.0 1156.0 141 143 -1
143 11.0 -144.5 1155.5 142 144 -1
144 10.5 -145.0 1155.0 143 145 -1
145 10.5 -145.5 1154.5 144 146 -1
146 10.0 -145.5 1154.0 145 147 -1
147 9.5 -145.5 1153.5 146 148 -1
148 9.0 -146.0 1153.0 147 149 -1
149 8.5 -146.0 1152.5 148 150 -1
150 8.5 -146.5 1151.5 149 151 -1
151 8.0 -146.5 1151.0 150 152 -1
152 8.0 -147.0 1150.5 151 153 -1
153 7.5 -147.5 1150.0 152 154 -1
154 7.5 -148.0 1149.5 153 155 -1
155 7.0 -148.0 1149.0 154 156 -1
156 7.0 -148.5 1148.5 155 157 -1
157 6.5 -148.5 1148.0 156 158 -1
158 6.5 -149.0 1147.5 157 159 -1
159 6.0 -149.0 1147.0 158 160 -1
160 6.0 -149.5 1146.5 159 161 -1
161 6.0 -150.0 1146.0 160 162 -1
162 5.5 -150.0 1145.5 161 163 -1
163 5.0 -150.0 1145.0 162 164 -1
164 4.5 -150.5 1144.5 163 165 -1
165 4.0 -150.5 1144.0 164 166 -1
166 3.5 -151.0 1143.5 165 167 -1
167 3.0 -151.0 1143.0 166 168 -1
168 2.5 -151.5 1142.5 167 169 -1
169 2.0 -152.0 1142.0 168 170 -1
170 1.5 -152.0 1141.5 169 171 -1
171 1.0 -152.0 1141.5 170 172 -1
172 0.5 -152.5 1141.0 171 173 -1
173 0.0 -153.0 1140.5 172 174 -1
174 -0.5 -153.0 1140.0 173 175 -1
175 -1.0 -153.5 1139.5 174 176 -1
176 -1.5 -153.5 1139.0 175 177 -1
177 -2.0 -154.0 1138.5 176 178 -1
178 -2.5 -154.0 1138.0 177 179 -1
179 -3.0 -154.0 1137.5 178 180 -1
180 -3.5 -154.0 1137.0 179 181 -1
181 -4.0 -154.5 1137.0 180 182 -1
182 -4.5 -154.5 1136.5 181 183 -1
183 -5.0 -154.5 1136.0 182 184 -1
184 -5.5 -154.5 1135.5 183 185 -1
185 -6.0 -154.5 1135.0 184 186 -1
186 -6.5 -154.5 1134.5 185 187 -1
187 -7.0 -154.5 1134.5 186 188 -1
188 -7.5 -154.5 1134.0 187 189 -1
189 -8.0 -154.5 1134.0 188 190 -1
190 -8.5 -154.5 1133.5 189 191 -1
191 -9.0 -154.5 1133.5 190 192 -1
192 -9.5 -154.5 1133.5 191 193 -1
193 -10.0 -154.5 1133.0 192 194 -1
194 -10.5 -154.5 1132.5 193 195 -1
195 -11.0 -154.5 1132.5 194 196 -1
196 -11.5 -154.5 1132.5 195 197 -1
197 -12.0 -154.5 1132.5 196 198 -1
198 -12.5 -154.5 1132.5 197 199 -1
199 -13.0 -154.5 1132.0 198 200 -1
200 -13.5 -154.5 1132.0 199 201 -1
201 -14.0 -154.0 1132.0 200 202 -1
202 -14.5 -154.0 1132.0 201 203 -1
203 -15.0 -154.5 1131.5 202 204 -1
204 -15.5 -154.0 1131.5 203 205 -1
205 -16.0 -154.0 1131.5 204 206 -1
206 -16.5 -154.0 1131.5 205 207 -1
207 -17.0 -154.0 1131.5 206 208 -1
208 -17.5 -154.0 1131.5 207 209 -1
209 -18.0 -154.0 1131.0 208 210 -1
210 -18.5 -154.0 1131.0 209 211 -1
211 -19.0 -154.0 1131.0 210 212 -1
212 -19.5 -154.0 1131.0 211 213 -1
213 -20.0 -153.5 1131.0 212 214 -1
214 -20.5 -153.5 1131.5 213 215 -1
215 -21.0 -153.5 1131.5 214 216 -1
216 -21.5 -153.5 1131.5 215 217 -1
217 -22.0 -153.5 1131.5 216 218 -1
218 -22.5 -153.0 1131.5 217 219 -1
219 -23.0 -153.0 1131.5 218 220 -1
220 -23.5 -153.0 1131.5 219 221 -1
221 -24.0 -153.0 1131.5 220 222 -1
222 -24.5 -153.0 1131.5 221 223 -1
223 -25.0 -152.5 1132.0 222 224 -1
224 -25.5 -152.5 1131.5 223 225 -1
225 -26.0 -152.5 1131.5 224 226 -1
226 -26.5 -152.5 1131.5 225 227 -1
227 -27.0 -152.0 1132.0 226 228 -1
228 -27.5 -152.0 1132.0 227 229 -1
229 -28.0 -151.5 1132.0 228 230 -1
230 -28.5 -152.0 1132.0 229 231 -1
231 -29.0 -152.0 1131.5 230 232 -1
232 -29.5 -152.0 1131.5 231 233 234
233 -30.0 -152.5 1131.0 232 235 -1
234 -30.0 -151.5 1132.0 232 236 -1
235 -29.5 -152.5 1130.5 233 237 -1
236 -30.5 -151.0 1132.5 234 238 -1
237 -29.5 -153.0 1130.0 235 239 -1
238 -30.5 -150.5 1133.0 236 240 -1
239 -29.5 -153.0 1129.5 237 241 -1
240 -30.5 -150.5 1133.5 238 242 -1
241 -30.0 -153.5 1129.0 239 243 -1
242 -31.0 -150.0 1134.0 240 244 -1
243 -29.5 -153.5 1128.5 241 245 -1
244 -31.5 -149.5 1134.5 242 246 -1
245 -29.5 -153.5 1128.0 243 247 -1
246 -32.0 -149.0 1135.0 244 248 -1
247 -29.5 -153.5 1127.5 245 249 -1
248 -32.0 -148.5 1135.5 246 250 -1
249 -30.0 -154.0 1127.0 247 251 -1
250 -32.5 -148.5 1136.0 248 252 -1
251 -30.0 -154.0 1126.5 249 253 -1
252 -33.0 -148.0 1136.5 250 254 -1
253 -30.0 -154.5 1126.0 251 255 -1
254 -33.0 -148.0 1137.0 252 256 -1
255 -30.0 -154.5 1125.5 253 257 -1
256 -33.5 -147.5 1137.5 254 258 -1
257 -30.0 -154.5 1125.0 255 259 -1
258 -34.0 -147.0 1138.0 256 260 -1
259 -30.0 -155.0 1124.5 257 261 -1
260 -34.5 -147.0 1138.5 258 262 -1
261 -30.5 -155.0 1124.0 259 263 -1
262 -35.0 -146.5 1139.0 260 264 -1
263 -30.0 -155.5 1123.5 261 265 -1
264 -35.5 -146.5 1139.5 262 266 -1
265 -30.5 -155.0 1123.0 263 267 -1
266 -36.0 -146.0 1140.0 264 268 -1
267 -30.5 -155.0 1122.5 265 269 -1
268 -36.5 -146.0 1140.5 266 270 -1
269 -30.5 -155.5 1122.0 267 271 -1
270 -36.5 -146.0 1141.0 268 272 -1
271 -30.5 -155.5 1121.5 269 273 -1
272 -37.0 -145.5 1141.5 270 274 -1
273 -30.5 -155.5 1121.0 271 275 -1
274 -37.5 -145.5 1142.0 272 276 -1
275 -30.5 -156.0 1120.5 273 277 -1
276 -38.0 -145.5 1142.0 274 278 -1
277 -31.0 -155.5 1120.0 275 279 -1
278 -38.5 -145.5 1142.5 276 280 -1
279 -31.0 -156.0 1119.5 277 281 -1
280 -38.5 -145.0 1143.0 278 282 -1
281 -31.0 -156.0 1119.0 279 283 -1
282 -39.0 -144.5 1143.5 280 284 -1
283 -31.5 -156.0 1118.5 281 285 -1
284 -39.5 -144.5 1144.0 282 286 -1
285 -31.5 -156.0 1118.0 283 287 -1
286 -39.5 -144.0 1144.5 284 288 -1
287 -32.0 -156.0 1117.5 285 289 -1
288 -40.0 -144.0 1145.0 286 290 -1
289 -31.5 -156.5 1117.0 287 291 -1
290 -40.5 -143.5 1145.5 288 292 -1
291 -32.0 -156.5 1116.5 289 293 -1
292 -41.0 -143.5 1146.0 290 294 -1
293 -32.0 -156.5 1116.0 291 295 -1
294 -41.5 -143.0 1146.5 292 296 -1
295 -32.5 -156.5 1115.5 293 297 -1
296 -42.0 -143.0 1147.0 294 298 -1
297 -32.5 -156.5 1115.0 295 299 -1
298 -42.5 -143.0 1147.5 296 300 -1
299 -32.5 -157.0 1114.5 297 301 -1
300 -43.0 -143.0 1148.0 298 302 -1
301 -33.0 -156.5 1114.0 299 303 -1
302 -43.5 -143.0 1148.5 300 304 -1
303 -33.5 -156.5 1113.5 301 305 -1
304 -44.0 -143.0 1149.0 302 306 -1
305 -33.5 -156.5 1113.0 303 307 -1
306 -44.5 -142.5 1149.5 304 308 -1
307 -33.5 -156.5 1112.5 305 309 -1
308 -45.0 -142.5 1149.5 306 310 -1
309 -34.0 -156.5 1112.0 307 311 -1
310 -45.5 -143.0 1150.0 308 312 -1
311 -34.0 -156.0 1111.5 309 313 -1
312 -45.5 -143.0 1150.5 310 314 -1
313 -34.0 -156.5 1111.0 311 315 -1
314 -45.5 -142.5 1151.0 312 316 -1
315 -34.5 -156.5 1110.5 313 317 -1
316 -46.0 -142.5 1151.5 314 318 -1
317 -34.5 -156.5 1110.0 315 319 -1
318 -46.5 -142.5 1152.0 316 320 -1
319 -35.0 -156.0 1109.5 317 321 -1
320 -47.0 -142.5 1152.5 318 322 -1
321 -35.0 -156.5 1109.0 319 323 -1
322 -47.5 -142.5 1153.0 320 324 -1
323 -35.5 -156.5 1108.5 321 325 -1
324 -47.5 -142.5 1153.5 322 326 -1
325 -35.5 -156.0 1108.0 323 327 -1
326 -48.0 -142.5 1154.0 324 328 -1
327 -35.5 -156.0 1107.5 325 329 -1
328 -48.5 -142.5 1154.0 326 330 -1
329 -35.5 -156.0 1107.0 327 331 -1
330 -49.0 -142.5 1154.5 328 332 -1
331 -35.5 -156.0 1106.5 329 333 -1
332 -49.5 -142.5 1155.0 330 334 -1
333 -35.5 -156.0 1106.0 331 335 -1
334 -50.0 -142.5 1155.5 332 336 -1
335 -35.0 -156.0 1105.5 333 337 -1
336 -50.5 -142.0 1156.0 334 338 -1
337 -35.0 -155.5 1105.0 335 339 -1
338 -51.0 -141.5 1156.5 336 340 -1
339 -35.0 -155.5 1104.5 337 341 -1
340 -51.5 -141.5 1157.0 338 342 -1
341 -35.0 -155.5 1104.0 339 343 -1
342 -51.5 -141.5 1157.5 340 344 -1
343 -35.0 -155.5 1103.5 341 345 -1
344 -52.0 -141.0 1158.0 342 346 -1
345 -35.0 -155.5 1103.0 343 347 -1
346 -52.5 -140.5 1158.5 344 348 -1
347 -35.0 -155.5 1102.5 345 349 -1
348 -53.0 -140.0 1158.5 346 350 -1
349 -35.0 -155.5 1102.0 347 351 -1
350 -53.5 -140.0 1159.0 348 352 -1
351 -35.0 -155.5 1101.5 349 353 -1
352 -54.0 -139.5 1159.5 350 354 -1
353 -35.0 -155.5 1101.0 351 355 -1
354 -53.5 -139.5 1160.0 352 356 -1
355 -35.0 -155.5 1100.5 353 357 -1
356 -54.0 -139.0 1160.5 354 358 -1
357 -35.0 -155.0 1100.0 355 359 -1
358 -54.0 -139.0 1161.0 356 360 -1
359 -35.0 -155.0 1099.5 357 361 -1
360 -54.5 -138.5 1161.5 358 362 -1
361 -35.0 -155.0 1099.0 359 363 -1
362 -55.0 -138.5 1162.0 360 364 -1
363 -35.0 -155.0 1098.5 361 365 -1
364 -55.5 -138.5 1162.5 362 366 -1
365 -34.5 -155.0 1098.0 363 367 -1
366 -55.5 -138.0 1163.0 364 368 -1
367 -34.5 -154.5 1097.5 365 369 -1
368 -56.0 -138.0 1163.5 366 370 -1
369 -34.5 -154.5 1097.0 367 371 -1
370 -56.5 -137.5 1164.0 368 372 -1
371 -34.5 -154.5 1096.5 369 373 -1
372 -56.5 -137.5 1164.5 370 374 -1
373 -34.0 -154.5 1096.0 371 375 -1
374 -57.0 -137.0 1165.0 372 376 -1
375 -34.0 -154.5 1095.5 373 377 -1
376 -57.0 -137.0 1165.5 374 378 -1
377 -34.0 -154.0 1095.0 375 379 -1
378 -57.0 -136.5 1166.0 376 380 -1
379 -34.0 -154.0 1094.5 377 381 -1
380 -57.5 -136.5 1166.5 378 382 -1
381 -33.5 -154.0 1094.0 379 -1 -1
382 -58.0 -136.5 1167.0 380 383 -1
383 -58.5 -136.5 1167.5 382 384 -1
384 -59.0 -136.5 1168.0 383 385 -1
385 -59.0 -136.5 1168.5 384 386 -1
386 -59.0 -136.5 1169.0 385 387 -1
387 -59.5 -136.5 1169.5 386 388 -1
388 -59.5 -136.5 1170.0 387 389 -1
389 -60.0 -136.5 1170.5 388 390 -1
390 -60.0 -136.5 1171.0 389 391 -1
391 -60.5 -137.0 1171.5 390 392 -1
392 -61.0 -137.5 1172.0 391 393 -1
393 -61.0 -137.5 1172.5 392 394 -1
394 -61.0 -137.5 1173.0 393 395 -1
395 -61.5 -137.5 1173.5 394 396 -1
396 -61.5 -137.5 1174.0 395 397 -1
397 -62.0 -137.0 1174.5 396 398 -1
398 -62.0 -137.0 1175.0 397 399 -1
399 -62.5 -137.0 1175.5 398 400 -1
400 -63.0 -136.5 1176.0 399 401 -1
401 -64.0 -135.5 1178.0 400 402 403
402 -64.0 -135.5 1178.5 401 405 -1
403 -64.0 -135.0 1177.5 401 406 -1
404 -63.0 -137.5 1176.5 401 407 -1
405 -64.5 -135.5 1179.0 402 408 -1
406 -64.0 -134.5 1177.5 403 409 -1
407 -63.0 -138.0 1177.0 404 410 -1
408 -64.5 -136.0 1179.5 405 411 -1
409 -64.0 -134.0 1177.5 406 412 -1
410 -62.5 -138.5 1176.5 407 413 -1
411 -64.5 -136.0 1180.0 408 414 -1
412 -64.5 -133.5 1178.0 409 415 -1
413 -62.5 -139.0 1177.0 410 416 -1
414 -64.5 -136.0 1180.5 411 417 -1
415 -65.0 -133.0 1178.0 412 418 -1
416 -63.0 -139.5 1177.5 413 419 -1
417 -64.5 -136.0 1181.0 414 420 -1
418 -65.5 -132.5 1178.0 415 421 -1
419 -63.0 -140.0 1178.0 416 422 -1
420 -65.0 -136.5 1181.5 417 423 -1
421 -65.5 -132.0 1178.0 418 424 -1
422 -63.0 -140.5 1178.5 419 425 -1
423 -65.0 -137.0 1182.0 420 -1 -1
424 -66.0 -131.5 1178.5 421 426 -1
425 -63.0 -141.0 1179.0 422 427 -1
426 -66.0 -131.0 1178.5 424 428 -1
427 -63.0 -141.5 1179.0 425 429 -1
428 -66.0 -130.5 1178.5 426 430 -1
429 -63.0 -142.0 1179.0 427 431 -1
430 -66.0 -130.0 1178.5 428 432 -1
431 -63.0 -142.5 1179.0 429 433 -1
432 -66.5 -129.5 1179.0 430 434 -1
433 -62.5 -143.0 1179.5 431 435 -1
434 -66.5 -129.0 1179.0 432 436 -1
435 -62.5 -143.5 1180.0 433 437 -1
436 -66.5 -128.5 1179.0 434 438 -1
437 -62.0 -144.0 1180.0 435 439 -1
438 -66.5 -128.0 1179.0 436 440 -1
439 -62.0 -144.5 1180.5 437 441 -1
440 -67.0 -127.5 1179.5 438 442 -1
441 -61.5 -145.0 1181.0 439 443 -1
442 -67.5 -127.5 1180.0 440 444 -1
443 -61.0 -145.5 1181.5 441 445 -1
444 -68.0 -127.0 1180.5 442 -1 -1
445 -61.0 -146.0 1182.0 443 446 -1
446 -61.0 -146.5 1182.5 445 447 -1
447 -60.5 -146.5 1183.0 446 448 -1
448 -60.5 -147.0 1183.5 447 449 -1
449 -60.5 -147.5 1184.0 448 450 -1
450 -60.5 -147.5 1184.5 449 451 -1
451 -60.5 -148.0 1185.0 450 452 -1
452 -60.0 -148.0 1185.5 451 453 -1
453 -60.0 -148.5 1186.0 452 454 -1
454 -59.5 -148.5 1186.5 453 455 -1
455 -59.5 -149.0 1187.0 454 456 -1
456 -59.5 -149.0 1187.5 455 457 -1
457 -59.5 -149.5 1188.0 456 458 -1
458 -59.0 -149.5 1188.5 457 459 -1
459 -59.0 -150.0 1189.0 458 460 -1
460 -58.5 -150.0 1189.5 459 461 -1
461 -58.5 -150.5 1190.0 460 462 -1
462 -58.5 -150.5 1190.5 461 463 -1
463 -58.5 -151.0 1191.0 462 464 -1
464 -58.0 -151.0 1191.5 463 465 -1
465 -57.5 -151.0 1192.0 464 466 -1
466 -57.0 -151.0 1192.5 465 467 -1
467 -57.5 -151.5 1193.0 466 468 -1
468 -57.0 -151.5 1193.5 467 469 -1
469 -57.0 -151.5 1194.0 468 470 -1
470 -56.5 -151.5 1194.5 469 471 -1
471 -56.5 -151.5 1195.0 470 472 -1
472 -56.5 -151.5 1195.5 471 473 -1
473 -56.5 -151.5 1196.0 472 474 -1
474 -56.5 -151.5 1196.5 473 475 -1
475 -56.5 -151.5 1197.0 474 476 -1
476 -56.5 -151.5 1197.5 475 477 -1
477 -56.5 -151.5 1198.0 476 478 -1
478 -56.0 -151.5 1198.5 477 479 -1
479 -56.0 -151.5 1199.0 478 480 -1
480 -55.5 -151.5 1199.5 479 481 -1
481 -55.5 -151.5 1200.0 480 482 -1
482 -55.0 -151.5 1200.5 481 483 -1
483 -55.5 -151.0 1201.0 482 484 -1
484 -55.0 -151.0 1201.5 483 485 -1
485 -55.0 -151.0 1202.0 484 486 -1
486 -55.0 -150.5 1202.5 485 487 -1
487 -55.0 -150.5 1203.0 486 488 -1
488 -54.5 -150.5 1203.5 487 489 -1
489 -54.5 -150.0 1204.0 488 490 -1
490 -54.0 -150.0 1204.5 489 491 -1
491 -54.5 -149.5 1205.0 490 492 -1
492 -54.5 -149.0 1205.5 491 493 -1
493 -54.0 -149.5 1206.0 492 494 -1
494 -54.0 -149.0 1206.5 493 495 -1
495 -53.5 -149.0 1207.0 494 496 -1
496 -53.5 -148.5 1207.5 495 497 -1
497 -53.5 -148.0 1208.0 496 498 -1
498 -53.0 -148.0 1208.5 497 499 -1
499 -52.5 -148.0 1209.0 498 500 -1
500 -52.0 -147.5 1209.5 499 501 -1
501 -52.0 -147.0 1210.0 500 502 -1
502 -51.5 -147.0 1210.5 501 503 -1
503 -51.5 -146.5 1211.0 502 504 -1
504 -51.5 -146.0 1211.5 503 505 -1
505 -51.0 -145.5 1212.0 504 506 -1
506 -50.5 -145.5 1212.5 505 507 -1
507 -50.0 -145.5 1212.5 506 508 -1
508 -49.5 -145.5 1213.0 507 509 -1
509 -49.5 -145.0 1213.5 508 510 -1
510 -49.0 -145.0 1214.0 509 511 -1
511 -48.5 -144.5 1214.5 510 512 -1
512 -48.0 -144.0 1215.0 511 513 -1
513 -47.5 -144.0 1215.5 512 514 -1
514 -47.0 -144.0 1215.5 513 515 -1
515 -46.5 -144.0 1216.0 514 516 -1
516 -46.0 -143.5 1216.5 515 517 -1
517 -45.5 -143.5 1217.0 516 518 -1
518 -45.0 -143.5 1217.5 517 519 -1
519 -44.5 -143.0 1217.5 518 520 -1
520 -44.0 -143.0 1218.0 519 521 -1
521 -43.5 -143.0 1218.5 520 522 -1
522 -43.0 -142.5 1218.5 521 523 -1
523 -42.5 -142.5 1219.0 522 524 -1
524 -42.0 -142.0 1219.5 523 525 -1
525 -41.5 -142.0 1219.5 524 526 -1
526 -41.0 -142.0 1220.0 525 527 -1
527 -40.5 -142.0 1220.5 526 528 -1
528 -40.0 -142.0 1221.0 527 529 -1
529 -39.5 -141.5 1221.5 528 530 -1
530 -39.0 -141.5 1222.0 529 531 -1
531 -38.5 -141.5 1222.0 530 532 -1
532 -38.0 -141.5 1222.5 531 533 -1
533 -37.5 -141.5 1223.0 532 534 -1
534 -37.0 -141.0 1223.5 533 535 -1
535 -36.5 -141.0 1224.0 534 536 -1
536 -36.0 -141.0 1224.5 535 537 -1
537 -35.5 -141.0 1225.0 536 538 -1
538 -35.0 -141.0 1225.0 537 -1 -1
