0 -21.5 -173.5 611.0 -1 1 -1
1 -21.0 -173.5 611.5 0 2 -1
2 -21.5 -173.0 612.0 1 3 -1
3 -21.0 -173.0 612.5 2 4 -1
4 -21.0 -173.0 613.0 3 5 -1
5 -21.0 -172.5 613.5 4 6 -1
6 -20.5 -173.0 614.0 5 7 -1
7 -20.5 -172.5 614.5 6 8 -1
8 -20.5 -172.5 615.0 7 9 -1
9 -20.5 -172.0 615.5 8 10 -1
10 -20.5 -171.5 616.0 9 11 -1
11 -20.5 -171.5 616.5 10 12 -1
12 -20.5 -171.5 617.0 11 13 -1
13 -20.5 -171.0 617.5 12 14 -1
14 -20.0 -170.5 618.0 13 15 -1
15 -20.0 -170.5 618.5 14 16 -1
16 -20.0 -170.0 619.0 15 17 -1
17 -19.5 -169.5 619.5 16 18 -1
18 -19.5 -169.5 620.0 17 19 -1
19 -19.5 -169.0 620.5 18 20 -1
20 -19.0 -168.5 621.0 19 21 22
21 -19.0 -168.0 621.5 20 23 -1
22 -18.5 -169.0 621.5 20 24 -1
23 -19.5 -167.5 622.0 21 25 -1
24 -18.5 -169.5 621.5 22 26 -1
25 -20.0 -167.0 622.0 23 27 -1
26 -18.0 -170.0 621.5 24 28 -1
27 -20.5 -166.5 622.5 25 29 -1
28 -17.5 -170.5 621.5 26 30 -1
29 -21.0 -166.0 622.5 27 31 -1
30 -17.0 -170.5 621.5 28 32 -1
31 -21.0 -165.5 623.0 29 33 -1
32 -16.5 -171.0 621.5 30 34 -1
33 -21.5 -165.0 623.0 31 35 -1
34 -16.0 -171.5 622.0 32 36 -1
35 -22.0 -164.5 623.5 33 37 -1
36 -15.5 -171.5 622.0 34 38 -1
37 -22.5 -164.0 624.0 35 39 -1
38 -15.0 -172.0 622.0 36 40 -1
39 -22.5 -163.5 624.0 37 41 -1
40 -14.5 -172.0 622.0 38 42 -1
41 -23.0 -163.0 624.5 39 43 -1
42 -14.0 -172.0 621.5 40 44 -1
43 -23.5 -162.5 625.0 41 45 -1
44 -13.5 -172.0 621.5 42 46 -1
45 -24.0 -162.0 625.5 43 47 -1
46 -13.0 -172.5 622.0 44 48 -1
47 -24.5 -162.0 625.5 45 49 -1
48 -12.5 -173.0 622.5 46 50 -1
49 -25.0 -161.5 626.0 47 51 -1
50 -12.0 -173.0 622.0 48 52 -1
51 -25.5 -161.5 626.5 49 53 -1
52 -11.5 -173.0 622.5 50 54 -1
53 -26.0 -161.5 627.0 51 55 -1
54 -11.0 -173.0 622.5 52 56 -1
55 -26.0 -161.0 627.5 53 57 -1
56 -10.5 -173.5 623.0 54 58 -1
57 -26.0 -160.5 628.0 55 59 -1
58 -10.0 -174.0 623.0 56 60 -1
59 -26.5 -160.5 628.5 57 61 -1
60 -9.5 -174.0 623.5 58 62 -1
61 -27.0 -160.5 629.0 59 63 -1
62 -9.0 -174.0 623.5 60 64 -1
63 -27.0 -160.0 629.5 61 65 -1
64 -8.5 -174.5 623.5 62 66 -1
65 -27.5 -160.0 630.5 63 67 68
66 -8.0 -175.0 623.5 64 69 -1
67 -28.0 -160.0 630.5 65 70 -1
68 -27.0 -160.0 630.5 65 71 -1
69 -7.5 -175.0 623.5 66 72 -1
70 -28.5 -160.0 630.5 67 73 -1
71 -26.5 -160.0 631.0 68 74 -1
72 -7.0 -175.0 624.0 69 75 -1
73 -29.0 -159.5 631.0 70 76 -1
74 -26.0 -160.0 631.5 71 77 -1
75 -6.5 -175.5 624.0 72 78 -1
76 -29.5 -159.5 631.0 73 79 -1
77 -25.5 -160.0 632.0 74 80 -1
78 -6.0 -175.5 624.5 75 81 -1
79 -30.0 -159.5 631.0 76 82 -1
80 -25.5 -160.0 632.5 77 83 -1
81 -5.5 -176.0 624.5 78 84 -1
82 -30.5 -159.5 631.5 79 85 -1
83 -25.0 -160.5 633.0 80 86 -1
84 -5.0 -176.0 625.0 81 87 -1
85 -31.0 -159.5 632.0 82 88 -1
86 -24.5 -160.5 633.5 83 89 -1
87 -4.5 -176.0 625.0 84 90 -1
88 -31.5 -159.5 632.5 85 91 -1
89 -24.0 -160.5 634.0 86 92 -1
90 -4.0 -176.5 625.0 87 93 -1
91 -32.0 -159.5 632.5 88 94 -1
92 -24.0 -160.5 634.5 89 95 -1
93 -3.5 -177.0 625.0 90 96 -1
94 -32.5 -159.5 632.5 91 97 -1
95 -24.0 -160.5 635.0 92 98 -1
96 -3.0 -177.0 625.0 93 99 -1
97 -33.0 -159.5 632.5 94 100 -1
98 -23.5 -160.5 635.5 95 101 -1
99 -2.5 -176.5 625.5 96 102 -1
100 -33.5 -159.0 633.0 97 103 -1
101 -23.0 -160.5 636.0 98 104 -1
102 -2.0 -177.0 625.5 99 105 -1
103 -34.0 -159.0 633.5 100 106 -1
104 -23.0 -160.5 636.5 101 107 -1
105 -1.5 -177.0 625.5 102 108 -1
106 -34.5 -158.5 634.0 103 109 -1
107 -22.5 -160.5 637.0 104 110 -1
108 -1.0 -177.0 625.5 105 111 -1
109 -35.0 -158.5 634.0 106 112 -1
110 -22.5 -161.0 637.5 107 113 -1
111 -0.5 -177.0 626.0 108 114 -1
112 -35.5 -158.5 634.5 109 115 -1
113 -22.0 -161.0 638.0 110 116 -1
114 0.0 -177.0 626.0 111 117 -1
115 -36.0 -158.5 635.0 112 118 -1
116 -21.5 -161.0 638.5 113 119 -1
117 0.5 -177.0 626.0 114 120 -1
118 -36.5 -158.5 635.0 115 121 -1
119 -21.5 -161.0 639.0 116 122 -1
120 1.0 -177.0 626.0 117 123 -1
121 -37.0 -158.5 635.5 118 124 -1
122 -21.0 -161.5 639.5 119 125 -1
123 1.5 -177.0 626.0 120 126 -1
124 -37.5 -158.5 636.0 121 127 -1
125 -20.5 -161.5 640.0 122 128 -1
126 2.0 -177.0 626.0 123 129 -1
127 -38.0 -158.5 636.5 124 130 -1
128 -20.0 -161.5 640.5 125 131 -1
129 2.5 -177.0 626.0 126 132 -1
130 -38.5 -158.5 637.0 127 133 -1
131 -19.5 -162.0 641.0 128 134 -1
132 3.0 -177.0 626.0 129 135 -1
133 -39.0 -158.5 637.5 130 136 -1
134 -19.0 -162.0 641.5 131 137 -1
135 3.5 -177.5 626.0 132 138 -1
136 -39.0 -158.5 638.0 133 139 -1
137 -18.5 -162.5 642.0 134 140 -1
138 4.0 -177.5 626.0 135 141 -1
139 -39.5 -158.5 638.5 136 142 -1
140 -18.5 -162.5 642.5 137 143 -1
141 4.5 -177.5 626.0 138 144 -1
142 -40.0 -158.5 639.0 139 145 -1
143 -18.0 -162.5 643.0 140 146 -1
144 5.0 -177.5 626.0 141 147 -1
145 -40.0 -158.5 639.5 142 148 -1
146 -17.5 -162.5 643.5 143 149 -1
147 5.5 -177.5 626.0 144 150 -1
148 -40.5 -158.5 640.0 145 151 -1
149 -17.0 -163.0 644.0 146 152 -1
150 6.0 -177.5 626.0 147 153 -1
151 -41.0 -158.5 640.5 148 154 -1
152 -16.5 -163.0 644.5 149 155 -1
153 6.5 -178.0 626.0 150 156 -1
154 -41.0 -158.5 641.0 151 157 -1
155 -16.0 -163.0 644.5 152 158 -1
156 7.0 -178.0 626.0 153 159 -1
157 -41.5 -158.5 641.5 154 160 -1
158 -15.5 -163.0 645.0 155 161 -1
159 7.5 -178.0 626.0 156 162 -1
160 -41.5 -158.5 642.0 157 163 -1
161 -15.0 -163.5 645.5 158 164 -1
162 8.0 -178.0 626.0 159 165 -1
163 -42.0 -158.5 642.5 160 166 -1
164 -14.5 -163.5 645.5 161 167 -1
165 8.5 -178.0 626.0 162 168 -1
166 -42.5 -158.5 643.0 163 169 -1
167 -14.0 -164.0 646.0 164 170 -1
168 9.0 -178.0 626.0 165 171 -1
169 -42.5 -158.5 643.5 166 172 -1
170 -13.5 -164.0 646.5 167 173 -1
171 9.5 -178.0 626.0 168 174 -1
172 -43.0 -158.5 644.0 169 175 -1
173 -13.0 -164.0 647.0 170 176 -1
174 10.0 -178.0 626.0 171 177 -1
175 -43.0 -158.5 644.5 172 178 -1
176 -12.5 -164.0 647.0 173 179 -1
177 10.5 -178.0 625.5 174 180 -1
178 -43.0 -159.0 645.0 175 181 -1
179 -12.0 -164.5 647.5 176 182 -1
180 11.0 -178.0 625.5 177 183 -1
181 -43.5 -158.5 645.5 178 184 -1
182 -11.5 -164.5 648.0 179 185 -1
183 11.5 -178.0 625.5 180 186 -1
184 -43.5 -158.5 646.0 181 187 -1
185 -11.5 -165.0 648.5 182 188 -1
186 12.0 -178.0 625.5 183 189 -1
187 -43.5 -159.0 646.5 184 190 -1
188 -11.0 -165.0 649.0 185 191 -1
189 12.5 -178.0 625.5 186 192 -1
190 -43.5 -158.5 647.0 187 193 -1
191 -10.5 -165.5 649.5 188 194 -1
192 13.0 -177.5 625.0 189 195 -1
193 -44.0 -159.0 647.5 190 196 -1
194 -10.0 -165.5 650.0 191 197 -1
195 13.5 -177.5 625.0 192 198 -1
196 -44.5 -159.0 648.0 193 199 -1
197 -9.5 -165.5 650.0 194 200 -1
198 14.0 -177.5 625.0 195 201 -1
199 -44.5 -158.5 648.5 196 202 -1
200 -9.0 -165.5 650.5 197 203 -1
201 14.5 -177.5 625.0 198 204 -1
202 -44.5 -158.5 649.0 199 205 -1
203 -9.0 -166.0 651.0 200 206 -1
204 15.0 -177.5 625.0 201 207 -1
205 -45.0 -158.5 649.5 202 208 -1
206 -8.5 -166.0 651.5 203 209 -1
207 15.5 -177.0 625.0 204 210 -1
208 -45.0 -158.5 650.0 205 211 -1
209 -8.0 -166.0 651.5 206 212 -1
210 16.0 -176.5 625.0 207 213 -1
211 -45.5 -158.5 650.5 208 214 -1
212 -7.5 -166.0 652.0 209 215 -1
213 16.5 -176.5 625.0 210 216 -1
214 -45.5 -158.5 651.0 211 217 -1
215 -7.5 -166.0 652.5 212 218 -1
216 17.0 -176.5 624.5 213 219 -1
217 -45.5 -158.5 651.5 214 220 -1
218 -7.0 -165.5 653.0 215 221 -1
219 17.5 -176.0 624.5 216 222 -1
220 -46.0 -158.5 652.0 217 223 -1
221 -6.5 -166.0 653.5 218 224 -1
222 18.0 -175.5 624.5 219 225 -1
223 -46.5 -158.5 652.5 220 226 -1
224 -6.0 -166.0 653.5 221 227 -1
225 18.5 -175.0 624.5 222 228 -1
226 -46.5 -158.5 653.0 223 229 -1
227 -5.5 -166.0 654.0 224 230 -1
228 19.0 -174.5 624.0 225 231 -1
229 -47.0 -158.5 653.5 226 232 -1
230 -5.0 -166.5 654.5 227 233 -1
231 19.5 -174.5 624.0 228 234 -1
232 -47.0 -158.5 654.0 229 235 -1
233 -4.5 -166.5 655.0 230 236 -1
234 20.0 -174.0 623.5 231 237 -1
235 -47.5 -158.5 654.5 232 238 -1
236 -4.0 -166.5 655.5 233 239 -1
237 20.0 -173.5 623.5 234 240 -1
238 -47.5 -158.5 655.0 235 241 -1
239 -3.5 -167.0 656.0 236 242 -1
240 20.5 -173.0 623.0 237 243 -1
241 -48.0 -158.0 655.5 238 244 -1
242 -3.0 -167.0 656.5 239 245 -1
243 21.0 -172.5 622.5 240 246 -1
244 -48.0 -158.5 656.0 241 247 -1
245 -2.5 -167.0 657.0 242 248 -1
246 21.5 -172.5 622.5 243 249 -1
247 -48.5 -158.0 656.5 244 250 -1
248 -2.0 -167.0 657.5 245 251 -1
249 22.0 -172.0 622.5 246 252 -1
250 -48.5 -158.0 657.0 247 253 -1
251 -1.5 -167.0 658.0 248 254 -1
252 22.5 -171.5 622.5 249 255 -1
253 -49.0 -157.5 657.5 250 256 -1
254 -1.0 -167.0 658.5 251 257 -1
255 23.0 -171.0 622.5 252 258 -1
256 -49.0 -158.0 658.0 253 259 -1
257 -0.5 -167.5 659.0 254 260 -1
258 23.5 -170.5 622.0 255 261 -1
259 -50.0 -157.0 659.0 256 262 263
260 0.0 -167.5 659.5 257 264 -1
261 24.0 -170.0 622.0 258 265 -1
262 -50.5 -156.5 659.5 259 266 -1
263 -49.5 -157.5 659.0 259 267 -1
264 0.5 -167.5 660.0 260 268 -1
265 24.5 -169.5 622.0 261 269 -1
266 -50.5 -156.5 660.0 262 270 -1
267 -49.5 -158.0 659.5 263 271 -1
268 1.0 -167.5 660.5 264 272 -1
269 25.0 -169.0 622.0 265 273 -1
270 -51.0 -156.0 660.5 266 274 -1
271 -49.5 -158.5 660.0 267 275 -1
272 1.5 -167.5 661.0 268 276 -1
273 25.0 -168.5 621.5 269 277 -1
274 -51.0 -155.5 660.5 270 278 -1
275 -49.5 -159.0 660.0 271 279 -1
276 2.0 -167.5 661.5 272 280 -1
277 25.5 -168.0 621.5 273 281 -1
278 -51.5 -155.0 661.0 274 282 -1
279 -49.0 -159.5 660.5 275 283 -1
280 2.5 -167.5 662.0 276 284 -1
281 26.0 -167.5 621.5 277 285 -1
282 -52.0 -154.5 661.5 278 286 -1
283 -49.5 -159.5 661.0 279 287 -1
284 3.0 -167.5 662.0 280 288 -1
285 26.0 -167.0 621.5 281 289 -1
286 -52.0 -154.0 662.0 282 290 -1
287 -49.5 -159.5 661.5 283 291 -1
288 3.5 -167.5 662.5 284 292 -1
289 26.0 -166.5 621.0 285 293 -1
290 -52.5 -153.5 662.0 286 294 -1
291 -49.5 -160.0 662.0 287 295 -1
292 4.0 -167.5 662.5 288 296 -1
293 26.5 -166.0 621.0 289 297 -1
294 -53.0 -153.0 662.5 290 298 -1
295 -50.0 -160.0 662.5 291 299 -1
296 4.5 -167.5 663.0 292 300 -1
297 27.0 -165.5 621.5 293 301 -1
298 -53.5 -153.0 663.0 294 302 -1
299 -50.0 -160.5 663.0 295 303 -1
300 5.0 -167.5 663.0 296 304 -1
301 27.5 -165.0 621.5 297 305 -1
302 -54.0 -152.5 663.5 298 306 -1
303 -50.0 -160.5 663.5 299 307 -1
304 5.5 -167.5 663.5 300 308 -1
305 27.5 -164.5 621.5 301 309 -1
306 -54.5 -152.0 663.5 302 310 -1
307 -50.0 -160.5 664.0 303 311 -1
308 6.0 -167.5 664.0 304 312 -1
309 28.0 -164.0 621.5 305 313 -1
310 -55.0 -151.5 664.0 306 314 -1
311 -50.0 -160.5 664.5 307 315 -1
312 6.5 -167.0 664.5 308 316 -1
313 28.5 -163.5 621.5 309 317 -1
314 -55.5 -151.5 664.5 310 318 -1
315 -50.0 -160.5 665.0 311 319 -1
316 7.0 -167.0 664.5 312 320 -1
317 28.5 -163.0 621.5 313 321 -1
318 -56.0 -151.0 665.0 314 322 -1
319 -50.0 -161.0 665.5 315 323 -1
320 7.5 -166.5 665.0 316 324 -1
321 29.0 -162.5 622.0 317 325 -1
322 -56.5 -150.5 665.0 318 326 -1
323 -50.0 -161.0 666.0 319 327 -1
324 8.0 -166.0 665.0 320 328 -1
325 29.5 -162.0 622.5 321 329 -1
326 -57.0 -150.0 665.5 322 330 -1
327 -50.0 -161.0 666.5 323 331 -1
328 8.5 -166.0 665.5 324 332 -1
329 29.5 -161.5 622.5 325 333 -1
330 -57.5 -150.0 665.5 326 334 -1
331 -50.5 -161.0 667.0 327 335 -1
332 9.0 -165.5 666.0 328 336 -1
333 29.5 -161.0 622.5 329 337 -1
334 -58.0 -149.5 666.0 330 338 -1
335 -50.5 -161.0 667.5 331 339 -1
336 9.0 -165.5 666.5 332 340 -1
337 30.0 -160.5 623.0 333 341 -1
338 -58.5 -149.0 666.5 334 342 -1
339 -50.0 -161.0 668.0 335 343 -1
340 9.5 -165.0 667.0 336 344 -1
341 30.0 -160.0 622.5 337 345 -1
342 -59.0 -149.0 666.5 338 346 -1
343 -50.0 -161.5 668.5 339 347 -1
344 9.5 -164.5 667.5 340 348 -1
345 30.0 -159.5 622.5 341 349 -1
346 -59.5 -148.5 667.0 342 350 -1
347 -50.0 -161.5 669.0 343 351 -1
348 10.0 -164.0 668.0 344 -1 -1
349 30.5 -159.0 623.0 345 352 -1
350 -60.0 -148.0 667.5 346 353 -1
351 -50.0 -161.5 669.5 347 354 -1
352 31.0 -158.5 623.5 349 355 -1
353 -60.5 -147.5 668.0 350 356 -1
354 -50.0 -161.5 670.0 351 357 -1
355 31.0 -158.0 623.0 352 358 -1
356 -61.0 -147.0 668.0 353 359 -1
357 -50.0 -161.5 670.5 354 360 -1
358 31.0 -157.5 623.5 355 361 -1
359 -61.5 -146.5 668.5 356 362 -1
360 -50.0 -162.0 671.0 357 363 -1
361 31.5 -157.0 623.5 358 364 -1
362 -62.0 -146.0 669.0 359 365 -1
363 -49.5 -162.5 671.5 360 366 -1
364 31.5 -156.5 624.0 361 367 -1
365 -62.5 -145.5 669.5 362 368 -1
366 -49.5 -162.5 672.0 363 369 -1
367 32.0 -156.0 624.5 364 370 -1
368 -63.0 -145.0 669.5 365 371 -1
369 -49.5 -162.5 672.5 366 372 -1
370 32.5 -155.5 625.0 367 373 -1
371 -63.5 -144.5 670.0 368 374 -1
372 -50.0 -162.0 673.0 369 375 -1
373 33.0 -155.0 625.5 370 376 -1
374 -63.5 -144.0 670.5 371 377 -1
375 -49.5 -162.5 673.5 372 378 -1
376 33.0 -154.5 625.5 373 379 -1
377 -64.0 -143.5 670.5 374 380 -1
378 -49.5 -162.5 674.0 375 381 -1
379 33.5 -154.0 626.0 376 382 -1
380 -64.5 -143.5 670.5 377 383 -1
381 -49.5 -162.5 674.5 378 384 -1
382 34.0 -153.5 626.5 379 385 -1
383 -65.0 -143.0 670.5 380 386 -1
384 -49.5 -162.5 675.0 381 387 -1
385 34.5 -153.5 627.0 382 388 -1
386 -65.5 -142.5 670.5 383 389 -1
387 -49.5 -162.5 675.5 384 390 -1
388 35.0 -153.0 627.5 385 391 -1
389 -66.0 -142.0 671.0 386 392 -1
390 -49.5 -162.5 676.0 387 393 -1
391 35.5 -152.5 628.0 388 394 -1
392 -66.5 -141.5 671.0 389 395 -1
393 -49.5 -162.5 676.5 390 396 -1
394 36.0 -152.0 628.5 391 397 -1
395 -67.0 -141.5 671.0 392 398 -1
396 -49.5 -163.0 677.0 393 399 -1
397 36.5 -152.0 629.0 394 400 -1
398 -67.5 -141.0 671.0 395 401 -1
399 -49.5 -163.0 677.5 396 402 -1
400 37.0 -151.5 629.5 397 403 -1
401 -68.0 -140.5 671.0 398 404 -1
402 -49.5 -163.0 678.0 399 405 -1
403 37.5 -151.0 629.5 400 406 -1
404 -68.5 -140.0 671.5 401 -1 -1
405 -49.5 -163.0 678.5 402 407 -1
406 38.0 -151.0 630.0 403 408 -1
407 -49.5 -163.5 679.0 405 409 -1
408 38.5 -151.0 630.5 406 410 -1
409 -49.5 -163.5 679.5 407 411 -1
410 39.0 -151.0 631.0 408 412 -1
411 -49.5 -163.5 680.0 409 413 -1
412 39.5 -150.5 631.0 410 414 -1
413 -49.5 -164.0 680.5 411 415 -1
414 40.0 -151.0 631.5 412 416 -1
415 -49.5 -164.0 681.0 413 417 -1
416 40.5 -151.0 631.5 414 418 -1
417 -49.0 -164.0 681.5 415 419 -1
418 41.0 -151.0 631.5 416 420 -1
419 -49.5 -164.5 682.0 417 421 -1
420 41.5 -150.5 632.0 418 422 -1
421 -49.0 -165.0 682.5 419 423 -1
422 42.0 -150.5 632.0 420 424 -1
423 -49.0 -165.5 683.0 421 425 -1
424 42.5 -150.5 632.0 422 426 -1
425 -49.0 -166.0 683.5 423 427 -1
426 43.0 -150.5 632.5 424 428 -1
427 -48.5 -166.0 684.0 425 429 -1
428 43.5 -150.5 632.5 426 430 -1
429 -48.5 -166.5 684.5 427 431 -1
430 44.0 -150.5 632.5 428 432 -1
431 -48.5 -167.0 685.0 429 433 -1
432 44.5 -150.5 632.5 430 434 -1
433 -48.5 -167.5 685.5 431 435 -1
434 45.0 -150.5 633.0 432 436 -1
435 -48.5 -168.0 686.0 433 -1 -1
436 45.5 -151.0 633.0 434 437 -1
437 46.0 -150.5 633.5 436 438 -1
438 46.5 -150.5 633.5 437 439 -1
439 47.0 -150.5 633.5 438 440 -1
440 47.5 -150.5 633.5 439 441 -1
441 48.0 -150.5 633.5 440 442 -1
442 48.5 -150.5 633.5 441 443 -1
443 49.0 -150.5 634.0 442 444 -1
444 49.5 -150.5 634.0 443 445 -1
445 50.0 -150.5 634.0 444 446 -1
446 50.5 -150.5 634.0 445 447 -1
447 51.0 -150.0 634.0 446 448 -1
448 51.5 -150.0 634.0 447 449 -1
449 52.0 -150.0 634.5 448 450 -1
450 52.5 -150.0 634.5 449 451 -1
451 53.0 -150.0 634.5 450 452 -1
452 53.5 -150.0 634.5 451 453 -1
453 54.0 -150.0 634.5 452 454 -1
454 54.5 -149.5 634.5 453 455 -1
455 55.0 -149.5 634.5 454 456 -1
456 55.5 -150.0 634.0 455 457 -1
457 56.0 -150.0 634.0 456 458 -1
458 56.5 -149.5 634.0 457 459 -1
459 57.0 -149.5 634.0 458 460 -1
460 57.5 -149.5 633.5 459 461 -1
461 58.0 -149.5 633.5 460 462 -1
462 58.5 -149.5 633.0 461 463 -1
463 59.0 -149.0 633.0 462 464 -1
464 59.5 -149.0 633.0 463 465 -1
465 60.0 -148.5 632.5 464 466 -1
466 60.5 -148.5 633.0 465 467 -1
467 61.0 -148.5 632.5 466 468 -1
468 61.5 -148.0 632.5 467 469 -1
469 62.0 -148.0 632.5 468 470 -1
470 62.5 -147.5 632.0 469 471 -1
471 63.0 -147.5 632.0 470 472 -1
472 63.5 -147.0 631.5 471 473 -1
473 64.0 -147.0 631.5 472 474 -1
474 64.5 -146.5 631.0 473 475 -1
475 64.5 -146.5 630.5 474 476 -1
476 65.0 -146.0 630.0 475 477 -1
477 65.0 -146.5 629.5 476 478 -1
478 65.5 -146.0 629.0 477 479 -1
479 65.5 -146.0 628.5 478 480 -1
480 66.0 -145.5 628.0 479 481 -1
481 66.5 -146.0 627.5 480 482 -1
482 66.5 -145.5 627.0 481 483 -1
483 67.0 -145.0 626.5 482 484 -1
484 67.5 -144.5 626.0 483 485 -1
485 68.0 -144.0 626.0 484 486 -1
486 68.5 -143.5 625.5 485 487 -1
487 69.0 -143.5 625.0 486 488 -1
488 69.5 -143.0 624.5 487 489 -1
489 70.0 -142.5 624.0 488 490 -1
490 70.5 -142.0 624.0 489 491 -1
491 71.0 -141.5 623.5 490 492 -1
492 71.5 -141.5 623.0 491 493 -1
493 72.0 -141.0 622.5 492 494 -1
494 72.5 -141.0 622.0 493 495 -1
495 72.5 -141.5 621.5 494 496 -1
496 73.0 -142.0 621.0 495 497 -1
497 73.0 -142.5 620.5 496 -1 -1
