0 57.5 19.5 -430.0 -1 1 -1
1 57.0 19.0 -430.0 0 2 -1
2 56.5 18.5 -430.0 1 3 -1
3 56.0 18.0 -430.0 2 4 -1
4 55.5 18.0 -430.0 3 5 -1
5 55.0 18.0 -430.5 4 6 -1
6 54.5 17.5 -430.0 5 7 -1
7 54.0 17.0 -430.0 6 8 -1
8 53.5 16.5 -430.0 7 9 -1
9 53.0 16.5 -430.5 8 10 -1
10 52.5 16.0 -430.5 9 11 -1
11 52.0 15.5 -430.0 10 12 -1
12 51.5 15.0 -430.5 11 13 -1
13 51.0 14.5 -430.5 12 14 -1
14 50.5 14.5 -430.5 13 15 -1
15 50.0 14.0 -430.5 14 16 -1
16 49.5 13.5 -430.5 15 17 -1
17 49.0 13.0 -430.5 16 18 -1
18 48.5 12.5 -430.5 17 19 -1
19 48.0 12.0 -430.5 18 20 -1
20 47.5 11.5 -430.5 19 21 -1
21 47.0 11.0 -430.5 20 22 -1
22 47.0 10.5 -430.5 21 23 -1
23 46.5 10.0 -431.0 22 24 -1
24 46.0 9.5 -431.0 23 25 -1
25 45.5 9.0 -431.5 24 26 -1
26 45.0 8.5 -431.5 25 27 -1
27 45.0 8.0 -431.5 26 28 -1
28 44.5 7.5 -432.0 27 29 -1
29 44.0 7.0 -432.0 28 30 -1
30 44.0 6.5 -432.5 29 31 -1
31 43.5 6.0 -432.5 30 32 -1
32 43.0 5.5 -432.5 31 33 -1
33 43.0 5.0 -433.0 32 34 -1
34 42.5 4.5 -433.0 33 35 -1
35 42.5 4.0 -433.5 34 36 -1
36 42.0 3.5 -433.5 35 37 -1
37 42.0 3.0 -434.0 36 38 -1
38 41.5 2.5 -434.0 37 39 -1
39 41.0 2.0 -434.0 38 40 -1
40 40.5 1.5 -433.5 39 41 -1
41 40.5 1.0 -434.0 40 42 -1
42 40.5 0.5 -434.5 41 43 -1
43 40.5 0.0 -434.5 42 44 -1
44 40.0 -0.5 -434.5 43 45 -1
45 40.0 -1.0 -435.0 44 46 -1
46 39.5 -1.5 -434.5 45 47 -1
47 39.5 -2.0 -435.0 46 48 -1
48 39.5 -2.5 -435.5 47 49 -1
49 39.0 -3.0 -435.5 48 50 -1
50 38.5 -3.5 -435.5 49 51 -1
51 38.0 -4.0 -435.5 50 52 -1
52 38.0 -4.5 -435.5 51 53 -1
53 38.0 -5.0 -436.0 52 54 -1
54 37.5 -5.5 -436.0 53 55 -1
55 38.0 -6.0 -436.5 54 56 -1
56 37.5 -6.5 -436.5 55 57 -1
57 37.0 -7.0 -436.5 56 58 -1
58 36.5 -7.5 -436.5 57 59 -1
59 36.0 -8.0 -436.5 58 60 -1
60 36.0 -8.5 -437.0 59 61 -1
61 36.0 -9.0 -437.0 60 62 -1
62 35.5 -9.5 -437.0 61 63 -1
63 35.5 -10.0 -437.0 62 64 -1
64 35.0 -10.5 -437.5 63 65 -1
65 35.0 -11.0 -437.5 64 66 -1
66 34.5 -11.5 -437.5 65 67 -1
67 34.5 -12.0 -437.5 66 68 -1
68 34.5 -12.5 -438.0 67 69 -1
69 34.0 -13.0 -438.5 68 70 -1
70 34.0 -13.5 -438.5 69 71 -1
71 33.5 -14.0 -439.0 70 72 -1
72 33.0 -14.5 -439.0 71 73 -1
73 33.0 -15.0 -439.0 72 74 -1
74 32.5 -15.5 -439.0 73 75 -1
75 32.5 -16.0 -438.5 74 76 -1
76 32.0 -16.5 -438.5 75 77 -1
77 31.5 -17.0 -439.0 76 78 -1
78 31.5 -17.5 -439.0 77 79 -1
79 31.5 -18.0 -439.0 78 80 -1
80 31.0 -18.5 -439.0 79 81 -1
81 31.0 -19.0 -439.0 80 82 -1
82 30.5 -19.5 -439.5 81 83 -1
83 30.5 -20.0 -439.5 82 84 -1
84 30.5 -20.5 -439.0 83 85 -1
85 30.0 -21.0 -439.5 84 86 -1
86 29.5 -21.5 -439.5 85 87 -1
87 29.5 -22.0 -439.5 86 88 -1
88 29.5 -22.5 -439.5 87 89 -1
89 29.0 -23.0 -440.0 88 90 -1
90 28.5 -23.5 -440.0 89 91 -1
91 28.5 -24.0 -439.5 90 92 -1
92 28.0 -24.5 -439.5 91 93 -1
93 27.5 -25.0 -439.5 92 94 -1
94 27.5 -25.5 -439.5 93 95 -1
95 27.5 -26.0 -439.5 94 96 -1
96 27.0 -26.5 -439.5 95 97 -1
97 27.0 -27.0 -439.0 96 98 -1
98 27.0 -27.5 -439.0 97 99 -1
99 26.5 -28.0 -439.5 98 100 -1
100 26.0 -28.5 -439.5 99 101 -1
101 25.5 -29.0 -439.5 100 102 -1
102 25.0 -29.5 -439.5 101 103 -1
103 25.0 -30.0 -439.5 102 104 -1
104 24.5 -30.5 -439.5 103 105 -1
105 24.5 -31.0 -439.5 104 106 -1
106 24.5 -31.5 -439.5 105 107 -1
107 24.0 -32.0 -439.5 106 108 -1
108 24.0 -32.5 -439.5 107 109 -1
109 23.5 -33.0 -439.5 108 110 -1
110 23.0 -33.5 -439.5 109 111 -1
111 22.5 -34.0 -440.0 110 112 -1
112 22.5 -34.5 -440.0 111 113 -1
113 22.0 -35.0 -440.0 112 114 -1
114 21.5 -35.5 -440.0 113 115 -1
115 21.0 -36.0 -440.0 114 116 -1
116 20.5 -36.5 -440.0 115 117 -1
117 20.0 -37.0 -440.0 116 118 -1
118 19.5 -37.0 -440.0 117 119 -1
119 19.0 -37.5 -440.5 118 120 -1
120 18.5 -38.0 -440.5 119 121 -1
121 18.0 -38.5 -440.5 120 122 -1
122 17.5 -38.5 -440.5 121 123 -1
123 17.0 -39.0 -440.5 122 124 -1
124 16.5 -39.0 -440.0 123 125 -1
125 16.0 -39.0 -440.0 124 126 -1
126 15.5 -39.5 -440.0 125 127 -1
127 15.0 -40.0 -440.5 126 128 -1
128 14.5 -40.0 -440.5 127 129 -1
129 14.0 -40.0 -440.5 128 130 -1
130 13.5 -40.5 -441.0 129 131 -1
131 13.0 -40.5 -441.0 130 132 -1
132 12.5 -41.0 -441.5 131 133 -1
133 12.0 -40.5 -441.5 132 134 -1
134 11.5 -40.5 -441.5 133 135 -1
135 11.0 -40.5 -441.5 134 136 -1
136 10.5 -41.0 -442.0 135 137 -1
137 10.0 -41.0 -442.0 136 138 -1
138 9.5 -41.5 -442.5 137 139 -1
139 9.0 -41.5 -443.0 138 140 -1
140 9.0 -42.0 -443.5 139 141 -1
141 8.5 -42.5 -444.0 140 142 -1
142 8.0 -43.0 -444.5 141 143 -1
143 7.5 -43.0 -445.0 142 144 -1
144 7.0 -43.0 -445.0 143 145 -1
145 6.5 -43.0 -445.5 144 146 -1
146 6.5 -43.5 -446.0 145 147 -1
147 6.0 -43.5 -446.5 146 148 -1
148 5.5 -43.5 -447.0 147 149 150
149 5.0 -43.5 -447.0 148 151 -1
150 6.0 -44.0 -447.5 148 152 -1
151 4.5 -43.0 -447.5 149 153 -1
152 6.0 -44.0 -448.0 150 154 -1
153 4.0 -43.0 -448.0 151 155 -1
154 6.0 -44.5 -448.5 152 156 -1
155 3.5 -42.5 -448.0 153 157 -1
156 6.0 -44.5 -449.0 154 158 -1
157 3.0 -42.5 -448.5 155 159 -1
158 6.0 -44.5 -449.5 156 160 -1
159 2.5 -42.5 -449.0 157 161 -1
160 6.0 -44.0 -450.0 158 162 -1
161 2.0 -42.5 -449.0 159 163 -1
162 6.5 -44.5 -450.5 160 164 -1
163 1.5 -42.0 -449.0 161 165 -1
164 6.5 -44.5 -451.0 162 166 -1
165 1.0 -41.5 -448.5 163 167 168
166 6.5 -44.5 -451.5 164 169 -1
167 1.0 -41.0 -448.0 165 170 -1
168 -2.0 -38.5 -450.0 165 171 -1
169 6.5 -44.5 -452.0 166 172 -1
170 1.5 -41.0 -447.5 167 173 -1
171 -2.0 -38.0 -450.0 168 174 -1
172 6.5 -44.5 -452.5 169 175 -1
173 1.5 -41.0 -447.0 170 176 -1
174 -2.5 -37.5 -450.5 171 177 -1
175 6.5 -44.0 -453.0 172 178 -1
176 1.5 -40.5 -446.5 173 179 -1
177 -2.5 -36.5 -450.5 174 180 -1
178 6.5 -44.0 -453.5 175 181 -1
179 1.5 -40.0 -446.0 176 182 -1
180 -2.5 -36.0 -450.5 177 183 -1
181 6.5 -44.0 -454.0 178 184 -1
182 1.0 -39.5 -445.5 179 185 -1
183 -3.0 -35.5 -450.5 180 186 -1
184 7.0 -44.0 -454.5 181 187 -1
185 1.0 -39.0 -445.5 182 188 -1
186 -3.0 -35.0 -451.0 183 189 -1
187 6.5 -43.5 -455.0 184 190 -1
188 1.0 -38.5 -445.0 185 191 -1
189 -3.0 -34.5 -451.5 186 192 -1
190 6.5 -43.5 -455.5 187 193 -1
191 1.0 -38.0 -444.5 188 -1 -1
192 -3.5 -34.0 -451.5 189 194 -1
193 6.5 -43.5 -456.0 190 195 -1
194 -3.5 -33.5 -452.0 192 196 -1
195 6.5 -43.0 -456.5 193 197 -1
196 -3.5 -33.0 -452.5 194 198 -1
197 6.5 -43.0 -457.0 195 199 -1
198 -3.5 -32.5 -452.5 196 200 -1
199 7.0 -43.0 -457.5 197 201 -1
200 -4.0 -32.0 -452.5 198 202 -1
201 7.5 -43.0 -458.0 199 203 -1
202 -4.0 -31.5 -452.5 200 204 -1
203 8.0 -43.0 -458.5 201 -1 -1
204 -4.0 -31.0 -452.5 202 205 -1
205 -4.5 -30.5 -452.0 204 206 -1
206 -4.5 -30.0 -452.5 205 207 -1
207 -4.5 -29.5 -452.5 206 208 -1
208 -5.0 -29.0 -452.0 207 209 -1
209 -5.5 -28.5 -452.0 208 210 -1
210 -5.5 -28.0 -452.0 209 211 -1
211 -6.0 -27.5 -451.5 210 212 -1
212 -6.5 -27.0 -451.0 211 213 -1
213 -7.0 -26.5 -451.0 212 214 -1
214 -7.5 -26.0 -450.5 213 215 -1
215 -8.0 -26.0 -450.0 214 216 -1
216 -8.5 -25.5 -450.0 215 217 -1
217 -9.0 -25.0 -450.0 216 218 -1
218 -9.5 -24.5 -450.0 217 219 -1
219 -10.0 -24.0 -449.5 218 220 -1
220 -10.5 -23.5 -449.0 219 221 -1
221 -11.0 -23.0 -449.0 220 222 -1
222 -11.5 -22.5 -448.5 221 223 -1
223 -12.0 -22.0 -448.0 222 224 -1
224 -12.5 -21.5 -447.5 223 225 -1
225 -12.5 -21.5 -447.0 224 226 -1
226 -13.0 -21.0 -446.5 225 227 -1
227 -13.5 -21.0 -446.5 226 228 -1
228 -14.0 -20.5 -446.5 227 229 -1
229 -14.5 -20.0 -446.0 228 230 -1
230 -15.0 -19.5 -446.0 229 231 -1
231 -15.5 -19.0 -445.5 230 232 -1
232 -16.0 -18.5 -445.5 231 233 -1
233 -16.0 -18.0 -445.0 232 234 -1
234 -16.5 -17.5 -444.5 233 235 -1
235 -17.0 -18.0 -445.0 234 236 237
236 -17.5 -18.0 -445.5 235 238 -1
237 -17.5 -17.0 -444.0 235 239 -1
238 -18.0 -18.0 -446.0 236 240 -1
239 -18.0 -16.5 -444.0 237 241 -1
240 -18.0 -18.0 -446.5 238 242 -1
241 -18.0 -16.0 -443.5 239 243 -1
242 -18.5 -18.0 -447.0 240 244 -1
243 -17.5 -16.0 -443.0 241 245 -1
244 -19.0 -17.5 -447.5 242 246 -1
245 -17.5 -15.5 -442.5 243 247 -1
246 -19.5 -18.0 -448.0 244 248 -1
247 -17.5 -15.0 -442.0 245 249 -1
248 -20.0 -17.5 -448.5 246 250 -1
249 -17.5 -15.0 -441.5 247 251 -1
250 -20.5 -17.0 -449.0 248 252 -1
251 -17.5 -14.5 -441.0 249 253 -1
252 -20.5 -17.5 -449.5 250 254 -1
253 -17.5 -14.5 -440.5 251 255 -1
254 -21.0 -17.0 -450.0 252 256 -1
255 -17.5 -14.0 -440.0 253 257 -1
256 -21.5 -16.5 -450.5 254 258 -1
257 -17.5 -13.5 -439.5 255 259 -1
258 -21.5 -16.5 -451.0 256 260 -1
259 -18.0 -13.5 -439.0 257 261 -1
260 -22.0 -16.5 -451.5 258 262 -1
261 -18.5 -13.5 -438.5 259 263 -1
262 -21.5 -17.0 -452.0 260 264 -1
263 -19.0 -13.0 -438.0 261 265 -1
264 -22.0 -16.5 -452.5 262 266 -1
265 -19.5 -12.5 -437.5 263 267 -1
266 -22.0 -16.5 -453.0 264 268 -1
267 -19.5 -12.0 -437.0 265 269 -1
268 -22.0 -16.0 -453.5 266 270 -1
269 -20.0 -11.5 -436.5 267 271 -1
270 -22.0 -15.5 -454.0 268 272 -1
271 -20.0 -11.0 -436.0 269 273 -1
272 -22.0 -15.5 -454.5 270 274 -1
273 -20.5 -11.0 -435.5 271 275 -1
274 -22.0 -15.5 -455.0 272 276 -1
275 -21.0 -10.5 -435.0 273 277 -1
276 -22.0 -15.5 -455.5 274 278 -1
277 -21.0 -10.0 -434.5 275 279 -1
278 -22.5 -15.5 -456.0 276 280 -1
279 -21.5 -9.5 -434.0 277 281 -1
280 -22.5 -15.0 -456.5 278 282 -1
281 -21.5 -9.0 -433.5 279 283 -1
282 -22.5 -14.5 -457.0 280 284 -1
283 -21.5 -8.5 -433.0 281 285 -1
284 -22.5 -14.5 -457.5 282 286 -1
285 -22.0 -8.5 -432.5 283 287 -1
286 -22.5 -14.5 -458.0 284 288 -1
287 -22.5 -8.0 -432.0 285 289 -1
288 -23.0 -14.5 -458.5 286 290 -1
289 -22.5 -7.5 -431.5 287 291 -1
290 -23.0 -14.5 -459.0 288 292 -1
291 -23.0 -7.5 -431.0 289 293 -1
292 -23.0 -14.0 -459.5 290 294 -1
293 -23.5 -7.5 -430.5 291 295 -1
294 -23.0 -14.0 -460.0 292 296 -1
295 -24.0 -7.0 -430.0 293 297 -1
296 -23.0 -14.0 -460.5 294 298 -1
297 -24.5 -7.0 -429.5 295 299 -1
298 -23.0 -13.5 -461.0 296 300 -1
299 -24.5 -6.5 -429.0 297 301 -1
300 -23.0 -13.5 -461.5 298 302 -1
301 -24.5 -6.0 -428.5 299 303 -1
302 -23.0 -13.5 -462.0 300 304 -1
303 -25.0 -6.0 -428.0 301 305 -1
304 -23.0 -13.0 -462.5 302 306 -1
305 -25.0 -5.5 -427.5 303 307 -1
306 -22.5 -12.5 -463.0 304 308 -1
307 -25.5 -5.5 -427.0 305 309 -1
308 -22.5 -12.0 -463.5 306 310 -1
309 -26.0 -5.5 -426.5 307 311 -1
310 -22.5 -12.0 -464.0 308 312 -1
311 -26.5 -5.5 -426.0 309 313 -1
312 -22.5 -12.0 -464.5 310 314 -1
313 -26.5 -5.0 -425.5 311 315 -1
314 -22.5 -11.5 -465.0 312 316 -1
315 -27.0 -5.0 -425.0 313 317 -1
316 -22.5 -11.5 -465.5 314 318 -1
317 -27.0 -4.5 -424.5 315 319 -1
318 -22.0 -11.0 -466.0 316 320 -1
319 -27.5 -4.0 -424.0 317 321 -1
320 -22.0 -11.0 -466.5 318 322 -1
321 -27.5 -4.0 -423.5 319 323 -1
322 -22.0 -11.0 -467.0 320 324 -1
323 -28.0 -3.5 -423.0 321 325 -1
324 -21.5 -10.5 -467.5 322 326 -1
325 -28.0 -3.5 -422.5 323 327 -1
326 -21.5 -10.5 -468.0 324 328 -1
327 -28.5 -3.0 -422.0 325 329 -1
328 -21.0 -10.5 -468.5 326 330 -1
329 -29.0 -3.0 -421.5 327 331 -1
330 -21.0 -10.0 -469.0 328 332 -1
331 -29.5 -2.5 -421.0 329 333 -1
332 -21.0 -10.0 -469.5 330 334 -1
333 -30.0 -2.5 -420.5 331 335 -1
334 -20.5 -10.0 -470.0 332 336 -1
335 -30.5 -2.0 -420.0 333 337 -1
336 -20.5 -10.0 -470.5 334 338 -1
337 -30.5 -2.0 -419.5 335 339 -1
338 -20.0 -9.5 -471.0 336 340 -1
339 -31.0 -1.5 -419.0 337 341 -1
340 -20.0 -9.5 -471.5 338 342 -1
341 -31.0 -1.5 -418.5 339 343 -1
342 -19.5 -9.5 -472.0 340 344 -1
343 -31.5 -1.0 -418.0 341 345 -1
344 -19.5 -9.5 -472.5 342 346 -1
345 -31.5 -1.5 -417.5 343 347 -1
346 -19.0 -9.0 -473.0 344 348 -1
347 -32.0 -1.0 -417.0 345 349 -1
348 -19.0 -9.0 -473.5 346 350 -1
349 -32.5 -1.0 -417.0 347 351 -1
350 -19.0 -9.0 -474.0 348 352 -1
351 -33.0 -0.5 -417.0 349 353 -1
352 -19.0 -9.0 -474.5 350 354 -1
353 -33.5 0.0 -416.5 351 355 -1
354 -18.5 -9.0 -475.0 352 356 -1
355 -34.0 0.0 -416.0 353 357 -1
356 -18.5 -9.0 -475.5 354 358 -1
357 -34.5 0.5 -416.0 355 359 -1
358 -18.5 -9.0 -476.0 356 -1 -1
359 -35.0 1.0 -415.5 357 360 -1
360 -35.5 1.0 -415.5 359 361 -1
361 -36.0 1.5 -415.0 360 362 -1
362 -36.5 2.0 -414.5 361 363 -1
363 -37.0 2.5 -414.0 362 364 -1
364 -37.5 2.5 -413.5 363 365 -1
365 -38.0 3.0 -413.0 364 366 -1
366 -38.5 3.0 -412.5 365 367 -1
367 -39.0 3.0 -412.0 366 368 -1
368 -39.5 3.5 -411.5 367 369 -1
369 -40.0 4.0 -411.0 368 370 -1
370 -40.0 3.5 -410.5 369 371 -1
371 -40.5 4.0 -410.0 370 372 -1
372 -40.5 4.5 -410.0 371 373 -1
373 -40.5 5.0 -409.5 372 374 -1
374 -40.5 5.5 -409.0 373 375 -1
375 -41.0 6.0 -408.5 374 376 -1
376 -42.0 6.0 -407.5 375 377 378
377 -42.5 6.0 -407.0 376 379 -1
378 -41.5 6.5 -407.5 376 380 -1
379 -43.0 6.0 -406.5 377 381 -1
380 -42.0 7.0 -407.0 378 382 -1
381 -43.5 5.5 -406.0 379 383 -1
382 -42.0 7.5 -406.5 380 384 -1
383 -44.0 5.0 -405.5 381 385 -1
384 -42.5 7.5 -406.0 382 386 -1
385 -44.5 4.5 -405.0 383 387 -1
386 -42.5 7.5 -405.5 384 388 -1
387 -45.0 4.0 -404.5 385 389 -1
388 -42.5 8.0 -405.0 386 390 -1
389 -45.5 4.0 -404.0 387 391 -1
390 -42.5 8.5 -404.5 388 392 -1
391 -46.0 3.5 -404.0 389 393 -1
392 -42.0 9.0 -404.5 390 394 -1
393 -46.5 3.0 -403.5 391 395 -1
394 -42.0 9.5 -404.0 392 396 -1
395 -46.5 3.0 -403.0 393 397 -1
396 -42.0 10.0 -403.5 394 398 -1
397 -46.5 3.0 -402.5 395 399 -1
398 -42.0 10.5 -403.0 396 400 -1
399 -47.0 2.5 -402.0 397 401 -1
400 -42.0 11.0 -402.5 398 402 -1
401 -47.0 2.0 -401.5 399 403 -1
402 -42.0 11.5 -402.0 400 404 -1
403 -47.5 1.5 -401.0 401 405 -1
404 -42.0 11.5 -401.5 402 406 -1
405 -47.5 1.0 -400.5 403 407 -1
406 -42.0 11.5 -401.0 404 408 -1
407 -48.0 0.5 -400.0 405 409 -1
408 -42.0 12.0 -400.5 406 410 -1
409 -48.0 0.0 -399.5 407 411 -1
410 -42.0 12.5 -400.0 408 412 -1
411 -48.0 0.0 -399.0 409 413 -1
412 -42.0 12.5 -399.5 410 414 -1
413 -48.0 -0.5 -398.5 411 415 -1
414 -42.0 13.0 -399.0 412 416 -1
415 -48.0 -1.0 -398.5 413 417 -1
416 -42.0 13.0 -398.5 414 418 -1
417 -48.0 -1.5 -398.0 415 419 -1
418 -42.0 13.5 -398.0 416 420 -1
419 -48.0 -1.5 -397.5 417 421 -1
420 -42.0 13.5 -397.5 418 422 -1
421 -48.0 -1.5 -397.0 419 423 -1
422 -42.0 14.0 -397.0 420 424 -1
423 -48.0 -2.0 -396.5 421 425 -1
424 -42.0 14.0 -396.5 422 426 -1
425 -48.0 -2.5 -396.0 423 427 -1
426 -42.0 14.5 -396.0 424 428 -1
427 -47.5 -3.0 -395.5 425 429 -1
428 -42.5 14.5 -395.5 426 430 -1
429 -47.5 -3.5 -395.0 427 431 -1
430 -42.5 15.0 -395.0 428 432 -1
431 -47.0 -4.0 -394.5 429 433 -1
432 -42.5 15.0 -394.5 430 434 -1
433 -47.0 -4.5 -394.0 431 435 -1
434 -42.5 15.5 -394.0 432 436 -1
435 -46.5 -5.0 -393.5 433 437 -1
436 -42.5 16.0 -393.5 434 438 -1
437 -46.0 -5.5 -393.0 435 439 -1
438 -43.0 16.0 -393.0 436 440 -1
439 -46.0 -6.0 -392.5 437 441 -1
440 -43.0 16.0 -392.5 438 442 -1
441 -45.5 -6.5 -392.0 439 443 -1
442 -43.0 16.5 -392.0 440 444 -1
443 -45.5 -7.0 -391.5 441 445 -1
444 -43.0 17.0 -391.5 442 446 -1
445 -45.5 -7.0 -391.0 443 447 -1
446 -43.0 17.0 -391.0 444 448 -1
447 -45.5 -7.5 -390.5 445 449 -1
448 -43.5 17.0 -390.5 446 450 -1
449 -45.0 -8.0 -390.0 447 451 -1
450 -43.5 17.5 -390.0 448 452 -1
451 -44.5 -8.5 -389.5 449 453 -1
452 -43.5 18.0 -389.5 450 454 -1
453 -44.5 -9.0 -389.0 451 455 -1
454 -43.5 18.0 -389.0 452 456 -1
455 -44.0 -9.5 -388.5 453 457 -1
456 -43.5 18.5 -388.5 454 458 -1
457 -44.0 -9.5 -388.0 455 459 -1
458 -44.0 18.5 -388.0 456 460 -1
459 -44.0 -9.5 -387.5 457 -1 -1
460 -44.0 19.0 -387.5 458 461 -1
461 -44.0 19.5 -387.0 460 462 -1
462 -44.0 19.5 -386.5 461 463 -1
463 -44.0 20.0 -386.0 462 464 -1
464 -44.5 20.0 -385.5 463 465 -1
465 -44.0 20.5 -385.0 464 466 -1
466 -44.5 20.5 -384.5 465 467 -1
467 -44.5 21.0 -384.0 466 468 -1
468 -44.5 21.0 -383.5 467 469 -1
469 -44.5 21.5 -383.0 468 470 -1
470 -44.5 22.0 -382.5 469 471 -1
471 -44.5 22.0 -382.0 470 472 -1
472 -44.5 22.5 -381.5 471 473 -1
473 -44.5 22.5 -381.0 472 474 -1
474 -44.5 23.0 -380.5 473 475 -1
475 -44.5 23.0 -380.0 474 476 -1
476 -44.5 23.5 -379.5 475 477 -1
477 -44.5 23.5 -379.0 476 478 -1
478 -44.5 24.0 -378.5 477 479 -1
479 -44.5 24.0 -378.0 478 480 -1
480 -44.5 24.5 -377.5 479 481 -1
481 -44.5 24.5 -377.0 480 482 -1
482 -44.5 25.0 -376.5 481 483 -1
483 -44.0 25.0 -376.0 482 484 -1
484 -44.5 25.5 -375.5 483 485 -1
485 -44.0 25.5 -375.0 484 486 -1
486 -44.0 26.0 -374.5 485 487 -1
487 -44.0 26.0 -374.0 486 488 -1
488 -43.5 26.0 -373.5 487 489 -1
489 -43.5 26.5 -373.0 488 490 -1
490 -43.5 26.5 -372.5 489 491 -1
491 -43.0 26.5 -372.0 490 492 -1
492 -43.5 27.0 -371.5 491 493 -1
493 -43.5 27.5 -371.0 492 494 -1
494 -43.0 27.5 -370.5 493 495 -1
495 -42.5 27.5 -370.0 494 496 -1
496 -42.5 27.5 -369.5 495 497 -1
497 -42.5 28.0 -369.0 496 498 -1
498 -42.0 28.0 -368.5 497 499 -1
499 -42.0 28.5 -368.0 498 500 -1
500 -41.5 28.5 -367.5 499 501 -1
501 -41.5 28.5 -367.0 500 502 -1
502 -41.0 28.5 -366.5 501 503 -1
503 -40.5 28.5 -366.0 502 504 -1
504 -40.0 28.5 -365.5 503 505 -1
505 -39.5 28.5 -365.0 504 506 -1
506 -39.0 28.5 -364.5 505 507 -1
507 -38.5 28.5 -364.0 506 508 -1
508 -38.0 28.5 -363.5 507 509 -1
509 -37.5 28.5 -363.0 508 510 -1
510 -37.0 28.0 -362.5 509 511 -1
511 -37.0 27.5 -362.0 510 512 -1
512 -36.5 27.5 -361.5 511 513 -1
513 -36.0 27.5 -361.0 512 514 -1
514 -35.5 27.0 -360.5 513 515 -1
515 -35.0 27.0 -360.0 514 516 -1
516 -34.5 26.5 -359.5 515 517 -1
517 -34.0 26.5 -359.0 516 518 -1
518 -33.5 26.0 -358.5 517 519 -1
519 -33.5 25.5 -358.0 518 520 -1
520 -33.0 25.5 -357.5 519 521 -1
521 -32.5 25.5 -357.5 520 522 -1
522 -32.0 25.0 -357.0 521 523 -1
523 -31.5 25.0 -356.5 522 524 -1
524 -31.0 24.5 -356.0 523 525 -1
525 -30.5 24.0 -355.5 524 -1 -1
