0 0.0 -34.5 -184.5 -1 1 -1
1 0.0 -34.0 -184.0 0 2 -1
2 0.0 -34.0 -183.5 1 3 -1
3 0.0 -33.5 -183.0 2 4 -1
4 0.0 -33.5 -182.5 3 5 -1
5 0.0 -33.5 -182.0 4 6 -1
6 -0.5 -33.5 -181.5 5 7 -1
7 -0.5 -33.5 -181.0 6 8 -1
8 0.0 -33.0 -180.5 7 9 -1
9 -0.5 -33.0 -180.0 8 10 -1
10 -0.5 -33.0 -179.5 9 11 -1
11 -0.5 -33.0 -179.0 10 12 -1
12 0.0 -32.5 -178.5 11 13 -1
13 0.0 -32.5 -178.0 12 14 -1
14 0.0 -32.5 -177.5 13 15 -1
15 0.0 -32.5 -177.0 14 16 -1
16 0.0 -32.5 -176.5 15 17 -1
17 0.0 -32.5 -176.0 16 18 -1
18 0.0 -32.5 -175.5 17 19 -1
19 -0.5 -32.5 -175.0 18 20 -1
20 -0.5 -32.5 -174.5 19 21 -1
21 -0.5 -32.5 -174.0 20 22 -1
22 -0.5 -32.5 -173.5 21 23 -1
23 -0.5 -32.5 -173.0 22 24 -1
24 -0.5 -32.5 -172.5 23 25 -1
25 -0.5 -32.5 -172.0 24 26 -1
26 -0.5 -32.0 -171.5 25 27 -1
27 0.0 -32.5 -171.0 26 28 -1
28 0.0 -32.5 -170.5 27 29 -1
29 0.0 -32.5 -170.0 28 30 -1
30 0.0 -32.0 -169.5 29 31 -1
31 0.0 -32.0 -169.0 30 32 -1
32 0.0 -32.0 -168.5 31 33 -1
33 0.0 -32.0 -168.0 32 34 35
34 0.5 -32.0 -167.5 33 36 -1
35 -0.5 -31.5 -167.0 33 37 -1
36 1.0 -32.5 -167.5 34 38 -1
37 -0.5 -31.5 -166.5 35 39 -1
38 1.5 -32.5 -167.5 36 40 -1
39 -1.0 -31.5 -166.0 37 41 -1
40 2.0 -33.0 -167.0 38 42 -1
41 -1.5 -31.0 -165.5 39 43 -1
42 2.5 -33.0 -167.0 40 44 -1
43 -2.0 -31.0 -165.0 41 45 -1
44 3.0 -33.5 -167.0 42 46 -1
45 -2.5 -31.0 -164.5 43 47 -1
46 3.5 -33.5 -167.0 44 48 -1
47 -3.0 -30.5 -164.0 45 49 -1
48 4.0 -34.0 -167.0 46 50 -1
49 -3.5 -30.0 -164.0 47 51 -1
50 4.5 -34.0 -167.0 48 52 -1
51 -4.0 -30.0 -163.5 49 53 -1
52 5.0 -34.0 -167.0 50 54 -1
53 -4.5 -30.0 -163.0 51 55 -1
54 5.5 -34.0 -166.5 52 56 -1
55 -5.0 -29.5 -162.5 53 57 -1
56 6.0 -34.0 -166.5 54 58 -1
57 -5.5 -29.5 -162.0 55 59 -1
58 6.5 -34.5 -166.5 56 60 -1
59 -6.0 -29.5 -161.5 57 61 -1
60 7.0 -34.5 -166.5 58 62 -1
61 -6.5 -29.5 -161.0 59 63 -1
62 7.5 -35.0 -166.5 60 64 -1
63 -7.0 -29.5 -160.5 61 65 -1
64 8.0 -35.0 -166.5 62 66 -1
65 -7.5 -29.5 -160.0 63 67 -1
66 8.5 -35.0 -166.5 64 68 -1
67 -8.0 -29.5 -159.5 65 69 -1
68 9.0 -35.0 -166.5 66 70 -1
69 -8.5 -29.5 -159.0 67 71 -1
70 9.5 -35.0 -167.0 68 72 -1
71 -9.0 -29.5 -159.0 69 73 -1
72 10.0 -35.5 -166.5 70 74 -1
73 -9.5 -29.5 -158.5 71 75 -1
74 10.5 -35.5 -166.5 72 76 -1
75 -10.0 -29.5 -158.0 73 77 -1
76 11.0 -35.5 -166.5 74 78 -1
77 -10.5 -29.5 -157.5 75 79 -1
78 11.5 -35.5 -166.5 76 80 -1
79 -11.0 -29.5 -157.0 77 81 -1
80 12.0 -35.5 -166.5 78 82 -1
81 -11.5 -29.0 -157.0 79 83 -1
82 12.5 -36.0 -166.5 80 84 -1
83 -12.0 -29.0 -156.5 81 85 -1
84 13.0 -36.0 -166.5 82 86 -1
85 -12.5 -29.5 -156.0 83 87 -1
86 13.5 -36.0 -166.5 84 88 -1
87 -13.0 -29.5 -155.5 85 89 -1
88 14.0 -36.0 -166.5 86 90 -1
89 -13.5 -29.5 -155.5 87 91 -1
90 14.5 -36.0 -166.0 88 92 -1
91 -14.0 -29.5 -155.0 89 93 -1
92 15.0 -36.0 -166.0 90 94 -1
93 -14.5 -30.0 -154.5 91 95 -1
94 15.5 -36.0 -166.0 92 96 -1
95 -15.0 -29.5 -154.5 93 97 -1
96 16.0 -36.0 -166.0 94 98 -1
97 -15.5 -30.0 -154.0 95 99 -1
98 16.5 -36.0 -166.0 96 100 -1
99 -16.0 -30.0 -153.5 97 101 -1
100 17.0 -36.0 -166.0 98 102 -1
101 -16.5 -30.0 -153.0 99 103 -1
102 17.5 -36.0 -165.5 100 104 -1
103 -17.0 -30.0 -153.0 101 105 -1
104 18.0 -36.0 -165.5 102 106 -1
105 -17.5 -30.0 -152.5 103 107 -1
106 18.5 -36.0 -165.5 104 108 -1
107 -18.0 -30.0 -152.0 105 109 -1
108 19.0 -35.5 -165.5 106 110 -1
109 -18.5 -30.0 -151.5 107 111 -1
110 19.5 -35.5 -165.5 108 112 -1
111 -19.0 -30.5 -151.0 109 113 -1
112 20.0 -35.5 -165.0 110 114 -1
113 -19.5 -30.5 -150.5 111 115 -1
114 20.5 -35.5 -165.0 112 116 -1
115 -20.0 -30.5 -150.0 113 117 -1
116 21.0 -35.0 -165.0 114 118 -1
117 -20.5 -30.5 -149.5 115 119 -1
118 21.5 -35.5 -164.5 116 120 -1
119 -21.0 -30.0 -149.5 117 121 -1
120 22.0 -35.0 -164.5 118 122 -1
121 -21.5 -30.0 -149.0 119 123 -1
122 22.5 -35.0 -164.0 120 124 -1
123 -22.0 -30.0 -148.5 121 125 -1
124 23.0 -35.0 -164.0 122 126 -1
125 -22.5 -30.5 -148.5 123 127 -1
126 23.5 -34.5 -164.0 124 128 -1
127 -23.0 -30.5 -148.5 125 129 -1
128 24.0 -34.5 -163.5 126 130 -1
129 -23.5 -30.5 -148.0 127 131 -1
130 24.5 -34.0 -163.5 128 132 -1
131 -24.0 -30.5 -147.5 129 133 -1
132 25.0 -34.0 -163.0 130 134 -1
133 -24.5 -30.5 -147.5 131 135 -1
134 25.5 -34.0 -162.5 132 136 -1
135 -25.0 -31.0 -147.5 133 137 -1
136 26.0 -33.5 -162.5 134 138 -1
137 -25.5 -31.0 -147.0 135 139 -1
138 26.5 -33.0 -162.0 136 140 -1
139 -26.0 -30.5 -147.0 137 141 -1
140 27.0 -33.0 -161.5 138 142 -1
141 -26.5 -31.0 -146.5 139 143 -1
142 27.5 -32.5 -161.5 140 144 -1
143 -27.0 -31.0 -146.5 141 145 -1
144 28.0 -32.0 -161.0 142 146 -1
145 -27.5 -31.0 -146.0 143 147 -1
146 28.5 -32.0 -160.5 144 148 -1
147 -28.0 -31.5 -146.0 145 149 -1
148 29.0 -31.5 -160.0 146 150 -1
149 -28.5 -31.5 -145.5 147 151 -1
150 29.5 -31.0 -160.0 148 152 -1
151 -29.0 -31.5 -145.5 149 153 -1
152 30.0 -30.5 -159.5 150 154 -1
153 -29.5 -32.0 -145.0 151 155 -1
154 30.5 -30.0 -159.5 152 156 -1
155 -30.0 -32.0 -145.0 153 157 -1
156 30.5 -29.5 -159.5 154 158 -1
157 -30.5 -32.0 -144.5 155 159 -1
158 31.0 -29.0 -159.5 156 160 -1
159 -31.0 -32.5 -144.0 157 161 -1
160 31.5 -28.5 -159.0 158 162 -1
161 -31.5 -32.5 -144.0 159 163 -1
162 31.5 -28.0 -159.0 160 164 -1
163 -32.0 -32.5 -143.5 161 165 -1
164 32.0 -27.5 -158.5 162 166 -1
165 -32.5 -33.0 -143.0 163 167 -1
166 32.5 -27.0 -158.5 164 168 -1
167 -33.0 -33.0 -143.0 165 169 -1
168 32.5 -26.5 -158.5 166 170 -1
169 -33.5 -33.0 -142.5 167 171 -1
170 33.0 -26.0 -158.0 168 172 -1
171 -34.0 -33.0 -142.5 169 173 -1
172 33.5 -25.5 -158.0 170 174 -1
173 -34.5 -33.0 -142.0 171 175 -1
174 33.5 -25.0 -158.0 172 176 -1
175 -35.0 -33.5 -141.5 173 177 -1
176 34.0 -24.5 -157.5 174 178 -1
177 -35.5 -33.5 -141.5 175 179 -1
178 34.0 -24.0 -157.5 176 180 -1
179 -36.0 -34.0 -141.0 177 181 -1
180 34.5 -23.5 -157.0 178 182 -1
181 -36.5 -34.0 -140.5 179 183 -1
182 34.5 -23.0 -157.0 180 184 -1
183 -37.0 -34.0 -140.0 181 185 -1
184 35.0 -22.5 -156.5 182 186 -1
185 -37.5 -34.0 -140.0 183 187 -1
186 35.0 -22.0 -156.0 184 188 -1
187 -38.0 -34.0 -139.5 185 189 190
188 35.5 -21.5 -156.0 186 191 -1
189 -38.5 -34.0 -140.0 187 192 -1
190 -38.0 -33.5 -139.0 187 193 -1
191 35.5 -21.0 -155.5 188 194 -1
192 -39.0 -34.5 -140.5 189 195 -1
193 -38.5 -33.5 -138.5 190 196 -1
194 36.0 -20.5 -155.0 191 197 -1
195 -39.5 -34.5 -141.0 192 198 -1
196 -39.0 -33.5 -138.0 193 199 -1
197 36.0 -20.0 -155.0 194 200 -1
198 -40.0 -35.0 -141.5 195 201 -1
199 -39.0 -33.5 -137.5 196 202 -1
200 36.5 -19.5 -154.5 197 203 -1
201 -40.5 -35.0 -142.0 198 204 -1
202 -39.5 -33.0 -137.0 199 205 -1
203 36.5 -19.0 -154.5 200 206 -1
204 -41.0 -35.0 -142.5 201 207 -1
205 -39.5 -33.0 -136.5 202 208 -1
206 36.5 -18.5 -154.0 203 209 -1
207 -41.5 -35.0 -143.0 204 210 -1
208 -40.0 -32.5 -136.0 205 211 -1
209 37.0 -18.0 -153.5 206 212 -1
210 -42.0 -35.0 -143.5 207 213 -1
211 -40.0 -32.5 -135.5 208 214 -1
212 37.0 -17.5 -153.0 209 215 -1
213 -42.5 -35.0 -144.0 210 216 -1
214 -40.5 -32.0 -135.0 211 217 -1
215 37.5 -17.0 -152.5 212 218 -1
216 -43.0 -34.5 -143.5 213 219 -1
217 -40.5 -32.0 -134.5 214 220 -1
218 37.5 -16.5 -152.0 215 221 -1
219 -43.5 -35.0 -144.0 216 222 -1
220 -40.5 -32.0 -134.0 217 223 -1
221 37.5 -16.0 -151.5 218 224 -1
222 -44.0 -35.0 -144.5 219 225 -1
223 -41.0 -31.5 -133.5 220 226 -1
224 37.5 -15.5 -151.5 221 227 -1
225 -44.5 -35.0 -145.0 222 228 -1
226 -41.0 -31.5 -133.0 223 229 -1
227 38.0 -15.0 -151.5 224 230 -1
228 -45.0 -35.0 -145.5 225 231 -1
229 -41.0 -31.5 -132.5 226 232 -1
230 38.0 -14.5 -151.0 227 233 -1
231 -45.5 -35.0 -145.5 228 234 -1
232 -41.5 -31.5 -132.0 229 235 -1
233 38.0 -14.0 -150.5 230 236 -1
234 -46.0 -34.5 -145.5 231 237 -1
235 -41.5 -31.0 -131.5 232 238 -1
236 38.0 -13.5 -150.0 233 239 -1
237 -46.5 -34.5 -146.0 234 240 -1
238 -41.5 -31.0 -131.0 235 241 -1
239 38.0 -13.0 -149.5 236 242 -1
240 -47.0 -34.0 -146.0 237 243 -1
241 -41.5 -30.5 -130.5 238 244 -1
242 38.0 -12.5 -149.0 239 245 -1
243 -47.5 -34.0 -146.0 240 246 -1
244 -41.5 -30.5 -130.0 241 247 -1
245 38.0 -12.0 -149.0 242 248 -1
246 -48.0 -33.5 -146.0 243 249 -1
247 -41.5 -30.5 -129.5 244 250 -1
248 38.5 -11.5 -149.0 245 251 -1
249 -48.5 -33.5 -145.5 246 252 -1
250 -41.5 -30.5 -129.0 247 253 -1
251 38.0 -11.0 -148.5 248 254 -1
252 -49.0 -33.0 -145.5 249 255 -1
253 -41.5 -30.5 -128.5 250 256 -1
254 38.0 -10.5 -148.0 251 257 -1
255 -49.5 -33.0 -145.5 252 258 -1
256 -41.5 -30.5 -128.0 253 259 -1
257 38.5 -10.0 -148.0 254 260 -1
258 -50.0 -33.0 -145.0 255 261 -1
259 -41.0 -30.5 -127.5 256 262 -1
260 38.5 -9.5 -148.0 257 263 -1
261 -50.5 -32.5 -145.0 258 264 -1
262 -41.5 -30.0 -127.0 259 265 -1
263 38.5 -9.0 -147.5 260 266 -1
264 -51.0 -32.5 -145.0 261 267 -1
265 -41.5 -30.0 -126.5 262 268 -1
266 38.5 -8.5 -147.5 263 269 -1
267 -51.5 -32.5 -144.5 264 270 -1
268 -41.0 -30.0 -126.0 265 271 -1
269 39.0 -8.0 -147.5 266 272 -1
270 -52.0 -32.5 -144.5 267 273 -1
271 -41.0 -30.0 -125.5 268 274 -1
272 38.5 -7.5 -147.0 269 275 -1
273 -52.5 -32.5 -144.0 270 276 -1
274 -41.0 -29.5 -125.0 271 277 -1
275 39.0 -7.0 -147.0 272 278 -1
276 -53.0 -32.5 -144.0 273 279 -1
277 -41.0 -29.5 -124.5 274 280 -1
278 39.0 -6.5 -147.0 275 281 -1
279 -53.5 -32.5 -143.5 276 282 -1
280 -41.5 -29.0 -124.0 277 283 -1
281 39.5 -6.0 -147.0 278 284 -1
282 -54.0 -32.5 -143.5 279 285 -1
283 -41.0 -29.0 -123.5 280 286 -1
284 39.0 -5.5 -146.5 281 287 -1
285 -54.5 -32.0 -143.5 282 288 -1
286 -41.0 -28.5 -123.0 283 289 -1
287 39.0 -5.0 -146.5 284 290 -1
288 -55.0 -32.5 -143.0 285 291 -1
289 -41.0 -28.5 -122.5 286 292 -1
290 39.5 -4.5 -146.5 287 293 -1
291 -55.5 -32.5 -142.5 288 294 -1
292 -41.0 -28.0 -122.0 289 295 -1
293 39.5 -4.0 -146.0 290 296 -1
294 -56.0 -32.5 -142.5 291 297 -1
295 -40.5 -28.0 -121.5 292 298 -1
296 39.5 -3.5 -146.0 293 299 -1
297 -56.5 -32.5 -142.0 294 300 -1
298 -40.5 -28.0 -121.0 295 301 -1
299 40.0 -3.0 -146.0 296 302 -1
300 -57.0 -32.5 -142.0 297 303 -1
301 -40.5 -27.5 -120.5 298 304 -1
302 40.0 -2.5 -146.0 299 305 -1
303 -57.5 -32.5 -141.5 300 306 -1
304 -40.5 -27.0 -120.0 301 307 -1
305 40.0 -2.0 -145.5 302 308 -1
306 -58.0 -32.5 -141.5 303 309 -1
307 -40.0 -27.0 -119.5 304 310 -1
308 40.5 -1.5 -145.5 305 311 -1
309 -58.5 -33.0 -141.0 306 312 -1
310 -40.5 -26.5 -119.0 307 313 -1
311 40.5 -1.0 -146.0 308 314 -1
312 -59.0 -33.0 -141.0 309 315 -1
313 -40.5 -26.0 -118.5 310 316 -1
314 41.0 -0.5 -145.5 311 317 -1
315 -59.5 -33.0 -140.5 312 318 -1
316 -40.0 -26.0 -118.0 313 319 -1
317 41.0 0.0 -145.5 314 320 -1
318 -60.0 -33.0 -140.5 315 321 -1
319 -40.0 -25.5 -117.5 316 322 -1
320 41.5 0.5 -145.5 317 323 -1
321 -60.5 -33.0 -140.5 318 324 -1
322 -40.0 -25.0 -117.0 319 325 -1
323 41.5 1.0 -145.5 320 326 -1
324 -61.0 -33.0 -140.0 321 327 -1
325 -40.0 -24.5 -116.5 322 328 -1
326 41.5 1.5 -146.0 323 329 -1
327 -61.5 -33.0 -140.0 324 330 -1
328 -40.0 -24.0 -116.0 325 331 -1
329 41.5 2.0 -146.0 326 332 -1
330 -62.0 -33.0 -139.5 327 333 -1
331 -40.0 -23.5 -115.5 328 334 -1
332 42.0 2.5 -146.0 329 335 -1
333 -62.5 -33.0 -139.5 330 336 -1
334 -40.0 -23.0 -115.0 331 337 -1
335 42.0 3.0 -146.0 332 338 -1
336 -63.0 -33.5 -139.0 333 339 -1
337 -40.0 -22.5 -114.5 334 340 -1
338 42.5 3.5 -146.0 335 341 -1
339 -63.5 -33.5 -139.0 336 342 -1
340 -39.5 -22.5 -114.0 337 343 -1
341 43.0 4.0 -145.5 338 344 -1
342 -64.0 -33.5 -138.5 339 -1 -1
343 -39.5 -22.0 -113.5 340 345 -1
344 43.5 4.5 -145.5 341 346 -1
345 -39.5 -21.5 -113.0 343 347 -1
346 44.0 5.0 -145.5 344 348 -1
347 -39.5 -21.0 -112.5 345 349 -1
348 44.0 5.5 -146.0 346 350 -1
349 -39.5 -20.5 -112.0 347 351 -1
350 44.5 6.0 -146.0 348 352 -1
351 -39.0 -20.5 -111.5 349 353 -1
352 45.0 6.5 -146.0 350 354 -1
353 -39.0 -20.0 -111.0 351 355 -1
354 45.5 7.0 -146.5 352 356 -1
355 -39.0 -19.5 -111.0 353 357 -1
356 46.0 7.0 -146.5 354 358 -1
357 -39.0 -19.0 -110.5 355 359 -1
358 46.5 7.5 -146.5 356 360 -1
359 -38.5 -18.5 -110.0 357 361 -1
360 47.0 7.5 -147.0 358 362 -1
361 -38.5 -18.0 -109.5 359 363 -1
362 47.5 8.0 -147.0 360 364 -1
363 -38.5 -18.0 -109.0 361 365 -1
364 48.0 8.5 -147.0 362 366 -1
365 -38.5 -17.5 -108.5 363 367 -1
366 48.5 8.5 -147.5 364 368 -1
367 -38.5 -17.5 -108.0 365 369 -1
368 49.0 9.0 -147.5 366 370 -1
369 -38.5 -17.0 -107.5 367 371 -1
370 49.5 9.0 -148.0 368 372 -1
371 -38.5 -16.5 -107.0 369 373 -1
372 50.0 9.0 -148.0 370 374 -1
373 -38.5 -16.0 -106.5 371 375 -1
374 50.5 9.0 -148.5 372 376 -1
375 -38.0 -15.5 -106.0 373 377 -1
376 51.0 9.0 -149.0 374 378 -1
377 -38.0 -15.5 -105.5 375 379 -1
378 51.5 9.5 -149.0 376 380 -1
379 -38.0 -15.0 -105.0 377 381 -1
380 52.0 9.5 -149.5 378 382 -1
381 -38.0 -14.5 -104.5 379 383 -1
382 52.5 9.5 -149.5 380 384 -1
383 -38.0 -14.0 -104.0 381 385 -1
384 53.0 10.0 -149.5 382 386 -1
385 -38.0 -14.0 -103.5 383 387 -1
386 53.5 10.0 -150.0 384 388 -1
387 -38.0 -13.5 -103.0 385 389 -1
388 54.0 10.0 -150.0 386 390 -1
389 -38.0 -13.0 -102.5 387 391 -1
390 54.5 10.0 -150.0 388 392 -1
391 -38.0 -12.5 -102.0 389 393 -1
392 55.0 10.5 -150.0 390 394 -1
393 -37.5 -12.5 -101.5 391 395 -1
394 55.5 10.5 -150.0 392 396 -1
395 -37.5 -12.0 -101.0 393 397 -1
396 56.0 10.5 -150.5 394 398 -1
397 -37.5 -11.5 -100.5 395 399 -1
398 56.5 10.5 -150.5 396 400 -1
399 -37.5 -11.0 -100.0 397 401 -1
400 57.0 10.5 -150.5 398 402 -1
401 -37.0 -11.0 -99.5 399 403 -1
402 57.5 11.0 -150.5 400 404 -1
403 -37.0 -10.5 -99.0 401 405 -1
404 58.0 10.5 -151.0 402 406 -1
405 -37.0 -10.0 -98.5 403 407 -1
406 58.5 10.5 -151.0 404 408 -1
407 -37.0 -9.5 -98.0 405 409 -1
408 59.0 11.0 -151.0 406 410 -1
409 -37.0 -9.0 -97.5 407 411 -1
410 59.5 10.5 -151.5 408 412 -1
411 -36.5 -9.0 -97.0 409 413 -1
412 60.0 10.5 -151.5 410 414 -1
413 -37.0 -8.5 -96.5 411 415 -1
414 60.5 10.5 -151.5 412 416 -1
415 -36.5 -8.5 -96.0 413 417 -1
416 61.0 10.5 -152.0 414 418 -1
417 -36.5 -8.0 -95.5 415 419 -1
418 61.5 10.5 -152.0 416 420 -1
419 -36.5 -7.5 -95.0 417 421 -1
420 62.0 10.5 -152.0 418 422 -1
421 -36.0 -7.5 -94.5 419 423 -1
422 62.5 10.5 -152.0 420 424 -1
423 -36.0 -7.0 -94.0 421 425 -1
424 63.0 10.5 -152.5 422 426 -1
425 -36.0 -7.0 -93.5 423 427 -1
426 63.5 10.5 -152.5 424 428 -1
427 -36.0 -6.5 -93.0 425 429 -1
428 64.0 10.5 -152.5 426 430 -1
429 -35.5 -6.5 -92.5 427 431 -1
430 64.5 10.5 -152.5 428 432 -1
431 -35.5 -6.5 -92.0 429 433 -1
432 65.0 10.5 -152.5 430 434 -1
433 -35.5 -6.0 -91.5 431 435 -1
434 65.5 10.5 -152.5 432 436 -1
435 -35.5 -5.5 -91.0 433 437 -1
436 66.0 10.5 -152.5 434 438 -1
437 -35.5 -5.0 -90.5 435 439 -1
438 66.5 10.5 -152.5 436 440 -1
439 -35.0 -5.0 -90.0 437 441 -1
440 67.0 10.5 -152.5 438 442 -1
441 -35.0 -5.0 -89.5 439 443 -1
442 67.5 11.0 -152.5 440 444 -1
443 -35.0 -4.5 -89.0 441 445 -1
444 68.0 11.0 -152.5 442 446 -1
445 -35.0 -4.5 -88.5 443 447 -1
446 68.5 11.0 -152.5 444 448 -1
447 -35.5 -4.0 -88.0 445 449 -1
448 69.0 11.0 -152.5 446 450 -1
449 -35.0 -4.0 -87.5 447 451 -1
450 69.5 11.0 -152.5 448 452 -1
451 -35.0 -4.0 -87.0 449 453 -1
452 70.0 11.0 -152.5 450 454 -1
453 -35.0 -3.5 -86.5 451 455 -1
454 70.5 11.0 -152.5 452 456 -1
455 -35.0 -3.5 -86.0 453 457 -1
456 71.0 11.0 -152.5 454 458 -1
457 -35.0 -3.0 -85.5 455 459 -1
458 71.5 11.0 -152.5 456 460 -1
459 -35.0 -3.0 -85.0 457 461 -1
460 72.0 11.0 -152.5 458 462 -1
461 -35.0 -2.5 -84.5 459 463 -1
462 72.5 11.0 -152.5 460 464 -1
463 -35.0 -2.0 -84.0 461 465 -1
464 73.0 11.0 -152.5 462 466 -1
465 -35.0 -2.0 -83.5 463 467 -1
466 73.5 11.0 -152.0 464 468 -1
467 -35.0 -1.5 -83.0 465 469 -1
468 74.0 11.0 -152.0 466 470 -1
469 -35.0 -1.5 -82.5 467 471 -1
470 74.5 11.5 -152.0 468 472 -1
471 -34.5 -1.0 -82.0 469 473 -1
472 75.0 11.5 -152.0 470 474 -1
473 -35.0 -1.0 -81.5 471 475 -1
474 75.5 11.5 -151.5 472 476 -1
475 -35.0 -0.5 -81.0 473 477 -1
476 76.0 12.0 -151.5 474 478 -1
477 -35.0 -0.5 -80.5 475 479 -1
478 76.5 12.5 -152.0 476 480 -1
479 -34.5 -0.5 -80.0 477 481 -1
480 77.0 12.5 -151.5 478 482 -1
481 -34.5 -0.5 -79.5 479 483 -1
482 77.5 12.5 -151.5 480 484 -1
483 -35.0 0.0 -79.0 481 485 -1
484 78.0 13.0 -151.5 482 486 -1
485 -34.5 0.0 -78.5 483 487 -1
486 78.5 13.0 -151.5 484 488 -1
487 -34.5 0.5 -78.0 485 489 -1
488 79.0 13.5 -151.0 486 490 -1
489 -34.0 0.5 -77.5 487 491 -1
490 79.5 13.5 -151.5 488 492 -1
491 -34.0 1.0 -77.0 489 493 -1
492 80.0 14.0 -151.0 490 -1 -1
493 -34.0 1.0 -76.5 491 494 -1
494 -33.5 1.0 -76.0 493 495 -1
495 -33.5 1.5 -75.5 494 496 -1
496 -33.5 2.0 -75.0 495 497 -1
497 -33.5 2.0 -74.5 496 498 -1
498 -33.5 2.5 -74.0 497 -1 -1
