0 -15.5 -149.0 1162.5 -1 1 -1
1 -15.5 -148.5 1163.0 0 2 -1
2 -15.5 -148.5 1163.5 1 3 -1
3 -15.5 -148.0 1164.0 2 4 -1
4 -15.5 -148.0 1164.5 3 5 -1
5 -16.0 -148.0 1165.0 4 6 -1
6 -15.5 -147.5 1165.5 5 7 -1
7 -16.0 -147.5 1166.0 6 8 -1
8 -16.0 -147.5 1166.5 7 9 -1
9 -16.0 -147.0 1167.0 8 10 -1
10 -16.0 -147.0 1167.5 9 11 -1
11 -16.0 -147.0 1168.0 10 12 -1
12 -16.0 -146.5 1168.5 11 13 -1
13 -16.0 -146.5 1169.0 12 14 -1
14 -16.0 -146.5 1169.5 13 15 -1
15 -16.0 -146.0 1170.0 14 16 -1
16 -16.0 -146.0 1170.5 15 17 -1
17 -16.0 -146.0 1171.0 16 18 -1
18 -16.0 -145.5 1171.5 17 19 -1
19 -16.0 -145.5 1172.0 18 20 -1
20 -16.0 -145.5 1172.5 19 21 -1
21 -16.0 -145.0 1173.0 20 22 -1
22 -16.0 -144.5 1173.5 21 23 -1
23 -16.0 -144.0 1174.0 22 24 -1
24 -16.0 -144.0 1174.5 23 25 -1
25 -15.5 -143.5 1175.0 24 26 -1
26 -16.0 -143.5 1175.5 25 27 -1
27 -16.0 -143.0 1176.0 26 28 -1
28 -16.0 -142.5 1176.5 27 29 -1
29 -16.5 -142.5 1177.0 28 30 -1
30 -16.5 -142.0 1177.5 29 31 -1
31 -16.5 -142.0 1178.0 30 32 -1
32 -16.5 -141.5 1178.5 31 33 34
33 -16.0 -141.5 1179.0 32 35 -1
34 -17.0 -141.0 1179.5 32 36 -1
35 -15.5 -141.5 1179.0 33 37 -1
36 -17.5 -141.0 1179.5 34 38 -1
37 -15.0 -141.5 1179.0 35 39 -1
38 -18.0 -141.0 1180.0 36 40 -1
39 -14.5 -141.5 1179.0 37 41 -1
40 -18.5 -140.5 1180.5 38 42 -1
41 -14.0 -142.0 1179.0 39 43 -1
42 -18.5 -140.5 1181.0 40 44 -1
43 -13.5 -142.0 1179.0 41 45 -1
44 -19.0 -140.0 1181.5 42 46 -1
45 -13.0 -142.0 1179.5 43 47 -1
46 -19.5 -140.0 1182.0 44 48 -1
47 -12.5 -142.0 1179.5 45 49 -1
48 -20.0 -139.5 1182.5 46 50 -1
49 -12.0 -142.0 1180.0 47 51 -1
50 -20.5 -139.0 1183.0 48 52 -1
51 -11.5 -142.0 1180.0 49 53 -1
52 -21.0 -139.0 1183.5 50 54 -1
53 -11.0 -142.0 1180.5 51 55 -1
54 -21.0 -139.0 1184.0 52 56 -1
55 -10.5 -142.0 1180.5 53 57 -1
56 -21.5 -139.0 1184.5 54 58 -1
57 -10.0 -142.0 1180.5 55 59 -1
58 -22.0 -138.5 1185.0 56 60 -1
59 -9.5 -142.0 1180.5 57 61 -1
60 -22.5 -138.5 1185.5 58 62 -1
61 -9.0 -142.0 1180.5 59 63 -1
62 -23.0 -138.0 1186.0 60 64 -1
63 -8.5 -142.0 1180.5 61 65 -1
64 -23.5 -138.0 1186.5 62 66 -1
65 -8.0 -142.0 1181.0 63 67 -1
66 -24.0 -138.0 1187.0 64 68 -1
67 -7.5 -142.0 1181.0 65 69 -1
68 -24.5 -137.5 1187.5 66 70 -1
69 -7.0 -142.0 1181.0 67 71 -1
70 -25.0 -137.5 1188.0 68 72 -1
71 -6.5 -142.0 1181.0 69 73 -1
72 -25.5 -137.5 1188.5 70 74 -1
73 -6.0 -142.0 1181.0 71 75 -1
74 -26.0 -137.5 1189.0 72 76 -1
75 -5.5 -142.0 1181.0 73 77 -1
76 -26.5 -137.5 1189.0 74 78 -1
77 -5.0 -141.5 1181.5 75 79 -1
78 -27.0 -137.5 1189.5 76 80 -1
79 -4.5 -141.5 1181.5 77 81 -1
80 -27.5 -137.5 1190.0 78 82 -1
81 -4.0 -141.5 1181.5 79 83 -1
82 -27.5 -137.0 1190.5 80 84 -1
83 -3.5 -141.5 1181.5 81 85 -1
84 -28.0 -137.0 1191.0 82 86 -1
85 -3.0 -141.5 1181.5 83 87 -1
86 -28.5 -137.0 1191.0 84 88 -1
87 -2.5 -141.5 1181.5 85 89 -1
88 -29.0 -137.0 1191.5 86 90 -1
89 -2.0 -141.5 1181.5 87 91 -1
90 -29.5 -137.0 1192.0 88 92 -1
91 -1.5 -141.0 1181.5 89 93 -1
92 -30.0 -137.0 1192.5 90 94 -1
93 -1.0 -141.0 1182.0 91 95 -1
94 -30.5 -137.0 1193.0 92 96 -1
95 -0.5 -141.0 1182.0 93 97 -1
96 -31.0 -137.0 1193.5 94 98 -1
97 0.0 -141.0 1182.0 95 99 -1
98 -31.5 -137.0 1194.0 96 100 -1
99 0.5 -141.0 1182.0 97 101 -1
100 -32.0 -136.5 1194.0 98 102 -1
101 1.0 -140.5 1182.0 99 103 -1
102 -32.5 -137.0 1194.5 100 104 -1
103 1.5 -140.5 1182.0 101 105 -1
104 -33.0 -136.5 1195.0 102 106 -1
105 2.0 -140.5 1182.0 103 107 -1
106 -33.5 -136.5 1195.0 104 108 -1
107 2.5 -140.5 1182.5 105 109 -1
108 -34.0 -136.5 1195.5 106 110 -1
109 3.0 -140.0 1182.5 107 111 -1
110 -34.5 -136.5 1196.0 108 112 -1
111 3.5 -140.0 1182.5 109 113 -1
112 -35.0 -136.5 1196.5 110 114 -1
113 4.0 -139.5 1182.5 111 115 -1
114 -35.5 -136.5 1197.0 112 116 -1
115 4.5 -139.5 1182.5 113 117 -1
116 -36.0 -136.5 1197.5 114 118 -1
117 5.0 -139.0 1182.5 115 119 -1
118 -36.5 -136.5 1198.0 116 120 -1
119 5.5 -139.0 1182.5 117 121 -1
120 -37.0 -136.0 1198.0 118 122 -1
121 6.0 -139.0 1182.5 119 123 -1
122 -37.5 -136.5 1198.5 120 124 -1
123 6.5 -138.5 1182.5 121 125 -1
124 -38.0 -136.5 1199.0 122 126 -1
125 7.0 -138.5 1182.5 123 127 -1
126 -38.5 -136.5 1199.5 124 128 -1
127 7.5 -138.5 1183.0 125 129 -1
128 -39.0 -136.5 1199.5 126 130 -1
129 8.0 -138.5 1183.0 127 131 -1
130 -39.5 -136.5 1200.0 128 132 -1
131 8.5 -138.0 1182.5 129 133 -1
132 -40.0 -137.0 1200.5 130 134 -1
133 9.0 -138.0 1183.0 131 135 -1
134 -40.5 -137.0 1201.0 132 136 -1
135 9.5 -137.5 1183.0 133 137 -1
136 -41.0 -136.5 1201.0 134 138 -1
137 10.0 -137.0 1183.5 135 139 -1
138 -41.5 -136.5 1201.5 136 140 -1
139 10.5 -137.0 1183.5 137 141 -1
140 -42.0 -137.0 1202.0 138 142 -1
141 11.0 -136.5 1183.5 139 143 -1
142 -42.5 -137.0 1202.5 140 144 145
143 11.5 -136.0 1183.5 141 146 -1
144 -43.0 -136.5 1202.5 142 147 -1
145 -42.5 -137.5 1203.0 142 148 -1
146 12.0 -136.0 1183.5 143 149 -1
147 -43.5 -136.5 1202.5 144 150 -1
148 -42.5 -138.0 1203.5 145 151 -1
149 12.5 -135.5 1183.5 146 152 -1
150 -44.0 -136.5 1202.5 147 153 -1
151 -42.5 -138.5 1204.0 148 154 -1
152 13.0 -135.0 1184.0 149 155 -1
153 -44.5 -136.5 1202.5 150 156 -1
154 -42.5 -139.0 1204.5 151 157 -1
155 13.5 -135.0 1184.0 152 158 -1
156 -45.0 -136.0 1202.5 153 159 -1
157 -42.5 -139.5 1205.0 154 160 -1
158 14.0 -134.5 1184.0 155 161 -1
159 -45.5 -136.0 1202.5 156 162 -1
160 -42.0 -140.0 1205.5 157 163 -1
161 14.5 -134.0 1184.0 158 164 -1
162 -46.0 -136.0 1203.0 159 165 -1
163 -42.0 -140.5 1206.0 160 166 -1
164 15.0 -133.5 1184.0 161 167 -1
165 -46.5 -136.0 1203.0 162 168 -1
166 -42.0 -141.0 1206.5 163 169 -1
167 15.5 -133.0 1184.5 164 170 -1
168 -47.0 -136.0 1203.0 165 171 -1
169 -42.0 -141.5 1207.0 166 172 -1
170 16.0 -132.5 1184.5 167 173 -1
171 -47.5 -136.0 1203.5 168 174 -1
172 -41.5 -142.0 1207.5 169 175 -1
173 16.5 -132.0 1185.0 170 176 -1
174 -48.0 -136.0 1203.5 171 177 -1
175 -41.5 -142.5 1208.0 172 178 -1
176 17.0 -131.5 1185.0 173 179 -1
177 -48.5 -135.5 1203.5 174 180 -1
178 -41.5 -143.0 1208.5 175 181 -1
179 17.5 -131.0 1185.5 176 182 -1
180 -49.0 -135.5 1203.5 177 183 -1
181 -41.0 -143.5 1209.0 178 184 -1
182 18.0 -130.5 1185.5 179 185 -1
183 -49.5 -135.5 1203.5 180 186 -1
184 -41.0 -143.5 1209.5 181 187 -1
185 18.5 -130.0 1186.0 182 188 -1
186 -50.0 -135.5 1203.5 183 189 -1
187 -41.0 -144.0 1210.0 184 190 -1
188 19.0 -129.5 1186.0 185 191 -1
189 -50.5 -135.5 1204.0 186 192 -1
190 -40.5 -144.5 1210.5 187 193 -1
191 19.5 -129.0 1186.0 188 194 -1
192 -51.0 -135.5 1204.0 189 195 -1
193 -40.5 -145.0 1211.0 190 196 -1
194 20.0 -128.5 1186.5 191 197 -1
195 -51.5 -135.0 1204.0 192 198 -1
196 -40.0 -145.0 1211.5 193 199 -1
197 20.5 -128.0 1186.5 194 200 -1
198 -52.0 -135.5 1204.5 195 201 -1
199 -40.0 -145.5 1212.0 196 202 -1
200 21.0 -127.5 1187.0 197 203 -1
201 -52.5 -135.5 1204.5 198 204 -1
202 -39.5 -146.0 1212.5 199 205 -1
203 21.5 -127.0 1187.0 200 206 -1
204 -53.0 -135.5 1204.5 201 207 -1
205 -39.5 -146.5 1213.0 202 208 -1
206 22.0 -126.5 1187.0 203 209 -1
207 -53.5 -135.5 1204.5 204 210 -1
208 -39.0 -147.0 1213.5 205 211 -1
209 22.5 -126.0 1187.5 206 212 -1
210 -54.0 -135.0 1204.5 207 213 -1
211 -38.5 -147.5 1214.0 208 214 -1
212 23.0 -125.5 1187.5 209 215 -1
213 -54.5 -134.5 1204.0 210 216 -1
214 -38.0 -148.0 1214.5 211 217 -1
215 23.0 -125.0 1187.5 212 218 -1
216 -55.0 -134.5 1204.0 213 219 -1
217 -38.0 -148.5 1215.0 214 220 -1
218 23.5 -124.5 1187.5 215 221 -1
219 -55.5 -135.0 1204.5 216 222 -1
220 -37.5 -149.0 1215.5 217 223 -1
221 24.0 -124.0 1188.0 218 224 -1
222 -56.0 -134.5 1204.5 219 225 -1
223 -37.0 -149.5 1215.5 220 226 -1
224 24.5 -123.5 1188.0 221 227 -1
225 -56.5 -135.0 1205.0 222 228 -1
226 -37.0 -150.0 1216.0 223 229 -1
227 24.5 -123.0 1188.5 224 230 -1
228 -57.0 -135.0 1205.0 225 231 -1
229 -36.5 -150.5 1216.5 226 232 -1
230 25.0 -122.5 1188.5 227 233 -1
231 -57.5 -135.0 1205.0 228 -1 -1
232 -36.0 -151.0 1216.5 229 234 -1
233 25.5 -122.0 1188.5 230 235 -1
234 -35.5 -151.5 1217.0 232 236 -1
235 26.0 -121.5 1189.0 233 237 -1
236 -35.5 -152.0 1217.5 234 238 -1
237 26.5 -121.0 1189.0 235 239 -1
238 -35.0 -152.5 1217.5 236 240 -1
239 27.0 -120.5 1189.0 237 241 -1
240 -35.0 -153.0 1218.0 238 242 -1
241 27.0 -120.0 1189.0 239 243 -1
242 -34.5 -153.5 1218.0 240 244 -1
243 27.5 -119.5 1189.0 241 245 -1
244 -34.0 -154.0 1218.0 242 246 -1
245 28.0 -119.0 1189.0 243 247 -1
246 -34.0 -154.5 1218.5 244 248 -1
247 28.5 -118.5 1189.0 245 249 -1
248 -33.5 -155.0 1218.5 246 250 -1
249 29.0 -118.0 1189.0 247 251 -1
250 -33.5 -155.5 1219.0 248 252 -1
251 29.5 -117.5 1189.5 249 253 -1
252 -33.0 -156.0 1219.0 250 254 -1
253 30.0 -117.0 1189.5 251 255 -1
254 -33.0 -156.5 1219.5 252 256 -1
255 30.5 -116.5 1189.5 253 257 -1
256 -32.5 -157.0 1219.5 254 -1 -1
257 31.0 -116.0 1189.5 255 258 -1
258 31.5 -115.5 1189.5 257 259 -1
259 32.0 -115.0 1189.5 258 260 -1
260 32.5 -114.5 1189.5 259 261 -1
261 33.0 -114.0 1189.5 260 262 -1
262 33.5 -114.0 1189.5 261 263 -1
263 34.0 -113.5 1189.5 262 264 -1
264 34.5 -113.0 1189.5 263 265 -1
265 35.0 -112.5 1189.5 264 266 -1
266 35.5 -112.0 1189.5 265 267 -1
267 36.0 -112.0 1189.5 266 268 -1
268 36.5 -111.5 1189.5 267 269 -1
269 37.0 -111.0 1189.5 268 270 -1
270 37.5 -110.5 1189.5 269 271 -1
271 38.0 -110.5 1189.5 270 272 -1
272 38.5 -110.0 1189.5 271 273 -1
273 39.0 -109.5 1189.5 272 274 -1
274 39.5 -109.5 1189.5 273 275 -1
275 40.0 -109.0 1189.5 274 276 -1
276 40.5 -109.0 1189.5 275 277 -1
277 41.0 -108.5 1189.5 276 278 -1
278 41.5 -108.0 1189.5 277 279 -1
279 42.0 -107.5 1189.5 278 280 -1
280 42.5 -107.5 1189.5 279 281 -1
281 43.0 -107.0 1189.5 280 282 -1
282 43.5 -107.0 1189.5 281 283 -1
283 44.0 -106.5 1189.5 282 284 -1
284 44.5 -106.0 1189.5 283 285 -1
285 45.0 -106.0 1189.5 284 286 -1
286 45.5 -105.5 1189.5 285 287 -1
287 46.0 -105.5 1189.5 286 288 -1
288 46.5 -105.0 1189.5 287 289 -1
289 47.0 -105.0 1189.5 288 290 -1
290 47.5 -104.5 1189.5 289 291 -1
291 48.0 -104.0 1189.0 290 292 -1
292 48.5 -104.0 1189.5 291 293 -1
293 49.0 -103.5 1189.0 292 294 -1
294 49.5 -103.5 1189.5 293 295 -1
295 50.0 -103.0 1189.5 294 296 -1
296 50.5 -103.0 1189.5 295 297 -1
297 51.0 -102.5 1189.5 296 298 -1
298 51.5 -102.5 1189.5 297 299 -1
299 52.0 -102.0 1189.5 298 300 -1
300 52.5 -102.0 1189.5 299 301 -1
301 53.0 -102.0 1189.5 300 302 -1
302 53.5 -101.5 1189.5 301 303 -1
303 54.0 -101.5 1189.5 302 304 -1
304 54.5 -101.0 1190.0 303 305 -1
305 55.0 -101.0 1190.0 304 306 -1
306 55.5 -100.5 1190.0 305 307 -1
307 56.0 -100.5 1190.0 306 308 -1
308 56.5 -100.5 1189.5 307 309 -1
309 57.0 -100.0 1190.0 308 310 -1
310 57.5 -99.5 1190.0 309 311 -1
311 58.0 -99.5 1190.0 310 312 -1
312 58.5 -99.5 1190.0 311 313 -1
313 59.0 -99.5 1190.0 312 314 -1
314 59.5 -99.0 1190.0 313 -1 -1
