0 -15.5 -149.0 1162.5 -1 1 -1
1 -15.53193050696855 -148.9281401910749 1162.6637501884234 0 2 -1
2 -15.562326528434413 -148.8569532359236 1162.8280580689916 1 3 -1
3 -15.59118801142872 -148.78633708845885 1162.992888201952 2 4 -1
4 -15.618562158702712 -148.71626850372022 1163.1582050634283 3 5 -1
5 -15.64449665915329 -148.646723723371 1163.3239746507363 4 6 -1
6 -15.669037860240232 -148.57767917852476 1163.4901649815354 5 7 -1
7 -15.692232070689084 -148.50911104685758 1163.656745592819 6 8 -1
8 -15.71412358259532 -148.4409959742434 1163.8236880138622 7 9 -1
9 -15.734757566883063 -148.37331008800956 1163.9909648647283 8 10 -1
10 -15.754177504980355 -148.30602991537074 1164.1585504889072 9 11 -1
11 -15.772426141321816 -148.2391320671612 1164.3264205975038 10 12 -1
12 -15.789545469824322 -148.17259326138233 1164.4945521961795 11 13 -1
13 -15.805576725545498 -148.1063903432036 1164.662923513814 12 14 -1
14 -15.820560381003027 -148.0405003016844 1164.8315139330966 13 15 -1
15 -15.83453614666864 -147.97490028346354 1165.0003039232038 14 16 -1
16 -15.847542975182641 -147.9095676036651 1165.1692749746753 15 17 -1
17 -15.859619068869348 -147.8444797542539 1165.3384095365707 16 18 -1
18 -15.870801690628953 -147.7796144567148 1165.507690986445 17 19 -1
19 -15.881127294202601 -147.71494962374138 1165.6771035438373 18 20 -1
20 -15.890632344866699 -147.6504631905265 1165.8466321049882 19 21 -1
21 -15.899351615330408 -147.58613349037145 1166.0162624340248 20 22 -1
22 -15.907320078048253 -147.52193885636137 1166.1859808539045 21 23 -1
23 -15.914571399643371 -147.4578579163302 1166.3557743918768 22 24 -1
24 -15.921139290477194 -147.39386936473318 1166.5256305852677 23 25 -1
25 -15.927055943593485 -147.32995217277679 1166.6955375834393 24 26 -1
26 -15.932354043204183 -147.26608534856402 1166.865483941484 25 27 -1
27 -15.937065127030651 -147.20224812126094 1167.0354587135166 26 28 -1
28 -15.9412199560777 -147.13841984441672 1167.2054513616815 27 29 -1
29 -15.944849486739008 -147.0745799908429 1167.3754516973315 28 30 -1
30 -15.947983828481464 -147.0107081710666 1167.5454498838376 29 31 -1
31 -15.950652659036683 -146.94678410594523 1167.715436384016 30 32 -1
32 -15.952885247541973 -146.8827876184725 1167.885401927647 31 33 -1
33 -15.95471046184286 -146.81869862050368 1168.0553374784897 32 34 -1
34 -15.956156799880622 -146.75449710055796 1168.2252342024392 33 35 -1
35 -15.957252513535384 -146.69016315624768 1168.3950834532507 34 36 -1
36 -15.95802546472659 -146.62567693435875 1168.5648767264254 35 37 -1
37 -15.958503224025272 -146.5610186386962 1168.7346056371123 36 38 -1
38 -15.95871309386908 -146.49616852075405 1168.9042618931671 37 39 -1
39 -15.958682131649207 -146.43110687037876 1169.0738372688454 38 40 -1
40 -15.958437172640544 -146.3658140064731 1169.2433235790547 39 41 -1
41 -15.958004830931886 -146.30027023107476 1169.4127126397839 40 42 -1
42 -15.957411584251908 -146.23445590272524 1169.5819962751805 41 43 -1
43 -15.956683748383298 -146.16835138313849 1169.751166276004 42 44 -1
44 -15.955847497983173 -146.10193701647057 1169.9202143706038 43 45 -1
45 -15.954928896632808 -146.03519313192407 1170.0891322051502 44 46 -1
46 -15.953953918356254 -145.9681000356192 1170.2579113197246 45 47 -1
47 -15.952948468832279 -145.9006380028165 1170.4265431244887 46 48 -1
48 -15.951938406279448 -145.83278727053693 1170.595018875874 47 49 -1
49 -15.95094956199331 -145.76452803062804 1170.763329652729 48 50 -1
50 -15.950007775794907 -145.69584032945838 1170.931466293966 49 51 -1
51 -15.949138892387284 -145.62670428067887 1171.0994194631755 50 52 -1
52 -15.948368775392629 -145.55709995744868 1171.267179583578 51 53 -1
53 -15.947723344940387 -145.48700731460204 1171.4347367832886 52 54 -1
54 -15.94722859047072 -145.4164062359388 1171.6020808913304 53 55 -1
55 -15.946910588633413 -145.34527653110584 1171.7692014125241 54 56 -1
56 -15.94679552062575 -145.27359793333375 1171.9360875020302 55 57 -1
57 -15.946909688924578 -145.20135009809977 1172.1027279395098 56 58 -1
58 -15.947279533363117 -145.1285126027915 1172.2691111028848 57 59 -1
59 -15.947931667699201 -145.05506490418296 1172.4352249223425 58 60 -1
60 -15.94889285774124 -144.9809864219019 1172.6010568888976 59 61 -1
61 -15.950190011351921 -144.90625657576655 1172.7665940435575 60 62 -1
62 -15.951850259355515 -144.8308546545872 1172.9318228885527 61 63 -1
63 -15.953900938085539 -144.75475988549798 1173.0967293869362 62 64 -1
64 -15.956369600186951 -144.67795144142278 1173.26129893379 63 65 -1
65 -15.959284024252014 -144.60040845018224 1173.4255163270561 64 66 -1
66 -15.962672223189061 -144.52211000535036 1173.589365738028 65 67 -1
67 -15.966562456841393 -144.4430351705146 1173.7528306772979 66 68 -1
68 -15.97098334296887 -144.36316284073507 1173.9158938858188 67 69 -1
69 -15.975963556472541 -144.28247221407102 1174.0785375344979 68 70 -1
70 -15.981532107756736 -144.2009423899334 1174.2407429839318 69 71 -1
71 -15.98771826042445 -144.11855251803416 1174.402490817451 70 72 -1
72 -15.99455152945862 -144.03528182215607 1174.563760811167 71 73 -1
73 -16.002061677210552 -143.95110962647368 1174.7245319043643 72 74 -1
74 -16.010278979770284 -143.86601503576827 1174.8847819692785 73 75 -1
75 -16.01923363188578 -143.77997773553776 1175.0444882137153 74 76 -1
76 -16.02895594530135 -143.6929777287555 1175.2036269994928 75 77 -1
77 -16.03947664128623 -143.6049949916187 1175.3621735896281 76 78 -1
78 -16.050827187806487 -143.51600911570196 1175.5201018548075 77 79 -1
79 -16.06303804906269 -143.42600142745263 1175.6773855404322 78 80 -1
80 -16.076140714149254 -143.33495255970044 1175.8339967144655 79 81 -1
81 -16.090166819877883 -143.24284354742184 1175.9899063757953 80 82 -1
82 -16.105147240224937 -143.1496568594229 1176.1450851140619 81 83 -1
83 -16.12111446269584 -143.05537374035015 1176.2995012449026 82 84 -1
84 -16.13809893778004 -142.9599782942205 1176.4531235868594 83 85 -1
85 -16.156133411536086 -142.8634527338065 1176.6059180507357 84 86 -1
86 -16.17524819133957 -142.76578252978274 1176.7578513150636 85 87 -1
87 -16.195475591769906 -142.6669516645191 1176.9088872670995 86 88 -1
88 -16.21684607414338 -142.56694672225848 1177.0589900505122 87 89 -1
89 -16.23939075162809 -142.46575427358061 1177.2081220163525 88 90 -1
90 -16.263140530555273 -142.36336179916856 1177.3562443684552 89 91 -1
91 -16.2881249352546 -142.25975883985436 1177.5033181356491 90 92 -1
92 -16.314374260748323 -142.15493488256604 1177.6493023214196 91 93 -1
93 -16.34191755208327 -142.04888134790926 1177.7941555920172 92 94 -1
94 -16.370782890114366 -141.94159127532666 1177.937836042147 93 95 -1
95 -16.400998433573196 -141.83305835391369 1178.0803002476575 94 96 -1
96 -16.43259132916402 -141.72327794855806 1178.2215042091896 95 97 -1
97 -16.465587007004935 -141.61224769439667 1178.3614040244427 96 98 -1
98 -16.5 -141.5 1178.5 97 99 100
99 -16.317942285360843 -141.52557701541184 1178.5688121914923 98 101 -1
100 -16.62047156050224 -141.4162382122188 1178.6590805320668 98 102 -1
101 -16.135293042519955 -141.55066584599194 1178.6367099741053 99 103 -1
102 -16.74166432190605 -141.33320682144893 1178.8180542571722 100 104 -1
103 -15.952214462131709 -141.57517515864498 1178.7036564556024 101 105 -1
104 -16.86359610543238 -141.2509376287784 1178.9768590537635 102 106 -1
105 -15.768717006832146 -141.59910020775303 1178.769660906188 103 107 -1
106 -16.986260135363676 -141.16943038504039 1179.1354927515229 104 108 -1
107 -15.584808454918727 -141.62243249039676 1178.8347267670456 105 109 -1
108 -17.10965069643089 -141.08868590314313 1179.293952980378 106 110 -1
109 -15.400499269910672 -141.6451673883321 1178.8988638371675 107 111 -1
110 -17.233760047458095 -141.00870280927094 1179.4522379121106 108 112 -1
111 -15.215801975710804 -141.6673038300883 1178.9620872445314 109 113 -1
112 -17.358581246390347 -140.92948049230668 1179.610345594715 110 114 -1
113 -15.030726459740402 -141.68883715939774 1179.0244064572462 111 115 -1
114 -17.48410750330881 -140.85101843739096 1179.7682740997939 112 116 -1
115 -14.845282471058844 -141.70976273579643 1179.0858309815496 113 117 -1
116 -17.610332613498237 -140.77331670804955 1179.926021404347 114 118 -1
117 -14.659475326193029 -141.73006835435365 1179.1463595972366 115 119 -1
118 -17.737249710047315 -140.6963745929698 1180.0835857121372 116 120 -1
119 -14.473318982660363 -141.74975680376406 1179.206012769565 117 121 -1
120 -17.864851473962684 -140.62019080720484 1180.2409654136145 118 122 -1
121 -14.286822824179122 -141.76882354937564 1179.2648002015153 119 123 -1
122 -17.993131130988143 -140.5447645928647 1180.3981588187357 120 124 -1
123 -14.099996061765028 -141.78726398943695 1179.3227315136746 121 125 -1
124 -18.122081914834496 -140.47009513477354 1180.5551642962275 122 126 -1
125 -13.912846079836273 -141.80507007229141 1179.3798117982706 123 127 -1
126 -18.25169803593952 -140.39618267238797 1180.7119799922148 124 128 -1
127 -13.72538152864073 -141.82223619269263 1179.4360496510228 125 129 -1
128 -18.381971795164056 -140.323025205883 1180.86860465858 126 130 -1
129 -13.537613458394596 -141.83876211233232 1179.491460588653 127 131 -1
130 -18.51289641715235 -140.25062170784588 1181.0250368507209 128 132 -1
131 -13.349550580274768 -141.85464322863675 1179.5460542924156 129 133 -1
132 -18.64446518428178 -140.17897114889084 1181.1812751688226 130 134 -1
133 -13.161201488283977 -141.86987493303758 1179.5998404519078 131 135 -1
134 -18.776671580840215 -140.10807267128143 1181.3373182117973 132 136 -1
135 -12.972571788585002 -141.88444559005217 1179.652820359392 133 137 -1
136 -18.90950946899449 -140.03792581035387 1181.493164516461 134 138 -1
137 -12.783672462841892 -141.89835641335733 1179.7050110410225 135 139 -1
138 -19.042971422690904 -139.96852849461473 1181.6488130848134 136 140 -1
139 -12.594512221184113 -141.9116038332026 1179.7564235031623 137 141 -1
140 -19.17705079584529 -139.89987950349496 1181.8042627413654 138 142 -1
141 -12.405099213345792 -141.9241831928844 1179.8070674445066 139 143 -1
142 -19.311740963300075 -139.8319775721164 1181.959512365421 140 144 -1
143 -12.215440667045025 -141.9360874738803 1179.8569499685477 141 145 -1
144 -19.4470355624398 -139.76482169218696 1182.1145608092272 142 146 -1
145 -12.025543376385611 -141.94730827412468 1179.906076889829 143 147 -1
146 -19.58292837754036 -139.69841098056946 1182.269406931006 144 148 -1
147 -11.835417346328274 -141.95784681730092 1179.9544645882982 145 149 -1
148 -19.71941222566926 -139.6327432728989 1182.4240499803927 146 150 -1
149 -11.645070331671983 -141.96769836241546 1180.002122741589 147 151 -1
150 -19.856480577548734 -139.56781714143938 1182.5784890505447 148 152 -1
151 -11.454509997393648 -141.9768581425622 1180.0490610188117 149 153 -1
152 -19.994126930372325 -139.50363112114454 1182.732723286616 150 154 -1
153 -11.26374220497291 -141.98531529406955 1180.0952830149422 151 155 -1
154 -20.132344994457874 -139.4401839532376 1182.8867518173422 152 156 -1
155 -11.072775582968967 -141.9930683767132 1180.1408020506651 153 157 -1
156 -20.271128733719237 -139.37747465013373 1183.0405737346246 154 158 -1
157 -10.881618299187002 -142.0001150912079 1180.185630370491 155 159 -1
158 -20.410471112958223 -139.31550084469652 1183.1941885584656 156 160 -1
159 -10.690277689635353 -142.00645054385157 1180.229777597174 157 161 -1
160 -20.550365745023655 -139.25426093640542 1183.3475956361283 158 162 -1
161 -10.498760706868246 -142.01206847893053 1180.2732521232447 159 163 -1
162 -20.69080627366218 -139.19375329414788 1183.5007943638204 160 164 -1
163 -10.307073162834447 -142.01695754587587 1180.3160578791662 161 165 -1
164 -20.83178644379524 -139.13397635254051 1183.6537841587613 162 166 -1
165 -10.115224039770654 -142.02112030729035 1180.358211537399 163 167 -1
166 -20.97330055266825 -139.0749292394486 1183.8065642771608 164 168 -1
167 -9.923220400370644 -142.02455171069954 1180.3997226628064 165 169 -1
168 -21.115341662937972 -139.01660932117588 1183.959134521058 166 170 -1
169 -9.731069248373268 -142.02724666013398 1180.440600805124 167 171 -1
170 -21.25790354950308 -138.9590148572314 1184.1114944762087 168 172 -1
171 -9.538776449519167 -142.02919397264282 1180.480850529716 169 173 -1
172 -21.400980021555636 -138.9021440828905 1184.2636437741028 170 174 -1
173 -9.346349512956746 -142.03039102262642 1180.520483735272 171 175 -1
174 -21.544564923143746 -138.84599521042287 1184.4155820913156 172 176 -1
175 -9.15379591493435 -142.03083589396667 1180.5595127175238 173 177 -1
176 -21.688652737842727 -138.7905673049093 1184.567308891301 174 178 -1
177 -8.961122458068061 -142.030523294977 1180.5979469632089 175 179 -1
178 -21.833236835403433 -138.735857764564 1184.7188241641406 176 180 -1
179 -8.768335618373658 -142.0294458174125 1180.635794396403 177 181 -1
180 -21.97831109112557 -138.68186463002954 1184.870127750112 178 182 -1
181 -8.575441427536976 -142.02759226466398 1180.6730603264032 179 183 -1
182 -22.123869493650467 -138.6285860334795 1185.0212194997446 180 184 -1
183 -8.38244771305861 -142.02496487137898 1180.709760088807 181 185 -1
184 -22.269906068748472 -138.57602008994456 1185.172099305381 182 186 -1
185 -8.189361136332032 -142.02155812293435 1180.745903109741 183 187 -1
186 -22.416415282534437 -138.52416551086932 1185.3227669173186 184 188 -1
187 -7.996188333018848 -142.01736644629875 1180.7814988012808 185 189 -1
188 -22.56339104999968 -138.4730201132521 1185.4732223882042 186 190 -1
189 -7.802935082876129 -142.01237514156279 1180.8165505386687 187 191 -1
190 -22.710827276501888 -138.42258161515798 1185.6234658371288 188 192 -1
191 -7.609608840104623 -142.00658604792304 1180.8510730193802 189 193 -1
192 -22.858718139721365 -138.3728480740265 1185.7734973173597 190 194 -1
193 -7.416216321002455 -141.9999947405217 1180.8850765258628 191 195 -1
194 -23.00705785590623 -138.32381753557434 1185.9233169207437 192 196 -1
195 -7.222764097166973 -141.99259539291162 1180.9185704191818 193 197 -1
196 -23.15584088134685 -138.27548835653062 1186.0729246796955 194 198 -1
197 -7.029258331480846 -141.984375051449 1180.9515598187643 195 199 -1
198 -23.305061685972543 -138.2278588565007 1186.2223206715175 196 200 -1
199 -6.835705899411735 -141.9753307034622 1180.9840561004644 197 201 -1
200 -23.45471420910027 -138.1809264289588 1186.371505288356 198 202 -1
201 -6.642113620204656 -141.96546021429288 1181.0160709887011 199 203 -1
202 -23.604792823096798 -138.13468908273614 1186.5204787702166 200 204 -1
203 -6.448488065401619 -141.95475748263704 1181.0476138057795 201 205 -1
204 -23.755291939605016 -138.08914481990382 1186.669241392541 202 206 -1
205 -6.2548356659251665 -141.94321005045015 1181.0786904900792 203 207 -1
206 -23.90620600960438 -138.0442916367138 1186.817793465598 204 208 -1
207 -6.06116317088048 -141.93081240365157 1181.1093109973808 205 209 -1
208 -24.057530061274882 -138.00012843940138 1186.9661350544627 206 210 -1
209 -5.867477363274454 -141.91756353599575 1181.1394875618162 207 211 -1
210 -24.209258070797848 -137.9566522931951 1187.114266818319 208 212 -1
211 -5.673784880718398 -141.9034570530329 1181.1692294824363 209 213 -1
212 -24.36138460703477 -137.91386118154142 1187.2621891686813 210 214 -1
213 -5.480092440657312 -141.88847940031977 1181.198542666882 211 215 -1
214 -24.513904278563064 -137.8717530862703 1187.409902549314 212 216 -1
215 -5.286406867799175 -141.87262559668474 1181.2274374200717 213 217 -1
216 -24.666811733245765 -137.83032598781332 1187.5574074358462 214 218 -1
217 -5.0927348935694265 -141.85589427028103 1181.2559256193597 215 219 -1
218 -24.820101949682083 -137.78957838931032 1187.7047041748451 216 220 -1
219 -4.89908329014576 -141.83827871891106 1181.2840165586617 217 221 -1
220 -24.973769553121944 -137.74950810530316 1187.8517933545995 218 222 -1
221 -4.705459244476834 -141.81976232415778 1181.31171537983 219 223 -1
222 -25.127809102380425 -137.7101127502448 1187.998675655401 220 224 -1
223 -4.511869548650623 -141.80034442650273 1181.3390342942168 221 225 -1
224 -25.28221540158605 -137.67139030690927 1188.1453516749023 222 226 -1
225 -4.318321020714575 -141.7800214278193 1181.365984060228 223 227 -1
226 -25.436983293562974 -137.63333876065985 1188.2918220398506 224 228 -1
227 -4.124820687909414 -141.75878548681573 1181.3925736737513 225 229 -1
228 -25.59210769312894 -137.59595616372107 1188.4380873860941 226 230 -1
229 -3.931376442489888 -141.7366170080991 1181.4188078701338 227 231 -1
230 -25.747583894888784 -137.55924123098532 1188.5841481758828 228 232 -1
231 -3.7379947030826544 -141.71352180287172 1181.4447010906863 229 233 -1
232 -25.903406432675656 -137.52319116416655 1188.730005364129 230 234 -1
233 -3.5446826516929653 -141.68949260686145 1181.470262670276 231 235 -1
234 -26.059570302271883 -137.48780396604738 1188.8756596889423 232 236 -1
235 -3.3514482271901502 -141.66451439819895 1181.4954994199568 233 237 -1
236 -26.21607053710966 -137.45307764557492 1189.0211119149699 234 238 -1
237 -3.158298906946307 -141.63857989788872 1181.5204210108307 235 239 -1
238 -26.372902208012516 -137.41901021853036 1189.1663628329131 236 240 -1
239 -2.9652415311803364 -141.61168878018287 1181.5450392718365 237 241 -1
240 -26.53006057968593 -137.3856000273786 1189.311413161753 238 242 -1
241 -2.772283803183484 -141.58383179168743 1181.569363103358 239 243 -1
242 -26.687540869357854 -137.35284526470141 1189.4562636942221 240 244 -1
243 -2.5794348534325877 -141.55498857023545 1181.593398391474 241 245 -1
244 -26.845338013879537 -137.32074347842686 1189.6009154467058 242 246 -1
245 -2.386700954213187 -141.52516535197614 1181.6171588132847 243 247 -1
246 -27.003447230871874 -137.28929271777642 1189.745369309663 244 248 -1
247 -2.194089932302841 -141.49435430993626 1181.6406538124663 245 249 -1
248 -27.16186377384273 -137.25849104192747 1189.889626197332 246 250 -1
249 -2.001611663019737 -141.46253350220317 1181.6638893992022 247 251 -1
250 -27.32058293184689 -137.22833652059617 1190.033687047307 248 252 -1
251 -1.8092729182320901 -141.42970570166176 1181.6868780364598 249 253 -1
252 -27.479600185239583 -137.19882757705707 1190.1775527168054 250 254 -1
253 -1.6170814998077792 -141.39586572705196 1181.709629975107 251 255 -1
254 -27.638910911566754 -137.16996235835634 1190.3212241731778 252 256 -1
255 -1.4250476459267063 -141.36099331742727 1181.7321521810122 253 257 -1
256 -27.7985103149661 -137.14173855848944 1190.4647025458783 254 258 -1
257 -1.2331790446505595 -141.32508621482833 1181.7544557859583 255 259 -1
258 -27.958393823155472 -137.1141542945761 1190.6079888620343 256 260 -1
259 -1.041483399724783 -141.28814188750903 1181.7765516596767 257 261 -1
260 -28.118556897523746 -137.0872076969918 1190.7510841701494 258 262 -1
261 -0.8499716339780753 -141.25013980734218 1181.798447240645 259 263 -1
262 -28.278995032722555 -137.06089690987508 1190.893989539737 260 264 -1
263 -0.6586519233291686 -141.2110765493284 1181.8201533811002 261 265 -1
264 -28.439703784064964 -137.03522015769383 1191.0367060413448 262 266 -1
265 -0.46753212877161143 -141.17095036022806 1181.8416810375547 263 267 -1
266 -28.600678932579644 -137.01017614899553 1191.1792346271418 264 268 -1
267 -0.2766243510895621 -141.12973828453732 1181.863037798675 265 269 -1
268 -28.76191580698576 -136.98576245493052 1191.3215766114913 266 270 -1
269 -0.0859364942329353 -141.08744003410965 1181.8842349688655 267 271 -1
270 -28.92341003086715 -136.9619772791894 1191.4637331446418 268 272 -1
271 0.10452300516012714 -141.04405255132153 1181.9052832156403 269 273 -1
272 -29.08515725889417 -136.93881884159038 1191.6057053961722 270 274 -1
273 0.2947401828336266 -140.9995480817321 1181.9261901274892 271 275 -1
274 -29.247153176361884 -136.9162853785208 1191.7474945546878 272 276 -1
275 0.48470853980719836 -140.95393422007066 1181.9469678486298 273 277 -1
276 -29.40939349871909 -136.89437514336973 1191.8891018275244 274 278 -1
277 0.6744175495025193 -140.90720048791775 1181.9676261794173 275 279 -1
278 -29.57187397109121 -136.87308640695022 1192.0305284404637 276 280 -1
279 0.8638532226919406 -140.85932321685195 1181.988173851261 277 281 -1
280 -29.734590578797356 -136.85241802083914 1192.1717754752124 278 282 -1
281 1.05300927840052 -140.8103116039509 1182.0086227584268 279 283 -1
282 -29.89753890129786 -136.8323677127136 1192.31284436202 280 284 -1
283 1.241871752702477 -140.76014415311877 1182.0289820559806 281 285 -1
284 -30.06071476924255 -136.812933805762 1192.4537363810732 282 286 -1
285 1.4304298553008914 -140.7088132462591 1182.0492621998112 283 287 -1
286 -30.224114041729422 -136.79411464417103 1192.5944528293844 284 288 -1
287 1.6186751798600518 -140.65632054774284 1182.069474111235 285 289 -1
288 -30.38773260503862 -136.77590859152983 1192.7349950211287 286 290 -1
289 1.8065895071181146 -140.60263280413866 1182.0896269315635 287 291 -1
290 -30.551566372112887 -136.75831403120145 1192.8753642874174 288 292 -1
291 1.9941675586084262 -140.5477643294436 1182.1097322039848 289 293 -1
292 -30.715611282029926 -136.74132936668775 1193.0155619760806 290 294 -1
293 2.181393702544049 -140.49169334955684 1182.1297998712373 291 295 -1
294 -30.879863299470713 -136.7249530219863 1193.1555894514615 292 296 -1
295 2.3682556687637413 -140.43441098240257 1182.1498405129473 293 297 -1
296 -31.04431845462194 -136.70918356488087 1193.2954480602077 294 298 -1
297 2.5547438759391996 -140.37591766307634 1182.1698648049933 295 299 -1
298 -31.208972809792606 -136.69401961667126 1193.4351391570203 296 300 -1
299 2.740838885336727 -140.31618325455435 1182.189883225916 297 301 -1
300 -31.373822303178223 -136.67945936495246 1193.5746642380484 298 302 -1
301 2.9265351383797453 -140.2552221507185 1182.2099064669972 299 303 -1
302 -31.538862996675434 -136.66550131874973 1193.7140247318523 300 304 -1
303 3.111812279496814 -140.1930039574825 1182.229945394403 301 305 -1
304 -31.704090975036987 -136.65214400926988 1193.8532220826046 302 306 -1
305 3.29666232403925 -140.12953652244582 1182.2500108829993 303 307 -1
306 -31.869502345304216 -136.63938599022242 1193.9922577499406 304 308 -1
307 3.481073233939794 -140.06481645494299 1182.2701158105726 305 309 -1
308 -32.03509323623428 -136.6272258381341 1194.1311332088146 306 310 -1
309 3.6650366703906934 -139.9988513124834 1182.2902735456103 307 311 -1
310 -32.20085979772035 -136.61566215265984 1194.2698499493706 308 312 -1
311 3.8485470621161295 -139.9316558928075 1182.3104971364 309 313 -1
312 -32.36679820020848 -136.60469355688798 1194.4084094768168 310 314 -1
313 4.031591726127299 -139.86322568333722 1182.3308008606389 311 315 -1
314 -32.5329046341078 -136.5943186976419 1194.5468133113136 312 316 -1
315 4.214169959345259 -139.7935875127614 1182.351196950435 313 317 -1
316 -32.699175309194885 -136.58453624577754 1194.6850629878672 314 318 -1
317 4.396265237673081 -139.72272720282783 1182.3717009538684 315 319 -1
318 -32.8656064540144 -136.57534489647657 1194.8231600562349 316 320 -1
319 4.577880561650221 -139.65067965496212 1182.3923241061561 317 321 -1
320 -33.03219431527307 -136.56674336953662 1194.9611060808368 318 322 -1
321 4.7589981120842975 -139.57742806953812 1182.4130829211522 319 323 -1
322 -33.198935157228995 -136.55873040965778 1195.0989026406771 320 324 -1
323 4.939621323422498 -139.50300687920614 1182.433988232363 321 325 -1
324 -33.36582526107459 -136.5513047867267 1195.2365513292766 322 326 -1
325 5.119734483456249 -139.42740486618777 1182.4550565854622 323 327 -1
326 -33.532860924315145 -136.54446529609703 1195.3740537546105 324 328 -1
327 5.299338965211427 -139.350650237129 1182.4762991947848 325 329 -1
328 -33.700038460141585 -136.53821075886836 1195.511411539056 326 330 -1
329 5.478421757801189 -139.27273830922462 1182.4977322567206 327 331 -1
330 -33.86735419679784 -136.53254002216184 1195.648626319349 328 332 -1
331 5.656982524807286 -139.19369234709208 1182.5193674481309 329 333 -1
332 -34.034804476941744 -136.527451959395 1195.7856997465497 330 334 -1
333 5.835010637420478 -139.11351299662533 1182.541220495273 331 335 -1
334 -34.202385657001884 -136.52294547055345 1195.9226334860145 332 336 -1
335 6.012504338426454 -139.03221958751752 1182.5633035859605 333 337 -1
336 -34.370094106527 -136.51901948246257 1196.05942921738 334 338 -1
337 6.189455125959019 -138.949817155725 1182.5856318797485 335 339 -1
338 -34.53792620753093 -136.5156729490564 1196.1960886345516 336 340 -1
339 6.365860037003072 -138.8663218455554 1182.6082181108982 337 341 -1
340 -34.705878353830336 -136.51290485164682 1196.3326134457031 338 342 -1
341 6.541712515464706 -138.7817423927102 1182.6310767799355 339 343 -1
342 -34.873946950378055 -136.51071419919109 1196.4690053732822 340 344 -1
343 6.71700852516651 -138.69609226811187 1182.6542212101017 341 345 -1
344 -35.042128412588134 -136.5091000285591 1196.6052661540275 342 346 -1
345 6.891743356881588 -138.6093834452148 1182.6776651351695 343 347 -1
346 -35.21041916565619 -136.50806140480043 1196.7413975389907 344 348 -1
347 7.065911944370341 -138.52162701658298 1182.7014225364444 345 349 -1
348 -35.37881564387277 -136.50759742141128 1196.8774012935683 346 350 -1
349 7.23951141547928 -138.4328379392561 1182.725506238653 347 351 -1
350 -35.54731428992986 -136.50770720060126 1197.0132791975414 348 352 -1
351 7.412535621702205 -138.34302502643638 1182.7499309957639 349 353 -1
352 -35.71591155422027 -136.508389893561 1197.149033045123 350 354 -1
353 7.584983612772871 -138.25220615155118 1182.774708527999 351 355 -1
354 -35.884603894131615 -136.50964468072993 1197.284664645014 352 356 -1
355 7.756848005939817 -138.16038777258413 1182.799854540442 353 357 -1
356 -36.0533877733306 -136.51147077206528 1197.4201758204665 354 358 -1
357 7.928129956508017 -138.0675907780507 1182.8253793822223 355 359 -1
358 -36.222259661042486 -136.51386740731178 1197.555568409356 356 360 -1
359 8.098820592431034 -137.97381904129358 1182.8512999694954 357 361 -1
360 -36.39121603132056 -136.51683385627285 1197.6908442642605 358 362 -1
361 8.268923460288345 -137.87909670933902 1182.8776249253144 359 363 -1
362 -36.560253423166245 -136.52036986561674 1197.8260051637817 360 364 -1
363 8.438427838366682 -137.78342470919532 1182.904372735276 361 365 -1
364 -36.72936826515992 -136.5244744214322 1197.9610530617515 362 366 -1
365 8.607340054400886 -137.68683081336442 1182.9315498364754 363 367 -1
366 -36.89855703150358 -136.52914682070528 1198.0959898688689 364 368 -1
367 8.775647069983522 -137.58931252976896 1182.9591767568427 365 369 -1
368 -37.067816207490075 -136.53438645680146 1198.2308174977832 366 370 -1
369 8.943358489355962 -137.49090172579002 1182.9872571670257 367 371 -1
370 -37.23714227945436 -136.54019275453686 1198.3655378763765 368 372 -1
371 9.110458383191235 -137.39159192752126 1183.0158142399887 369 373 -1
372 -37.40653173399321 -136.54656517046195 1198.5001529478889 370 374 -1
373 9.276958559725301 -137.29141728084602 1183.0448495288626 371 375 -1
374 -37.57598110812379 -136.5535037037759 1198.6346645794383 372 376 -1
375 9.442844539054425 -137.19037379991786 1183.0743855038957 373 377 -1
376 -37.74548685570995 -136.5610076447876 1198.7690747910888 374 378 -1
377 9.608125323746043 -137.08849065520138 1183.1044255406837 375 379 -1
378 -37.915045433261746 -136.5690763076976 1198.90338561721 376 380 -1
379 9.772790855488955 -136.98577032699353 1183.1349888143468 377 381 -1
380 -38.08465331969784 -136.57770927953385 1199.0375990642942 378 382 -1
381 9.936845600759554 -136.88223502195618 1183.1660821980684 379 383 -1
382 -38.254307002399024 -136.58690634419418 1199.1717171278558 380 384 -1
383 10.100285096449307 -136.77789478844352 1183.197720223428 381 385 -1
384 -38.42400299288523 -136.59666779514475 1199.3057417448144 382 386 -1
385 10.263108310182169 -136.67276414329925 1183.2299144343056 383 387 -1
386 -38.59373769364056 -136.60699255988874 1199.4396750995957 384 388 -1
387 10.425317359794487 -136.56686138789257 1183.262673415629 385 389 -1
388 -38.76350756243692 -136.6178803608278 1199.5735192647098 386 390 -1
389 10.5869046495198 -136.46019262498555 1183.2960147431306 387 391 -1
390 -38.93330907850275 -136.6293315300957 1199.7072762426083 388 392 -1
391 10.74787947059934 -136.3527844994537 1183.3299400399465 389 393 -1
392 -39.10313867363445 -136.64134586209835 1199.8409481456272 390 394 -1
393 10.908227982306336 -136.24463575054688 1183.3644730340452 391 395 -1
394 -39.272992750335405 -136.65392265161296 1199.9745371804565 392 396 -1
395 11.067962117027397 -136.13577550824584 1183.3996124159355 393 397 -1
396 -39.442867745853555 -136.66706224366732 1200.1080454215028 394 398 -1
397 11.227073727246788 -136.02620932157333 1183.435376493882 395 399 -1
398 -39.61276007093022 -136.68076487497225 1200.2414749877619 396 400 -1
399 11.385565275962154 -135.91595486430055 1183.4717730076904 397 401 -1
400 -39.78266609552079 -136.6950297085902 1200.3748281681912 398 402 -1
401 11.543439249411591 -135.805029503526 1183.5088094545797 399 403 -1
402 -39.952582215383934 -136.70985758451752 1200.508107047964 400 404 -1
403 11.70068722242803 -135.69343887934423 1183.546504728147 401 405 -1
404 -40.12250478451525 -136.7252482333091 1200.6413138865557 402 406 -1
405 11.857319670507835 -135.5812085297681 1183.5848576976186 403 407 -1
406 -40.292430148950835 -136.74120134601765 1200.7744509673194 404 408 -1
407 12.013328020491413 -135.46834401143002 1183.6238874501228 405 409 -1
408 -40.46235463583357 -136.75771820688053 1200.9075204064156 406 410 -1
409 12.168716836712646 -135.35486430227257 1183.6635988599817 407 411 -1
410 -40.63227456083211 -136.77479760743762 1201.0405246420808 408 412 -1
411 12.32348942259711 -135.24078672197874 1183.703997889446 409 413 -1
412 -40.80218619809193 -136.79244112578604 1201.17346581449 410 414 -1
413 12.477635658504358 -135.12611578556925 1183.7451056005066 411 415 -1
414 -40.972085835616134 -136.8106478633956 1201.306346367494 412 416 -1
415 12.63116716989755 -135.01087648653822 1183.786918336405 413 417 -1
416 -41.1419696951704 -136.82941912537314 1201.4391685322475 414 418 -1
417 12.7840802198831 -134.89507922196555 1183.8294497544962 415 419 -1
418 -41.3118340262915 -136.84875438741264 1201.571934755797 416 420 -1
419 12.936371902148895 -134.77873536462212 1183.8727126551319 417 421 -1
420 -41.481674989351525 -136.86865499390865 1201.7046473269047 418 422 -1
421 13.088051283193689 -134.66186499926633 1183.91670143519 419 423 -1
422 -41.65148880522007 -136.88912029665033 1201.837308748449 420 424 -1
423 13.23911867422848 -134.5444737183045 1183.961403416605 421 425 -1
424 -41.82127154298643 -136.91015218719946 1201.9699213229592 422 426 -1
425 13.389581002521899 -134.42657047061175 1184.0067934093383 423 427 -1
426 -41.99101939562337 -136.93174981723445 1202.10248761636 424 428 -1
427 13.539451085096365 -134.30816867899446 1184.0528403174112 425 429 -1
428 -42.16072837858514 -136.9539148438081 1202.2350100142542 426 430 -1
429 13.688731835666884 -134.18927298121858 1184.099524584521 427 431 -1
430 -42.33039457587746 -136.97664739012106 1202.3674910538855 428 432 -1
431 13.837429984585384 -134.06989082658663 1184.1468227287578 429 433 -1
432 -42.5 -137.0 1202.5 430 434 435
433 13.985558776770672 -133.9500346787332 1184.1947050862502 431 436 -1
434 -42.507155756046245 -137.1627904974101 1202.6558229520444 432 437 -1
435 -42.66000529319195 -136.95329695536444 1202.515108870965 432 438 -1
436 14.133124196894153 -133.82971056059563 1184.243150065689 433 439 -1
437 -42.51224707680027 -137.3249988678414 1202.8123180709026 434 440 -1
438 -42.820144957250754 -136.9072720404855 1202.530900674186 435 441 -1
439 14.280129096222346 -133.70892154753523 1184.2921392444966 436 442 -1
440 -42.515252569805526 -137.48664743705157 1202.969445120343 437 443 -1
441 -42.98039627616961 -136.86185245712056 1202.5473007744795 438 444 -1
442 14.426588817878656 -133.5876807229067 1184.3416425612163 439 445 -1
443 -42.5161785924637 -137.64773193426464 1203.127176328641 440 446 -1
444 -43.140755173063575 -136.81703637817333 1202.5642987619071 441 447 -1
445 14.572511521657356 -133.46599488102984 1184.3916374850687 442 448 -1
446 -42.51502650581805 -137.8082471054575 1203.2854854033194 443 449 -1
447 -43.301217706876116 -136.77282192401586 1202.5818841789549 444 450 -1
448 14.717899820629734 -133.34386590297262 1184.4421065979482 445 451 -1
449 -42.511805100411806 -137.96819012124155 1203.4443440470463 446 452 -1
450 -43.461780071757886 -136.7292071656342 1202.600046522595 447 453 -1
451 14.862765811820037 -133.2213032293483 1184.493024298438 448 454 -1
452 -42.506518266725514 -138.12755720414975 1203.6037253580182 449 455 -1
453 -43.6224385963552 -136.68619012772135 1202.618775246146 450 456 -1
454 15.007120171218087 -133.09831484956055 1184.54436683682 451 457 -1
455 -42.49917441256887 -138.28634624520052 1203.7636013454737 452 458 -1
456 -43.78318974301418 -136.64376879171547 1202.6380597609343 453 459 -1
457 15.15097138236221 -132.9749066702142 1184.596112709429 454 460 -1
458 -42.4897827262716 -138.4445557914892 1203.9239439916164 455 461 -1
459 -43.94403010690687 -136.60194109878083 1202.6578894377535 456 462 -1
460 15.29432153922349 -132.85107897501098 1184.6482454462105 457 463 -1
461 -42.478351590534146 -138.60218460213684 1204.08472559233 458 464 -1
462 -44.10495641508475 -136.56070495273136 1202.6782536081298 459 465 -1
463 15.43718566672875 -132.72684262750735 1184.7007388575173 460 466 -1
464 -42.464890076545416 -138.7592320770685 1204.2459183934259 461 467 -1
465 -44.26596552546516 -136.52005822289465 1202.6991415653886 462 468 -1
466 15.579572757902032 -132.60220323578974 1184.7535718744064 463 469 -1
467 -42.44941067064135 -138.9156990565934 1204.4074941244749 464 470 -1
468 -44.42705442575656 -136.47999874691538 1202.7205425655195 465 471 -1
469 15.721491479421163 -132.4771659206711 1184.8067239247807 466 472 -1
470 -42.43192498999935 -139.0715866039901 1204.569424892558 467 473 -1
471 -44.588220232326826 -136.44052433349785 1202.7424458278508 468 474 -1
472 15.862945663394997 -132.35173143895403 1184.8601776555013 469 475 -1
473 -42.41244547652852 -139.22689649694965 1204.731682843103 470 476 -1
474 -44.74946018902015 -136.40163276508636 1202.7648405355258 471 477 -1
475 16.00394822059214 -132.22590810430285 1184.9139099908891 472 478 -1
476 -42.390985362550545 -139.3816312255628 1204.8942401910292 473 479 -1
477 -44.91077167646939 -136.36332188883668 1202.787715907545 474 480 -1
478 16.14450886647396 -132.09970135475166 1184.967900350147 475 481 -1
479 -42.36755863587884 -139.53579398881655 1205.0570692500803 476 482 -1
480 -45.07215220000502 -136.32558953952076 1202.811061128513 477 483 -1
481 16.284636340551675 -131.9731156243979 1185.0221289824806 478 484 -1
482 -42.342180004469554 -139.68938868968382 1205.2201424603038 479 485 -1
483 -45.23359935933041 -136.2884332834223 1202.8348651457957 480 486 -1
484 16.42433784772822 -131.8461538198262 1185.0765770581174 481 487 -1
485 -42.31486486081236 -139.8424199288963 1205.3834324136362 482 488 -1
486 -45.39511089530875 -136.25185082339925 1202.8591169969282 483 489 -1
487 16.56362046845789 -131.71881853113723 1185.1312257609184 484 490 -1
488 -42.28562924131296 -139.99489299606935 1205.5469118779884 485 491 -1
489 -45.55668466977776 -136.2158398485289 1202.8838056827244 486 492 -1
490 16.702496428615007 -131.59111682051443 1185.1860540891787 487 493 -1
491 -42.254489815176825 -140.14681386823702 1205.7105538168908 488 494 -1
492 -45.718318706043654 -136.18039844357324 1202.9089204645861 489 495 -1
493 16.840974455483916 -131.46305253026304 1185.2410429941967 490 496 -1
494 -42.221463799870385 -140.29818918599892 1205.874331413485 491 497 -1
495 -45.88001106332185 -136.14552390732064 1202.9344499831934 492 498 -1
496 16.97906326426074 -131.33462937098002 1185.296173579657 493 499 -1
497 -42.186568975075396 -140.4490262571987 1206.0382180842194 494 500 -1
498 -46.0417599572513 -136.11121389569792 1202.9603831184947 495 501 -1
499 17.11677034164816 -131.2058497796392 1185.3514274344825 496 502 -1
500 -42.14982362348285 -140.59933303840668 1206.202187496918 497 503 -1
501 -46.20356376607237 -136.07746655627778 1202.9867090484922 498 504 -1
502 17.25410294246751 -131.07671580649685 1185.4067861303135 499 505 -1
503 -42.11124650161267 -140.74911812419356 1206.3662135844577 500 506 -1
504 -46.36542089158806 -136.0442791103516 1203.0134162623297 501 507 -1
505 17.39107260151674 -130.94723348681114 1185.4622302696866 502 508 -1
506 -42.070856806409616 -140.89839073432572 1206.5302705570177 503 509 -1
507 -46.52732991567171 -136.01164947972129 1203.040493688208 504 510 -1
508 17.527687943610843 -130.8174060513348 1185.517741503883 505 511 -1
509 -42.028674142623096 -141.0471607003951 1206.694332912523 506 512 -1
510 -46.68928950784307 -135.9795753494387 1203.0679300404674 507 513 -1
511 17.66395756508824 -130.68723662587368 1185.5733015984708 508 514 -1
512 -41.98471849105853 -141.1954384519718 1206.8583754453296 509 515 -1
513 -46.85129844165679 -135.9480543471808 1203.095713946175 510 516 -1
514 17.799890031149012 -130.55672823640248 1185.628892425813 511 517 -1
515 -41.9390101777809 -141.34323500236394 1207.022373253202 512 518 -1
516 -47.013355615544924 -135.91708429870803 1203.1238340990756 513 519 -1
517 17.935491604260083 -130.42588145322645 1185.6844959227446 514 520 -1
518 -41.89156938534769 -141.49056181133332 1207.1863017175465 515 521 -1
519 -47.17546001989048 -135.8866628755261 1203.15227903571 516 522 -1
520 18.070772374355418 -130.2947006794861 1185.7400938880828 517 523 -1
521 -41.84241650638781 -141.637430880357 1207.3501364999727 518 524 -1
522 -47.33761074709702 -135.85678772092865 1203.1810372170528 519 525 -1
523 18.2057416720442 -130.16318956626225 1185.7956684458295 520 526 -1
524 -41.79157365960868 -141.78385514062757 1207.5138536679433 521 527 -1
525 -47.499807026218654 -135.82745688754946 1203.2100972621065 522 528 -1
526 18.34040790838533 -130.03135078548692 1185.851201829314 523 529 -1
527 -41.73906227343804 -141.92984779752592 1207.6774295675962 524 530 -1
528 -47.66204813435914 -135.7986677963747 1203.2394473685897 525 531 -1
529 18.474779452431395 -129.89918693443786 1185.9066763407734 526 532 -1
530 -41.68490398352999 -142.0754225657055 1207.840840860116 527 533 -1
531 -47.82433348947184 -135.77041836714372 1203.2690759322936 528 534 -1
532 18.60886462941457 -129.76670054061094 1185.9620743440087 529 535 -1
533 -41.62911921697731 -142.22059331618027 1208.0040643373256 530 536 -1
534 -47.98666261323059 -135.7427065994899 1203.29897129549 531 537 -1
535 18.742670435462784 -129.63389255586918 1186.0173777270961 532 538 -1
536 -41.571730938188935 -142.3653749955289 1208.1670773620392 533 539 -1
537 -48.149035089543254 -135.71553007692268 1203.3291215095508 534 540 -1
538 18.876205398188738 -129.5007656344833 1186.072568803375 535 541 -1
539 -41.512761645372734 -142.50978285335165 1208.329857564669 536 542 -1
540 -48.311450621318095 -135.68888668444146 1203.3595146866096 537 543 -1
541 19.0094788537676 -129.3673234528536 1186.1276304767118 538 544 -1
542 -41.452233288862786 -142.65383243088755 1208.492382779484 539 545 -1
543 -48.473909005795555 -135.66277432633373 1203.3901388487695 540 546 -1
544 19.142498930693566 -129.2335683039315 1186.1825452891887 541 547 -1
545 -41.39016683284498 -142.79753947950994 1208.6546309008247 542 548 -1
546 -48.636410133116485 -135.6371909275594 1203.4209819234895 543 549 -1
547 19.275273705996 -129.09950243518722 1186.2372958078247 544 550 -1
548 -41.32658636734872 -142.94092084734365 1208.8165806647523 545 551 -1
549 -48.79895398722148 -135.61213446391514 1203.4520317494155 546 552 -1
550 19.407811203860014 -128.9651280534008 1186.2918646175647 547 553 -1
551 -41.26151439125222 -143.08399340896779 1208.9782108128402 548 554 -1
552 -48.961540636785855 -135.58760286979683 1203.4832760355089 549 555 -1
553 19.540119394284396 -128.83044732945515 1186.3462343143296 550 556 -1
554 -41.194971393229494 -143.22677404177324 1209.1394998399019 551 557 -1
555 -49.12417023824224 -135.56359409642312 1203.5147023814845 552 558 -1
556 19.672204865670903 -128.69546052797227 1186.4003860480398 553 559 -1
557 -41.12698199768368 -143.36928081945882 1209.3004274459634 554 560 -1
558 -49.28684304335992 -135.54010622270152 1203.5462983064244 555 561 -1
559 19.80407648124291 -128.56017105949726 1186.4543031533146 556 562 -1
560 -41.057568562123365 -143.51153171882802 1209.4609730663287 557 563 -1
561 -49.449559385783225 -135.5171373104399 1203.578051190443 558 564 -1
562 19.935742494563577 -128.42458164290014 1186.507968667528 559 565 -1
563 -40.986752125239526 -143.65354487080776 1209.6211159436111 560 566 -1
564 -49.612319679991046 -135.49468541397277 1203.609948275782 561 567 -1
565 20.067210642120997 -128.28869435124108 1186.5613651627648 562 568 -1
566 -40.91455722158582 -143.79533933726262 1209.7808365540557 563 569 -1
567 -49.77512442445746 -135.4727486384834 1203.6419766779277 564 570 -1
568 20.198488599911578 -128.15251124610012 1186.614475187905 565 571 -1
569 -40.84100535829952 -143.93693401836208 1209.9401146835853 566 572 -1
570 -49.937974198199036 -135.4513251195465 1203.6741233719633 567 573 -1
571 20.32958398213089 -128.01603438250464 1186.6672812621782 568 574 -1
572 -40.76611920073504 -144.07834833377444 1210.0989306509662 569 575 -1
573 -50.100869667995866 -135.43041312229508 1203.7063752033432 570 576 -1
574 20.46050433984179 -127.87926581389709 1186.7197658688083 571 577 -1
575 -40.689922344607744 -144.2196021186734 1210.2572653234467 572 578 -1
576 -50.263811587665266 -135.4100110437347 1203.7387188683808 573 579 -1
577 20.591256465854865 -127.74220635150671 1186.7719099048531 574 580 -1
578 -40.612435362555786 -144.36071516967905 1210.4150985876859 575 581 -1
579 -50.42680074594709 -135.3901168722232 1203.771140823691 576 582 -1
580 20.721847978759477 -127.6048582833805 1186.8236957975882 577 583 -1
581 -40.533682990690245 -144.50170802756764 1210.5724121154913 578 584 -1
582 -50.589838059713024 -135.37072921355548 1203.803627440363 579 585 -1
583 20.852286840973523 -127.46722474569721 1186.8751071227348 580 586 -1
584 -40.45368602834827 -144.64260113336928 1210.7291861254823 581 587 -1
585 -50.752924474629296 -135.3518462496099 1203.8361648409496 582 588 -1
586 20.982580334413875 -127.32930783506824 1186.9261261545205 583 589 -1
587 -40.37246817749081 -144.78341545098988 1210.885402203501 584 590 -1
588 -50.91606104353022 -135.33346657791282 1203.8687389909649 585 591 -1
589 21.112735670707302 -127.19110967237455 1186.9767351005478 586 592 -1
590 -40.29005114853098 -144.92417207025397 1211.0410411600235 587 593 -1
591 -51.0792488456415 -135.31558841661155 1203.901335624062 588 594 -1
592 21.242759989550144 -127.0526324080909 1187.0269160961607 589 595 -1
593 -40.206457764095695 -145.06489240303992 1211.1960844249043 590 596 -1
594 -51.24248909324025 -135.29821066821938 1203.9339402780804 591 597 -1
595 21.372660356991755 -126.91387822768607 1187.0766511989561 592 598 -1
596 -40.12171025509408 -145.2055980863718 1211.3505132201594 593 599 -1
597 -51.40578299403316 -135.28133161332883 1203.9665382463543 594 600 -1
598 21.502443571343303 -126.77484888103052 1187.1259215410394 595 601 -1
599 -40.035831065491465 -145.34631100324094 1211.5043089435335 596 602 -1
600 -51.56913185161946 -135.2649499016909 1203.9991145930544 597 603 -1
601 21.632116107579268 -126.63554541614857 1187.1747066306493 598 604 -1
602 -39.948842481015966 -145.487053272119 1211.657452949455 599 605 -1
603 -51.732537032176495 -135.24906424752396 1204.0316541245438 600 606 -1
604 21.761685532187833 -126.49597188426112 1187.2229911760653 601 607 -1
605 -39.86076703165619 -145.62784722302337 1211.8099267740022 602 608 -1
606 -51.8959999593644 -135.23367340660042 1204.0641413772419 603 609 -1
607 21.89115859602633 -126.35613066678671 1187.2707568651 604 610 -1
608 -39.77162664300295 -145.7687154428203 1211.9617115747558 605 611 -1
609 -52.059522111530654 -135.21877617705417 1204.0965606054065 606 612 -1
610 22.020541966411574 -126.21602420870224 1187.3179852823557 607 613 -1
611 -39.681444360395076 -145.90968063322742 1212.112789245408 608 614 -1
612 -52.223105018709965 -135.20437140016384 1204.1288957684394 609 615 -1
613 22.14984222479904 -126.07565502449728 1187.3646579047895 610 616 -1
614 -39.5902413840192 -146.05076589219567 1212.2631403656528 611 617 -1
615 -52.38675025940001 -135.19045796111078 1204.1611305176937 612 618 -1
616 22.279065864341813 -125.93502570423179 1187.4107560974883 613 619 -1
617 -39.4980414312346 -146.19199420274893 1212.4127472722248 614 620 -1
618 -52.55045945709253 -135.1770347897102 1204.1932481827716 615 621 -1
619 22.408219133009023 -125.79413964659577 1187.4562638057012 616 622 -1
620 -39.40486537220918 -146.3333891541553 1212.561590088389 617 623 -1
621 -52.71423427653809 -135.16410086111455 1204.2252317572916 618 624 -1
622 22.537307481594265 -125.65300307513314 1187.5011755689668 619 625 -1
623 -39.310736710001436 -146.47497409100777 1212.7096508686573 620 626 -1
624 -52.87807643932787 -135.15165533487698 1204.2570638361083 621 627 -1
625 22.66633718824124 -125.51162691697813 1187.545498421248 622 628 -1
626 -39.21567755296667 -146.61677276776362 1212.856910457545 623 629 -1
627 -53.04198770279542 -135.13969742229963 1204.288726625462 624 630 -1
628 22.795314059402745 -125.37002014744756 1187.5892349909846 625 631 -1
629 -39.11970978979128 -146.7588092221199 1213.00334927849 626 632 -1
630 -53.20596981512133 -135.12822611670626 1204.32020203893 627 633 -1
631 22.924243954166787 -125.22819172246527 1187.6323879575432 628 634 -1
632 -39.02285683317706 -146.90110724405585 1213.1489489742094 629 635 -1
633 -53.37002462294137 -135.1172409625532 1204.3514713767045 630 636 -1
634 23.05313278238196 -125.08615057817617 1187.674960049664 631 637 -1
635 -38.92514062552247 -147.04369121255192 1213.2936895975922 632 638 -1
636 -53.5341539280691 -135.10674111723765 1204.382515680071 633 639 -1
637 23.181986502786657 -124.94390563062636 1187.71695404393 634 640 -1
638 -38.826583778775486 -147.18658550783462 1213.4375515466004 635 641 -1
639 -53.69835957407362 -135.09672597857826 1204.413315459059 636 642 -1
640 23.310811050716822 -124.801465207631 1187.758371016173 637 643 -1
641 -38.72720958193663 -147.32981439307991 1213.580515689341 638 644 -1
642 -53.86264342843712 -135.08719509320807 1204.4438506875185 639 645 -1
643 23.439612484391326 -124.65883778137189 1187.7992123155234 640 646 -1
644 -38.62704061415439 -147.47340257329117 1213.7225618163766 641 647 -1
645 -54.027007365669654 -135.07814808715486 1204.474100805119 642 648 -1
646 23.568397065324433 -124.51603332129308 1187.8394841483855 643 649 -1
647 -38.526099399367524 -147.61737502119993 1213.8636691982688 644 650 -1
648 -54.19145322619587 -135.06958447006016 1204.5040448215527 645 651 -1
649 23.697170930829806 -124.37306066189164 1187.8791894706544 646 652 -1
650 -38.42440971132654 -147.7617562501244 1214.0038182375256 647 653 -1
651 -54.35598287244003 -135.0615040173365 1204.533661054972 648 654 -1
652 23.825940257722937 -124.22992861679077 1187.9183312787259 649 655 -1
653 -38.321994775769944 -147.90657119805454 1214.1429882589596 650 656 -1
654 -54.52059813436116 -135.0539064969575 1204.5629272697797 651 657 -1
655 23.95471126048261 -124.08664597877771 1187.9569126081356 652 658 -1
656 -38.218877850654955 -148.0518450005628 1214.2811580932025 653 659 -1
657 -54.68530079862102 -135.04679167095122 1204.5918206639979 654 660 -1
658 24.083490189418743 -123.94322151989223 1187.9949365322245 655 661 -1
659 -38.115082301178816 -148.1976029817386 1214.418306088769 656 662 -1
660 -54.850092624233405 -135.04015944159062 1204.6203177303055 657 663 -1
661 24.212283480965308 -123.79966306298898 1188.032402050021 658 664 -1
662 -38.010632412518966 -148.3438700050333 1214.5544113880717 659 665 -1
663 -55.01497536887863 -135.03401004215772 1204.6483940314927 660 666 -1
664 24.341097432659463 -123.65598021007163 1188.0693155992647 661 667 -1
665 -37.90555222781068 -148.49067129711995 1214.6894521429376 662 668 -1
666 -55.17995063739511 -135.0283433026145 1204.6760248142398 663 669 -1
667 24.469938370184146 -123.5121818788532 1188.105681222772 664 670 -1
668 -37.79986604036693 -148.63803212364093 1214.8234061759263 665 671 -1
669 -55.345020019220804 -135.02315945255367 1204.703184272851 666 672 -1
670 24.59881266990908 -123.36827676041447 1188.1415021345172 667 673 -1
671 -37.69359841239973 -148.7859777733068 1214.9562509675338 668 674 -1
672 -55.51018503280928 -135.01845889447458 1204.7298456696303 669 675 -1
673 24.727726734860475 -123.22427352616297 1188.1767815799892 670 676 -1
674 -37.58677415344144 -148.9345335893892 1215.0879635557897 671 677 -1
675 -55.67544702772999 -135.01424179860908 1204.7559817294 672 678 -1
676 24.856686992925592 -123.08018082818785 1188.211522835048 673 679 -1
677 -37.47941830874462 -149.08372501428576 1215.2185204209534 674 680 -1
678 -55.84080726145253 -135.01050858445424 1204.781564106199 675 681 -1
679 24.98570012940412 -122.9360070129526 1188.2457270960408 676 682 -1
680 -37.3715565711212 -149.23357705808925 1215.3478983879843 677 683 -1
681 -56.006266858322654 -135.00725980964094 1204.8065634286527 678 684 -1
682 25.11477276873512 -122.79176071778389 1188.279397106849 679 685 -1
683 -37.263214765673816 -149.3841149123055 1215.4760734613699 680 686 -1
684 -56.17182676971699 -135.00449608267573 1204.830949349002 681 687 -1
685 25.243911131204676 -122.64745095394606 1188.3125389825204 682 688 -1
686 -37.15441908352833 -149.5353636928861 1215.6030212516666 683 689 -1
687 -56.337487711044766 -135.00221787929078 1204.8546907553657 684 690 -1
688 25.373121726657537 -122.50308630029507 1188.3451561112586 685 691 -1
689 -37.045196101604056 -149.68734841612772 1215.7287169681306 686 692 -1
690 -56.50325027350884 -135.00042620641022 1204.8777548193636 687 693 -1
691 25.5024110807939 -122.3586753185933 1188.3772519063014 688 694 -1
692 -36.935572802318816 -149.84009397293747 1215.8531354125785 689 695 -1
693 -56.66911469907708 -134.99912166365135 1204.900108220875 690 696 -1
694 25.631785733401717 -122.21422655405051 1188.4088298049628 691 697 -1
695 -36.82557659314253 -149.99362510139503 1215.9762509745935 692 698 -1
696 -56.83508101714971 -134.99830525258122 1204.9217159605237 693 699 -1
697 25.761252317502013 -122.06974851888337 1188.4398928478 694 700 -1
698 -36.715235325905795 -150.1479663575467 1216.098037628188 695 701 -1
699 -57.00114893236537 -134.99797801096474 1204.9425417930815 696 702 -1
700 25.890818195715877 -121.92524965363386 1188.4704407269762 697 703 -1
701 -36.60457731576038 -150.3031420843735 1216.2184689300461 698 704 -1
702 -57.16731778458379 -134.99814100942746 1204.9625481785138 699 705 -1
703 26.020489173858174 -121.780738697074 1188.5004812222057 700 706 -1
704 -36.493631359682574 -150.45917637887823 1216.3375180194757 701 707 -1
705 -57.333586505259824 -134.9987953475448 1204.9816962320815 702 708 -1
706 26.15027183025693 -121.63622413354449 1188.5300178594912 703 709 -1
707 -36.38242675439891 -150.61609305724807 1216.455157620201 704 710 -1
708 -57.5 -135.0 1205.0 705 -1 -1
709 26.280172748424302 -121.49171443380564 1188.5590541845206 706 711 -1
710 -36.27099328408897 -150.77391575613015 1216.5713598263692 707 712 -1
711 26.410198515299875 -121.34721805568572 1188.5875937618907 709 713 -1
712 -36.159361278680805 -150.9326678021821 1216.686096257625 710 714 -1
713 26.54035571949317 -121.2027434447401 1188.6156401743608 711 715 -1
714 -36.04756170160048 -151.09237170318053 1216.7993387984418 712 716 -1
715 26.670651897138068 -121.05829928729374 1188.6431938350283 713 717 -1
716 -35.93562601879159 -151.25304976600088 1216.9110585662554 714 718 -1
717 26.801093145041165 -120.913893976144 1188.6702603963931 715 719 -1
718 -35.823586272106915 -151.4147238121333 1217.0212263048318 716 720 -1
719 26.931685700241253 -120.76953584742232 1188.6968447160518 717 721 -1
720 -35.711475090698386 -151.5774151308848 1217.1298124001912 718 722 -1
721 27.062436139602934 -120.62523330353044 1188.7229504435015 719 723 -1
722 -35.59932569991207 -151.7411446217938 1217.2367866028435 720 724 -1
723 27.19335103275012 -120.4809947379427 1188.748581243035 721 725 -1
724 -35.48717196368126 -151.9059329030494 1217.3421178024655 722 726 -1
725 27.324436940294273 -120.33682853588374 1188.773740793158 723 727 -1
726 -35.37504835395826 -152.07179872470107 1217.4457764318065 724 728 -1
727 27.455700858559585 -120.19274329111579 1188.7984316610177 725 729 -1
728 -35.262989933130726 -152.2387607398212 1217.547731664412 726 730 -1
729 27.587150138442542 -120.04874782505958 1188.8226557219127 727 731 -1
730 -35.15103239552518 -152.4068369491727 1217.6479522212173 728 732 -1
731 27.718790148300055 -119.9048499756118 1188.846419726738 729 733 -1
732 -35.03921218400611 -152.57604528737085 1217.7464053949375 730 734 -1
733 27.850627393514564 -119.76105810062883 1188.8697274062863 731 735 -1
734 -34.92756611290973 -152.74640086279217 1217.843061311803 732 736 -1
735 27.982668361416838 -119.61738055297104 1188.8925825029773 733 737 -1
736 -34.816131685921846 -152.9179188005713 1217.9378884506596 734 738 -1
737 28.114919519477443 -119.47382568112606 1188.9149887704218 735 739 -1
738 -34.704947227194445 -153.0906141565623 1218.030853698667 736 740 -1
739 28.24738731349034 -119.3304018298158 1188.936949973001 737 741 -1
740 -34.5940513583651 -153.2644994642151 1218.1219261829838 738 742 -1
741 28.380079479686888 -119.18711818603131 1188.958467378922 739 743 -1
742 -34.48348321221148 -153.439586150234 1218.2110750170386 740 744 -1
743 28.513001850537496 -119.04398278423744 1188.9795460708358 741 745 -1
744 -34.37328282999307 -153.6158857189717 1218.298267339296 742 746 -1
745 28.646160141170924 -118.90100355191323 1189.0001911341294 743 747 -1
746 -34.263490480849576 -153.79340736100573 1218.3834721146668 744 748 -1
747 28.779560690333433 -118.7581888230301 1189.0204063730423 745 749 -1
748 -34.154146697316044 -153.9721584636896 1218.4666593291597 746 750 -1
749 28.913209805773718 -118.61554693047665 1189.040195600763 747 751 -1
750 -34.04529303499806 -154.15214659457806 1218.5477966883795 748 752 -1
751 29.04711376236802 -118.47308620652862 1189.0595626391291 749 753 -1
752 -33.93697101515565 -154.33337669731418 1218.6268542086068 750 754 -1
753 29.18127880023474 -118.33081498328922 1189.0785113183401 751 755 -1
754 -33.82922227959266 -154.51585182544238 1218.7038030527556 752 756 -1
755 29.315712941943545 -118.18874296415156 1189.0970427431814 753 757 -1
756 -33.72208951038748 -154.6995750661218 1218.7786122334746 754 758 -1
757 29.450421053229284 -118.04687755646681 1189.1151629002075 755 759 -1
758 -33.61561504236339 -154.8845466486891 1218.851253528457 756 760 -1
759 29.58540881858736 -117.90522676857165 1189.13287632152 757 761 -1
760 -33.50984117424349 -155.0707648841751 1218.9216999587966 758 762 -1
761 29.7206823173783 -117.76379893381478 1189.1501868685655 759 763 -1
762 -33.404811029432544 -155.25822767808376 1218.9899231116995 760 764 -1
763 29.856247584502444 -117.62260238700468 1189.1670984099187 761 765 -1
764 -33.300567469042186 -155.44693064142496 1219.0558964790043 762 766 -1
765 29.99211060844506 -117.48164546463308 1189.183614821076 763 767 -1
766 -33.19715273609114 -155.63686681732804 1219.1195960902826 764 768 -1
767 30.128277329309306 -117.34093650505719 1189.1997399842671 765 769 -1
768 -33.09460941726995 -155.82802827130513 1219.180997670879 766 770 -1
769 30.26475502097238 -117.20048500978696 1189.2154761051283 767 771 -1
770 -32.99298062489933 -156.02040622241566 1219.2400763301189 768 772 -1
771 30.401549262123535 -117.06029914533867 1189.2308275220605 769 773 -1
772 -32.89230785234921 -156.21398834073418 1219.2968118253118 770 774 -1
773 30.538664771608026 -116.92038637534245 1189.2457994633776 771 775 -1
774 -32.792632665017656 -156.4087612048502 1219.351184019087 772 776 -1
775 30.676107272813883 -116.7807550441099 1189.2603958367013 773 777 -1
776 -32.6939962811685 -156.60470980559782 1219.4031738873912 774 778 -1
777 30.81388243064153 -116.64141349794319 1189.2746205555393 775 779 -1
778 -32.59643934520686 -156.8018173899386 1219.4527639369433 776 780 -1
779 30.951995849471672 -116.50237008502556 1189.288477539143 777 781 -1
780 -32.5 -157.0 1219.5 778 -1 -1
781 31.09045307112375 -116.36363315525837 1189.3019707123715 779 782 -1
782 31.22925957280558 -116.22521106004291 1189.3151040055595 781 783 -1
783 31.368422119742633 -116.08711336002635 1189.327879594467 782 784 -1
784 31.507941204763007 -115.94934366382115 1189.3403029358742 783 785 -1
785 31.6478163858084 -115.8119045776331 1189.3523790974239 784 786 -1
786 31.78804795604106 -115.67479936994717 1189.3641123971986 785 787 -1
787 31.928636241468833 -115.5380313334587 1189.3755071126268 786 788 -1
788 32.069581600461966 -115.40160378627546 1189.386567481483 787 789 -1
789 32.21088442327631 -115.26552007311709 1189.3972977028843 788 790 -1
790 32.352545131582666 -115.12978356651229 1189.4077019382742 789 791 -1
791 32.494564196711735 -114.99439768645664 1189.4177842958322 790 792 -1
792 32.63694439134757 -114.85936814267703 1189.4275468657995 791 793 -1
793 32.779683912229366 -114.72469613097007 1189.436995781438 792 794 -1
794 32.92278330434327 -114.59038514907047 1189.446135060589 793 795 -1
795 33.066243141801756 -114.45643872858938 1189.454968688334 794 796 -1
796 33.210064027397614 -114.3228604362133 1189.4635006179321 795 797 -1
797 33.35424659216 -114.18965387490586 1189.471734771751 796 798 -1
798 33.49879149491145 -114.05682268511215 1189.4796750421917 797 799 -1
799 33.643699421825715 -113.9243705459669 1189.4873252926054 798 800 -1
800 33.78897108598552 -113.79230117650647 1189.4946893582053 799 801 -1
801 33.93460875301453 -113.66061996766065 1189.501769882748 800 802 -1
802 34.0806124405459 -113.52932995330077 1189.508571262977 801 803 -1
803 34.22698217550996 -113.39843416935912 1189.5150978470767 802 804 -1
804 34.373718776450914 -113.26793650961865 1189.5213533650683 803 805 -1
805 34.52082308658854 -113.13784091400395 1189.527341523396 804 806 -1
806 34.6682959733623 -113.00815136982992 1189.5330660057987 805 807 -1
807 34.81613832797059 -112.87887191305825 1189.538530474183 806 808 -1
808 34.96435106490447 -112.75000662956165 1189.5437385694884 807 809 -1
809 35.11293512147509 -112.62155965639666 1189.5486939125492 808 810 -1
810 35.261892320812535 -112.49353617026152 1189.5533995368462 809 811 -1
811 35.411224382787104 -112.36594128588746 1189.5578585764035 810 812 -1
812 35.560930742682885 -112.23877752338699 1189.5620756461974 811 813 -1
813 35.71101242653164 -112.11204924131631 1189.5660542943358 812 814 -1
814 35.86147048070321 -111.98576085603575 1189.569798053152 813 815 -1
815 36.012305971378936 -111.8599168430433 1189.573310440044 814 816 -1
816 36.16351998401299 -111.7345217383188 1189.5765949583085 815 817 -1
817 36.31511362278108 -111.60958013967968 1189.5796550979726 816 818 -1
818 36.46708801001535 -111.48509670814794 1189.5824943366226 817 819 -1
819 36.6194462283594 -111.36107854109996 1189.5851150547014 818 820 -1
820 36.77218835995691 -111.23752915920423 1189.5875213572256 819 821 -1
821 36.92531476533091 -111.11445243817634 1189.5897171531783 820 822 -1
822 37.07882663581481 -110.9918533107267 1189.5917058785308 821 823 -1
823 37.23272517782831 -110.86973677992387 1189.593490961007 822 824 -1
824 37.38701161220876 -110.74810792063771 1189.595075820898 823 825 -1
825 37.541687173522135 -110.62697188099493 1189.596463871877 824 826 -1
826 37.69675310935204 -110.5063338838478 1189.5976585218123 825 827 -1
827 37.852213858168795 -110.3862033430282 1189.5986616632333 826 828 -1
828 38.0080676078585 -110.26658170375318 1189.5994782234616 827 829 -1
829 38.16431561957013 -110.14747439804037 1189.6001116095772 828 830 -1
830 38.32095918763882 -110.0288869687041 1189.6005652148913 829 831 -1
831 38.47799961547408 -109.91082504097832 1189.6008424310428 830 832 -1
832 38.63543821469146 -109.79329432406455 1189.600946648807 831 833 -1
833 38.7932770749491 -109.6763016566178 1189.6008809392922 832 834 -1
834 38.951519692020554 -109.55985590508246 1189.600647836331 833 835 -1
835 39.11016454349415 -109.44395920773255 1189.6002519451242 834 836 -1
836 39.26921296663037 -109.32861763246207 1189.5996966620996 835 837 -1
837 39.42866630203216 -109.21383733922698 1189.5989853869391 836 838 -1
838 39.58852589257102 -109.0996245816649 1189.5981215233878 837 839 -1
839 39.74879403127468 -108.98598705544197 1189.5971081417993 838 840 -1
840 39.909474401635116 -108.87293458267837 1189.5959478699428 839 841 -1
841 40.07056515928875 -108.76046922435891 1189.594645296035 840 842 -1
842 40.23206764499188 -108.6485976312284 1189.5932038500998 841 843 -1
843 40.39398194130631 -108.53732472192786 1189.591627330954 842 844 -1
844 40.55630382043721 -108.42664914061449 1189.5899207952098 843 845 -1
845 40.71903209132813 -108.31657397417372 1189.5880884107419 844 846 -1
846 40.88215790160819 -108.20709087466314 1189.586136767664 845 847 -1
847 41.04567559993331 -108.09819604295336 1189.5840714600683 846 848 -1
848 41.20958002014196 -107.98988627276746 1189.5818979709193 847 849 -1
849 41.37386636820968 -107.88215880433097 1189.5796217245565 848 850 -1
850 41.538533415139966 -107.77501628556664 1189.5772473166223 849 851 -1
851 41.70357180058759 -107.66844873715057 1189.5747814713345 850 852 -1
852 41.86897647242069 -107.56245262748648 1189.5722297929976 851 853 -1
853 42.03474240898618 -107.45702434857121 1189.5695979141988 852 854 -1
854 42.20086749447894 -107.35216480272535 1189.5668909312485 853 855 -1
855 42.367345566860834 -107.24786839729198 1189.5641148647276 854 856 -1
856 42.53416995900521 -107.14412854594948 1189.561275796418 855 857 -1
857 42.70133577367739 -107.04094134411532 1189.5583794721033 856 858 -1
858 42.86884028869991 -106.93830633564426 1189.5554313687237 857 859 -1
859 43.03667892026822 -106.83621995973107 1189.5524373506205 858 860 -1
860 43.204844402053425 -106.7346740825312 1189.5494036219882 859 861 -1
861 43.373331965691854 -106.63366452499086 1189.5463360374179 860 862 -1
862 43.54213935923244 -106.53319123615564 1189.5432403013108 861 863 -1
863 43.711261393103655 -106.43324916351835 1189.5401224738846 862 864 -1
864 43.880691318914785 -106.3338304508522 1189.536988672234 863 865 -1
865 44.050424498305276 -106.23493066560329 1189.533844857265 864 866 -1
866 44.22046001690188 -106.13655171537577 1189.5306970378115 865 867 -1
867 44.39079030952595 -106.03868395044584 1189.5275513669953 866 868 -1
868 44.561410048002244 -105.9413214058127 1189.524413896031 867 869 -1
869 44.73231594316962 -105.84446157406005 1189.521290780086 868 870 -1
870 44.903505435895624 -105.74810318701587 1189.5181883730606 869 871 -1
871 45.0749708465643 -105.65223578731437 1189.5151126305582 870 872 -1
872 45.24670775758968 -105.55685454397513 1189.5120696999297 871 873 -1
873 45.41871555838754 -105.46196141993795 1189.5090664001323 872 874 -1
874 45.5909865566502 -105.36754552159158 1189.5061085624732 873 875 -1
875 45.76351588703764 -105.27360089599448 1189.503202337842 874 876 -1
876 45.93630183073212 -105.18012727430309 1189.5003546436064 875 877 -1
877 46.109339101595424 -105.08711777207344 1189.4975716924828 876 878 -1
878 46.282621789450644 -104.99456420016715 1189.494859416996 877 879 -1
879 46.45614759665065 -104.90246499106378 1189.4922248331538 878 880 -1
880 46.62991255102328 -104.81081539765856 1189.4896745756412 879 881 -1
881 46.803910243069254 -104.71960595842965 1189.4872143256707 880 882 -1
882 46.9781382530596 -104.62883465706119 1189.484851301576 881 883 -1
883 47.15259297345028 -104.538497175985 1189.4825923965498 882 884 -1
884 47.327267967372464 -104.44858366207274 1189.4804431100724 883 885 -1
885 47.50216108103056 -104.35909241459453 1189.478411072868 884 886 -1
886 47.67726825700465 -104.2700180062145 1189.476503063373 885 887 -1
887 47.852583433661714 -104.18135098775565 1189.4747245741735 886 888 -1
888 48.028105045504184 -104.09309065051367 1189.4730839682882 887 889 -1
889 48.20382789919447 -104.00522909140969 1189.4715873194427 888 890 -1
890 48.3797466449682 -103.917757973214 1189.4702403966955 889 891 -1
891 48.55586056456233 -103.83067816511222 1189.4690527291182 890 892 -1
892 48.73216276646335 -103.74397810087315 1189.468028871085 891 893 -1
893 48.90864962689419 -103.65765268536887 1189.4671759929115 892 894 -1
894 49.085319248856635 -103.57170032137424 1189.4665031546658 893 895 -1
895 49.262164824062175 -103.48610931308662 1189.4660145301837 894 896 -1
896 49.439184512162356 -103.40087809665013 1189.4657194492663 895 897 -1
897 49.616373611578574 -103.315999175387 1189.4656242539324 896 898 -1
898 49.79372706457635 -103.23146422049508 1189.4657346722447 897 899 -1
899 49.97124379574077 -103.1472732382064 1189.466061700437 898 900 -1
900 50.148916749144966 -103.06341358897663 1189.4666084092098 899 901 -1
901 50.32674394331375 -102.97988332888417 1189.4673848871635 900 902 -1
902 50.50472075073114 -102.89667486267503 1189.4683975176688 901 903 -1
903 50.682842591517314 -102.81378063335481 1189.4696526094854 902 904 -1
904 50.86110735565248 -102.73119844502747 1189.471160869048 903 905 -1
905 51.03950863528928 -102.64891667906092 1189.4729253415314 904 906 -1
906 51.218044969561696 -102.56693459086196 1189.4749584543347 905 907 -1
907 51.396710308845115 -102.48524125347845 1189.4772636553005 906 908 -1
908 51.57550183314201 -102.4038329325876 1189.4798511088638 907 909 -1
909 51.754415160595904 -102.32270238924714 1189.4827277367474 908 910 -1
910 51.9334459628336 -102.24184248579081 1189.4859005397643 909 911 -1
911 52.112591082945805 -102.16124881275371 1189.4893797164698 910 912 -1
912 52.29184508851193 -102.08091165402392 1189.4931693535034 911 913 -1
913 52.47120564954544 -102.0008286410725 1189.4972826374283 912 914 -1
914 52.65066658805706 -101.92098823293547 1189.5017210833241 913 915 -1
915 52.83022604836271 -101.84138938582282 1189.5065004822322 914 916 -1
916 53.009877592937634 -101.76201985514345 1189.5116209084038 915 917 -1
917 53.18961901155118 -101.6828779566129 1189.517098199997 916 918 -1
918 53.36944429234741 -101.60395243773394 1189.5229333566474 917 919 -1
919 53.54935074204964 -101.52524066424783 1189.529141732517 918 920 -1
920 53.729332592035796 -101.44673197217523 1189.535724791747 919 921 -1
921 53.909386836847574 -101.36842322389366 1189.5426980395043 920 922 -1
922 54.089507769409366 -101.29030389747979 1189.550062664593 921 923 -1
923 54.269692206853406 -101.21237075840195 1189.5578351225897 922 924 -1
924 54.44993437505069 -101.13461306267068 1189.5660154786842 923 925 -1
925 54.63023099330769 -101.05702780201294 1189.5746220477854 924 926 -1
926 54.81057627025113 -100.9796041614866 1189.5836540200162 925 927 -1
927 54.99096648069071 -100.90233830467051 1189.5931289660637 926 928 -1
928 55.171396163313624 -100.82522055123518 1189.6030484401458 927 929 -1
929 55.35186100608378 -100.7482456371965 1189.61342713169 928 930 -1
930 55.532355852776774 -100.67140524975954 1189.6242704741207 929 931 -1
931 55.71287586495787 -100.59469259758751 1189.6355889179104 930 932 -1
932 55.89341605973147 -100.51810074849625 1189.6473930901052 931 933 -1
933 56.07397121337903 -100.44162141871402 1189.6596878295688 932 934 -1
934 56.25453631449092 -100.36524897783845 1189.6724903934917 933 935 -1
935 56.4351059632856 -100.28897427249268 1189.6858013384922 934 936 -1
936 56.61567485334039 -100.21279131754618 1189.6996376339694 935 937 -1
937 56.796237531958205 -100.1366919038937 1189.7140044779137 936 938 -1
938 56.97678851177947 -100.06066860933775 1189.7289112082979 937 939 -1
939 57.15732196844512 -99.98471461283688 1189.7443730415764 938 940 -1
940 57.33783243956603 -99.90882149931612 1189.7603921194045 939 941 -1
941 57.51831377652329 -99.83298243888672 1189.7769851740104 940 942 -1
942 57.698760146035696 -99.75718951074647 1189.7941590774533 941 943 -1
943 57.879165749886816 -99.68143494383207 1189.8119204835068 942 944 -1
944 58.0595236179469 -99.60571161734536 1189.8302894828012 943 945 -1
945 58.23982816222616 -99.53001137045034 1189.8492669344832 944 946 -1
946 58.42007289952179 -99.45432664152378 1189.8688643083265 945 947 -1
947 58.60025046355734 -99.37864976413897 1189.8890992924107 946 948 -1
948 58.78035504217885 -99.30297288387474 1189.9099738354496 947 949 -1
949 58.96037964196581 -99.22728829079362 1189.9315001634277 948 950 -1
950 59.14031634847936 -99.151587979276 1189.953695648111 949 951 -1
951 59.320159085888946 -99.07586430606332 1189.976562803593 950 952 -1
952 59.5 -99.0 1190.0 951 -1 -1
