0 75.5 170.0 102.5 -1 1 -1
1 76.0 170.5 103.0 0 2 -1
2 76.0 170.5 103.5 1 3 -1
3 76.0 171.0 104.0 2 4 -1
4 76.0 171.0 104.5 3 5 -1
5 75.5 171.5 105.0 4 6 -1
6 75.0 172.0 105.5 5 7 -1
7 74.5 172.5 106.0 6 8 -1
8 74.0 173.0 106.5 7 9 -1
9 73.5 173.0 106.5 8 10 -1
10 73.0 173.5 107.0 9 11 -1
11 72.5 174.0 107.5 10 12 -1
12 72.0 174.5 107.5 11 13 -1
13 72.0 175.0 108.0 12 14 -1
14 71.5 175.5 108.5 13 15 -1
15 71.0 176.0 108.5 14 16 -1
16 70.5 176.5 108.5 15 17 -1
17 70.0 177.0 108.5 16 18 -1
18 70.0 177.5 109.0 17 19 -1
19 69.5 178.0 109.5 18 20 -1
20 69.0 178.5 109.5 19 21 -1
21 69.0 179.0 109.5 20 22 -1
22 68.5 179.5 109.5 21 23 -1
23 68.0 180.0 109.5 22 24 -1
24 67.5 180.5 109.5 23 25 -1
25 67.5 181.0 109.5 24 26 -1
26 67.0 181.5 110.0 25 27 -1
27 66.5 182.0 110.0 26 28 -1
28 66.5 182.5 110.0 27 29 -1
29 66.0 183.0 109.5 28 30 -1
30 65.5 183.0 110.0 29 31 -1
31 65.0 183.5 109.5 30 32 -1
32 64.5 184.0 109.5 31 33 -1
33 64.0 184.0 109.0 32 34 -1
34 63.5 184.5 108.5 33 35 -1
35 63.0 185.0 108.5 34 36 -1
36 62.5 185.0 108.0 35 37 -1
37 62.0 185.5 108.0 36 38 -1
38 61.5 185.5 108.0 37 39 -1
39 61.0 185.5 107.5 38 40 -1
40 60.5 185.5 107.5 39 41 -1
41 60.0 185.5 107.0 40 42 -1
42 59.5 185.5 107.0 41 43 -1
43 59.0 185.5 107.0 42 44 -1
44 58.5 185.5 106.5 43 45 -1
45 58.0 186.0 106.0 44 46 -1
46 57.5 185.5 106.0 45 47 -1
47 57.0 185.5 105.5 46 48 -1
48 56.5 185.5 105.0 47 49 -1
49 56.0 185.0 105.0 48 50 -1
50 55.5 185.5 104.5 49 51 -1
51 55.0 185.0 104.5 50 52 -1
52 54.5 185.0 104.0 51 53 -1
53 54.0 184.5 103.5 52 54 -1
54 53.5 184.5 103.5 53 55 -1
55 53.0 184.0 103.0 54 56 -1
56 52.5 184.0 103.0 55 57 -1
57 52.0 183.5 102.5 56 58 -1
58 51.5 183.5 102.5 57 59 -1
59 51.0 183.0 102.5 58 60 -1
60 50.5 183.0 102.5 59 61 -1
61 50.0 182.5 102.0 60 62 -1
62 49.5 182.5 101.5 61 63 -1
63 49.0 182.0 101.0 62 64 -1
64 48.5 182.0 101.0 63 65 -1
65 48.0 182.0 101.5 64 66 -1
66 47.5 181.5 101.0 65 67 -1
67 47.0 181.0 101.0 66 68 -1
68 46.5 181.0 101.0 67 69 -1
69 46.0 180.5 101.0 68 70 -1
70 45.5 180.5 101.0 69 71 -1
71 45.0 180.0 101.0 70 72 -1
72 44.5 179.5 100.5 71 73 -1
73 44.0 179.0 100.5 72 74 -1
74 43.5 179.0 100.5 73 75 -1
75 43.0 178.5 100.5 74 76 -1
76 42.5 178.0 100.0 75 77 -1
77 42.0 177.5 100.0 76 78 -1
78 41.5 177.0 100.0 77 79 -1
79 41.0 176.5 100.0 78 80 -1
80 40.5 176.0 100.0 79 81 -1
81 40.5 175.5 100.0 80 82 -1
82 40.0 175.0 100.0 81 83 -1
83 39.5 174.5 100.0 82 84 -1
84 39.5 174.0 100.0 83 85 -1
85 39.0 173.5 100.0 84 86 -1
86 38.5 173.5 99.5 85 87 -1
87 38.0 173.0 99.5 86 88 -1
88 38.0 172.5 100.0 87 89 -1
89 37.5 172.0 99.5 88 90 -1
90 37.5 171.5 100.0 89 91 -1
91 37.0 171.0 99.5 90 92 -1
92 36.5 170.5 99.5 91 93 -1
93 36.0 170.0 99.5 92 94 -1
94 36.0 169.5 99.5 93 95 -1
95 35.5 169.0 99.0 94 96 -1
96 35.0 168.5 99.0 95 97 -1
97 34.5 168.0 99.0 96 98 -1
98 34.0 167.5 99.5 97 99 -1
99 33.5 167.0 99.5 98 100 -1
100 33.0 166.5 99.0 99 101 -1
101 33.0 166.0 99.0 100 102 -1
102 32.5 165.5 99.0 101 103 -1
103 32.0 165.5 99.0 102 104 -1
104 31.5 165.0 99.0 103 105 -1
105 31.0 164.5 99.0 104 106 -1
106 30.5 164.0 99.0 105 107 -1
107 30.5 163.5 99.0 106 108 -1
108 30.0 163.0 99.0 107 109 -1
109 30.0 162.5 99.0 108 110 -1
110 29.5 162.0 99.0 109 111 -1
111 29.0 161.5 99.0 110 112 -1
112 29.0 161.0 98.5 111 113 -1
113 28.5 160.5 98.5 112 114 -1
114 28.0 160.0 98.5 113 115 -1
115 27.5 159.5 98.5 114 116 -1
116 27.0 159.0 98.5 115 117 -1
117 26.5 158.5 98.5 116 118 -1
118 26.0 158.5 99.0 117 119 -1
119 25.5 158.0 99.0 118 120 -1
120 25.0 157.5 99.0 119 121 -1
121 24.5 157.0 98.5 120 122 -1
122 24.0 156.5 98.5 121 123 -1
123 23.5 156.0 98.5 122 124 -1
124 23.0 155.5 98.5 123 125 -1
125 22.5 155.0 98.5 124 126 -1
126 22.0 154.5 98.0 125 127 -1
127 21.5 154.0 98.0 126 128 -1
128 21.0 153.5 98.0 127 129 -1
129 20.5 153.5 98.5 128 130 -1
130 20.0 153.0 98.5 129 131 -1
131 19.5 152.5 98.5 130 132 -1
132 19.0 152.0 98.0 131 133 -1
133 18.5 151.5 98.0 132 134 -1
134 18.0 151.5 98.5 133 135 -1
135 17.5 151.0 98.5 134 136 -1
136 17.0 150.5 98.5 135 137 -1
137 16.5 150.0 98.5 136 138 -1
138 16.0 150.0 98.5 137 139 -1
139 15.5 149.5 98.5 138 140 -1
140 15.0 149.5 98.5 139 141 -1
141 14.5 149.0 98.5 140 142 -1
142 14.0 149.0 98.5 141 143 -1
143 13.5 148.5 98.0 142 144 -1
144 13.0 148.5 98.5 143 145 -1
145 12.5 148.5 98.5 144 146 -1
146 12.0 148.0 98.5 145 147 -1
147 11.5 148.5 99.0 146 148 -1
148 11.0 148.5 99.0 147 149 -1
149 10.5 148.0 98.5 148 150 -1
150 10.0 148.0 98.5 149 151 -1
151 9.5 147.5 98.5 150 152 -1
152 9.0 147.5 98.5 151 153 -1
153 8.5 148.0 99.0 152 154 -1
154 8.0 147.5 99.0 153 155 -1
155 7.5 147.5 99.0 154 156 -1
156 7.0 148.0 99.0 155 157 -1
157 6.5 148.0 99.5 156 158 -1
158 6.0 147.5 99.5 157 159 -1
159 5.5 148.0 99.5 158 160 -1
160 5.0 148.0 100.0 159 161 -1
161 4.5 148.5 99.5 160 162 -1
162 4.0 148.0 100.0 161 163 -1
163 3.5 148.5 100.0 162 164 -1
164 3.0 148.5 100.5 163 165 -1
165 2.5 148.5 101.0 164 166 -1
166 2.0 149.0 100.5 165 167 -1
167 1.5 149.0 101.0 166 168 -1
168 1.0 149.5 101.0 167 169 -1
169 0.5 149.5 101.5 168 170 -1
170 0.0 149.5 102.0 169 171 -1
171 -0.5 149.5 102.0 170 172 -1
172 -1.0 150.0 102.5 171 173 -1
173 -1.5 150.0 103.0 172 174 -1
174 -2.0 150.5 102.5 173 175 -1
175 -2.5 151.0 103.0 174 176 -1
176 -3.0 151.0 103.0 175 177 -1
177 -3.5 151.5 103.0 176 178 -1
178 -4.0 151.5 103.5 177 179 -1
179 -4.5 151.5 103.0 178 180 -1
180 -5.0 152.0 103.5 179 181 -1
181 -5.5 152.0 103.5 180 182 -1
182 -6.0 152.0 103.5 181 183 -1
183 -6.5 152.5 104.0 182 184 -1
184 -7.0 152.5 104.0 183 185 -1
185 -7.5 152.5 104.0 184 186 -1
186 -8.0 153.0 104.5 185 187 -1
187 -8.5 153.0 104.5 186 188 -1
188 -9.0 153.0 104.5 187 189 190
189 -9.5 152.5 104.0 188 192 -1
190 -9.5 154.0 106.0 188 193 -1
191 -8.5 154.5 106.0 188 194 -1
192 -9.5 152.5 103.5 189 195 -1
193 -9.5 154.5 106.5 190 196 -1
194 -8.0 154.5 106.0 191 197 -1
195 -9.5 152.5 103.0 192 198 -1
196 -10.0 154.5 107.0 193 199 -1
197 -7.5 154.5 106.5 194 200 -1
198 -10.0 152.5 102.5 195 201 -1
199 -10.5 154.5 107.5 196 202 -1
200 -7.0 154.5 106.5 197 203 -1
201 -10.5 152.5 102.0 198 204 -1
202 -11.0 154.5 108.0 199 205 -1
203 -6.5 154.5 106.5 200 206 -1
204 -11.0 152.5 101.5 201 207 -1
205 -11.5 154.5 108.5 202 208 -1
206 -6.0 155.0 107.0 203 209 -1
207 -11.0 152.5 101.0 204 210 -1
208 -11.0 155.0 109.0 205 211 -1
209 -5.5 155.0 107.0 206 212 -1
210 -11.0 153.0 100.5 207 213 -1
211 -11.5 155.0 109.5 208 214 -1
212 -5.0 155.5 107.5 209 215 -1
213 -11.0 153.0 100.0 210 216 -1
214 -11.5 155.5 110.0 211 217 -1
215 -4.5 155.5 108.0 212 218 -1
216 -11.0 153.0 99.5 213 219 -1
217 -12.0 155.5 110.5 214 220 -1
218 -4.0 155.5 108.0 215 221 -1
219 -11.5 152.5 99.0 216 222 -1
220 -12.0 155.5 111.0 217 223 -1
221 -3.5 156.0 108.5 218 224 -1
222 -11.5 152.5 98.5 219 225 -1
223 -12.5 155.5 111.5 220 226 -1
224 -3.0 156.0 109.0 221 227 -1
225 -11.5 152.5 98.0 222 228 -1
226 -12.5 156.0 112.0 223 229 -1
227 -2.5 156.5 109.5 224 230 -1
228 -11.5 152.5 97.5 225 231 -1
229 -13.0 155.5 112.5 226 232 -1
230 -2.0 156.5 110.0 227 233 -1
231 -11.5 153.0 97.0 228 234 -1
232 -13.0 156.0 113.0 229 235 -1
233 -2.0 156.0 110.5 230 236 -1
234 -11.5 153.0 96.5 231 237 -1
235 -13.5 156.0 113.5 232 238 -1
236 -1.5 156.5 111.0 233 239 -1
237 -11.5 153.0 96.0 234 240 -1
238 -13.5 156.0 114.0 235 241 -1
239 -1.5 156.5 111.5 236 242 -1
240 -11.5 153.0 95.5 237 243 -1
241 -14.0 156.0 114.5 238 244 -1
242 -1.0 157.0 112.0 239 245 -1
243 -11.5 153.0 95.0 240 246 -1
244 -14.5 156.0 115.0 241 247 -1
245 -1.0 157.0 112.5 242 248 -1
246 -11.5 153.0 94.5 243 249 -1
247 -14.5 156.5 115.5 244 250 -1
248 -1.5 156.5 113.0 245 251 -1
249 -11.5 153.0 94.0 246 252 -1
250 -14.5 156.5 116.0 247 253 -1
251 -1.0 156.5 113.5 248 254 -1
252 -11.5 153.0 93.5 249 255 -1
253 -15.0 156.5 116.5 250 256 -1
254 -1.0 156.5 114.0 251 257 -1
255 -11.5 153.0 93.0 252 258 -1
256 -15.0 156.5 117.0 253 259 -1
257 -0.5 156.5 114.5 254 260 -1
258 -12.0 152.5 92.5 255 261 -1
259 -15.5 156.5 117.5 256 262 -1
260 -1.0 156.0 115.0 257 263 -1
261 -11.5 153.0 92.0 258 264 -1
262 -15.5 157.0 118.0 259 265 -1
263 -1.0 155.5 115.5 260 266 -1
264 -11.5 153.0 91.5 261 267 -1
265 -16.0 156.5 118.5 262 268 -1
266 -0.5 155.5 116.0 263 269 -1
267 -11.5 153.0 91.0 264 270 -1
268 -16.0 156.5 119.0 265 271 -1
269 -1.0 155.0 116.5 266 272 -1
270 -12.0 152.5 90.5 267 273 -1
271 -16.5 156.5 119.5 268 274 -1
272 -0.5 155.0 117.0 269 275 -1
273 -12.0 152.5 90.0 270 276 -1
274 -16.5 156.5 120.0 271 277 -1
275 -0.5 155.0 117.5 272 278 -1
276 -12.0 153.0 89.5 273 279 -1
277 -17.0 156.5 120.5 274 280 -1
278 -0.5 154.5 118.0 275 281 -1
279 -12.0 153.0 89.0 276 282 -1
280 -17.0 157.0 121.0 277 283 -1
281 -1.0 154.0 118.0 278 284 -1
282 -12.0 153.0 88.5 279 285 -1
283 -17.0 156.5 121.5 280 286 -1
284 -1.0 153.5 118.5 281 287 -1
285 -12.0 153.0 88.0 282 288 -1
286 -17.5 157.0 122.0 283 289 -1
287 -1.0 153.0 119.0 284 290 -1
288 -12.0 153.0 87.5 285 291 -1
289 -17.5 156.5 122.5 286 292 -1
290 -1.0 152.5 119.5 287 293 -1
291 -12.5 153.0 87.0 288 294 -1
292 -18.0 157.0 123.0 289 295 -1
293 -1.0 152.0 119.5 290 296 -1
294 -12.0 153.0 86.5 291 297 -1
295 -18.0 156.5 123.5 292 298 -1
296 -1.5 151.5 119.5 293 299 -1
297 -12.5 153.5 86.0 294 300 -1
298 -18.5 156.5 124.0 295 301 -1
299 -1.5 151.0 120.0 296 302 -1
300 -12.5 153.5 85.5 297 303 -1
301 -18.5 156.5 124.5 298 304 -1
302 -1.5 150.5 120.0 299 305 -1
303 -12.5 153.5 85.0 300 -1 -1
304 -18.5 156.5 125.0 301 306 -1
305 -1.5 150.0 120.0 302 307 -1
306 -19.0 156.5 125.5 304 308 -1
307 -1.5 149.5 120.0 305 309 -1
308 -19.0 156.0 126.0 306 310 -1
309 -1.0 149.0 120.5 307 311 -1
310 -19.0 156.5 126.5 308 312 -1
311 -0.5 148.5 120.5 309 313 -1
312 -19.0 156.5 127.0 310 314 -1
313 -0.5 148.0 120.5 311 315 -1
314 -19.5 156.5 127.5 312 316 -1
315 -0.5 147.5 121.0 313 317 -1
316 -19.5 156.5 128.0 314 318 -1
317 0.0 147.0 121.0 315 319 -1
318 -20.0 156.5 128.5 316 320 -1
319 0.5 146.5 121.5 317 321 -1
320 -20.0 156.5 129.0 318 322 -1
321 1.0 146.0 122.0 319 323 -1
322 -20.5 156.5 129.5 320 324 -1
323 1.5 146.5 122.0 321 325 -1
324 -20.5 156.5 130.0 322 326 -1
325 2.0 146.5 122.5 323 327 -1
326 -21.0 156.5 130.5 324 328 -1
327 2.5 146.0 123.0 325 329 -1
328 -21.0 156.5 131.0 326 330 -1
329 3.0 146.5 123.5 327 331 -1
330 -21.5 156.5 131.5 328 332 -1
331 3.5 147.0 124.0 329 333 -1
332 -21.5 156.5 132.0 330 334 -1
333 4.0 147.5 124.5 331 335 -1
334 -21.5 156.5 132.5 332 336 -1
335 4.5 148.0 125.0 333 337 -1
336 -21.5 156.5 133.0 334 338 -1
337 5.0 148.5 125.5 335 339 -1
338 -22.0 156.5 133.5 336 340 -1
339 5.5 149.0 126.0 337 341 -1
340 -22.0 156.5 134.0 338 342 -1
341 5.5 149.5 126.5 339 343 -1
342 -22.0 156.5 134.5 340 344 -1
343 6.0 150.0 127.0 341 345 -1
344 -22.5 156.5 135.0 342 346 -1
345 6.0 150.5 127.5 343 347 -1
346 -22.5 156.5 135.5 344 348 -1
347 6.5 151.0 128.0 345 349 -1
348 -23.0 156.5 136.0 346 350 -1
349 6.5 151.5 128.5 347 351 -1
350 -23.0 156.5 136.5 348 352 -1
351 6.5 151.5 129.0 349 353 -1
352 -23.0 157.0 137.0 350 354 -1
353 6.5 152.0 129.5 351 355 -1
354 -23.5 156.5 137.5 352 356 -1
355 6.5 152.0 130.0 353 357 -1
356 -23.5 157.0 138.0 354 358 -1
357 7.0 152.0 130.5 355 359 -1
358 -23.5 157.0 138.5 356 360 -1
359 7.0 152.5 131.0 357 -1 -1
360 -24.0 157.0 139.0 358 361 -1
361 -24.0 157.0 139.5 360 362 -1
362 -24.5 157.0 140.0 361 363 -1
363 -24.5 157.5 140.5 362 364 -1
364 -25.0 157.5 141.0 363 365 -1
365 -25.0 157.5 141.5 364 366 -1
366 -25.0 157.5 142.0 365 367 -1
367 -25.5 157.5 142.5 366 368 -1
368 -25.5 157.5 143.0 367 369 -1
369 -25.5 157.5 143.5 368 370 -1
370 -26.0 157.5 144.0 369 371 -1
371 -26.0 158.0 144.5 370 372 -1
372 -26.0 158.0 145.0 371 373 -1
373 -26.0 158.5 145.5 372 374 -1
374 -26.5 158.0 146.0 373 375 -1
375 -26.5 158.0 146.5 374 376 -1
376 -26.5 158.0 147.0 375 377 -1
377 -26.5 158.0 147.5 376 378 -1
378 -27.0 158.5 148.0 377 379 -1
379 -27.0 158.0 148.5 378 380 -1
380 -27.0 158.0 149.0 379 381 -1
381 -27.5 158.0 149.5 380 382 -1
382 -27.5 158.0 150.0 381 383 -1
383 -27.0 157.5 150.5 382 384 -1
384 -27.5 157.5 151.0 383 385 -1
385 -27.5 157.5 151.5 384 386 -1
386 -27.5 157.5 152.0 385 387 -1
387 -28.0 157.5 152.5 386 388 -1
388 -28.0 157.5 153.0 387 389 -1
389 -28.0 157.0 153.5 388 390 -1
390 -28.0 157.0 154.0 389 391 -1
391 -28.5 157.0 154.5 390 392 -1
392 -28.0 156.5 155.0 391 393 -1
393 -28.5 156.0 155.5 392 394 -1
394 -28.5 156.0 156.0 393 395 -1
395 -28.0 155.5 156.5 394 396 -1
396 -27.5 155.5 157.0 395 397 -1
397 -27.5 155.0 157.5 396 398 -1
398 -27.5 155.0 158.0 397 399 -1
399 -27.0 154.5 158.5 398 400 -1
400 -27.0 154.0 159.0 399 401 -1
401 -27.0 154.0 159.5 400 402 -1
402 -26.5 153.5 160.0 401 403 -1
403 -26.5 153.5 160.5 402 404 -1
404 -26.0 153.0 161.0 403 405 -1
405 -26.0 152.5 161.5 404 406 -1
406 -25.5 152.5 162.0 405 407 -1
407 -25.5 152.0 162.5 406 408 -1
408 -25.0 151.5 163.0 407 409 -1
409 -25.0 151.0 163.5 408 410 -1
410 -24.5 150.5 163.5 409 411 -1
411 -24.0 150.0 164.0 410 412 -1
412 -23.5 149.5 164.0 411 413 -1
413 -23.0 149.0 164.0 412 414 -1
414 -23.0 148.5 164.5 413 415 -1
415 -22.5 148.0 165.0 414 416 -1
416 -22.0 147.5 165.5 415 417 -1
417 -22.0 147.0 165.5 416 418 -1
418 -21.5 146.5 166.0 417 419 -1
419 -21.0 146.0 166.5 418 420 -1
420 -20.5 145.5 166.5 419 421 -1
421 -20.0 145.0 167.0 420 422 -1
422 -20.0 144.5 167.0 421 423 -1
423 -19.5 144.0 167.5 422 424 -1
424 -19.0 143.5 167.5 423 425 -1
425 -18.5 143.0 167.5 424 426 -1
426 -18.5 142.5 168.0 425 427 -1
427 -18.0 142.0 168.0 426 428 -1
428 -17.5 141.5 168.5 427 429 -1
429 -17.0 141.0 169.0 428 430 -1
430 -17.0 141.0 169.5 429 431 -1
431 -16.5 140.5 170.0 430 432 -1
432 -16.0 140.0 170.0 431 433 -1
433 -16.0 139.5 170.5 432 434 -1
434 -15.5 139.0 171.0 433 435 -1
435 -15.0 138.5 171.5 434 436 -1
436 -15.0 138.0 171.5 435 437 -1
437 -14.5 137.5 171.5 436 438 -1
438 -14.0 137.0 172.0 437 439 -1
439 -14.0 136.5 172.0 438 440 -1
440 -13.5 136.0 172.0 439 441 -1
441 -13.5 135.5 172.5 440 442 -1
442 -13.0 135.0 172.5 441 443 -1
443 -13.0 134.5 172.5 442 444 -1
444 -13.0 134.0 173.0 443 445 -1
445 -12.5 133.5 173.5 444 446 -1
446 -13.0 133.0 173.0 445 447 -1
447 -13.0 132.5 173.5 446 448 -1
448 -13.0 132.0 174.0 447 449 -1
449 -13.0 131.5 174.5 448 450 -1
450 -13.0 131.0 175.0 449 451 -1
451 -13.0 130.5 175.5 450 452 -1
452 -12.5 130.0 175.0 451 -1 -1
