0 75.5 170.0 102.5 -1 1 -1
1 75.54436842766862 170.0939896855623 102.6715731002403 0 2 -1
2 75.58018093277502 170.18996675346725 102.84402097378008 1 3 -1
3 75.60721920303973 170.28786607961766 103.01698494409126 2 4 -1
4 75.62505165391143 170.38762235430949 103.19008107310651 3 5 -1
5 75.63341174056421 170.4891223658444 103.36287904913172 4 6 -1
6 75.63223710662673 170.59221030839936 103.53493256165507 5 7 -1
7 75.62133324416868 170.69674987547205 103.70576520168822 6 8 -1
8 75.60083533543433 170.80255632612247 103.87492661530116 7 9 -1
9 75.57093154018547 170.90945144624104 104.0419921735556 8 10 -1
10 75.5317122709629 171.01727738575534 104.20651357931266 9 11 -1
11 75.48372832213438 171.1258502610222 104.36819659726635 10 12 -1
12 75.42731636773874 171.23503003725742 104.5267227718031 11 13 -1
13 75.36290231976754 171.3446910007387 104.68183132941621 12 14 -1
14 75.29113781582896 171.45472171181038 104.83341286788458 13 15 -1
15 75.21246292280176 171.5650478255765 104.98130891990387 14 16 -1
16 75.12744077617353 171.67561343356175 105.1254671378529 15 17 -1
17 75.03669654185546 171.78638409445924 105.26593537319077 16 18 -1
18 74.9405899493309 171.8973558405776 105.40262957073108 17 19 -1
19 74.83979055993416 172.0085309497833 105.53573231692741 18 20 -1
20 74.73465732800598 172.11994003943374 105.66524019252289 19 21 -1
21 74.62571915084466 172.2316174737186 105.79132817096085 20 22 -1
22 74.51332399200369 172.34361972106942 105.91405043342584 21 23 -1
23 74.39793300499343 172.45599921600538 106.03360786935644 22 24 -1
24 74.27982614432034 172.5688370336372 106.15004181497189 23 25 -1
25 74.15941974389355 172.68219326557707 106.26358163191983 24 26 -1
26 74.03697380687261 172.7961615038154 106.37429314488546 25 27 -1
27 73.9128059969787 172.91082013739256 106.48234254199807 26 28 -1
28 73.78720280486401 173.02624914334913 106.58788430229356 27 29 -1
29 73.66039072238225 173.14256298745815 106.6909811884642 28 30 -1
30 73.53264326382441 173.25983695312848 106.79181080688998 29 31 -1
31 73.40419358561094 173.3781625963222 106.89049724220584 30 32 -1
32 73.27525778228187 173.49765826599182 106.98711860871681 31 33 -1
33 73.14606104976154 173.618416428335 107.08180236706052 32 34 -1
34 73.01681717058683 173.74052631042426 107.174670776427 33 35 -1
35 72.88773247296525 173.8640896542323 107.26582248616597 34 36 -1
36 72.75902560667403 173.98925012150988 107.35531425856054 35 37 -1
37 72.63089702405134 174.11607541009232 107.44327849162049 36 38 -1
38 72.50355313020397 174.24467016700714 107.52980118288465 37 39 -1
39 72.37720646693928 174.3751447316734 107.61496082162849 38 40 -1
40 72.25209781206608 174.507643713534 107.69881203765716 39 41 -1
41 72.12833435387677 174.64217400246 107.78141545563706 40 42 -1
42 72.00587639689579 174.7786753452904 107.86272099110545 41 43 -1
43 71.88466858688177 174.91708651953041 107.94265998864189 42 44 -1
44 71.76465957309178 175.05735696407754 108.0211538104358 43 45 -1
45 71.64576086436439 175.19938158578162 108.09816886285108 44 46 -1
46 71.52790588758137 175.34309172028148 108.17364641521296 45 47 -1
47 71.41103932129744 175.48844073576606 108.24750550753528 46 48 -1
48 71.29508930681908 175.63535818402008 108.3196868228046 47 49 -1
49 71.17997469163635 175.78375877653144 108.3901507405579 48 50 -1
50 71.06562554371034 175.93357772321068 108.45883762511565 49 51 -1
51 70.95198712044707 176.0847833817795 108.52563954091102 50 52 -1
52 70.83897030465162 176.2372787840473 108.59053670875177 51 53 -1
53 70.72650240490577 176.3909982158525 108.6534701175995 52 54 -1
54 70.61451739407899 176.54589425346478 108.71434617201697 53 55 -1
55 70.50293963279078 176.70189941904312 108.77310060344108 54 56 -1
56 70.39169023735653 176.85893430012203 108.82969469258155 55 57 -1
57 70.28069790296487 177.01694177643353 108.88404198777742 56 58 -1
58 70.16988933070958 177.175864990966 108.93604329614372 57 59 -1
59 70.05918623901279 177.33561724595222 108.98567455904718 58 60 -1
60 69.94851517924447 177.49613533359903 109.03284541274408 59 61 -1
61 69.83780405591021 177.65735163509035 109.0774727587876 60 62 -1
62 69.7270030581218 177.81914184766867 109.11973838083503 61 63 -1
63 69.6160639850591 177.9813965991199 109.15980504246919 62 64 -1
64 69.50493288599452 178.1440056537569 109.19785329755705 63 65 -1
65 69.39355840140013 178.30685497447408 109.23412149768885 64 66 -1
66 69.28187588657627 178.46984408736176 109.26877965624419 65 67 -1
67 69.16982440207093 178.63286985215566 109.3020472506287 66 68 -1
68 69.05734488607658 178.79583502957107 109.33414744502774 67 69 -1
69 68.94435483401467 178.9586384467139 109.36526075557107 68 70 -1
70 68.83079978429711 179.12118945027962 109.39562810995785 69 71 -1
71 68.71660510147302 179.28339192054935 109.42545588672594 70 72 -1
72 68.6016912573429 179.44514539024888 109.45495812683278 71 73 -1
73 68.48600427866866 179.60636564348562 109.48435707677662 72 74 -1
74 68.36945089258167 179.76693916943523 109.5138726301906 73 75 -1
75 68.25197830469921 179.92677922314067 109.54372263633702 74 76 -1
76 68.13351583653926 180.08578186795683 109.57412708247853 75 77 -1
77 68.01398277346452 180.2438277622635 109.60531851683838 76 78 -1
78 67.89334306934313 180.40083153207524 109.63749581482041 77 79 -1
79 67.77150229745352 180.55664380346403 109.67091395877536 78 80 -1
80 67.64842612170638 180.7112165266972 109.70554033995255 79 81 -1
81 67.52399849163837 180.86460077142615 109.74061983453765 80 82 -1
82 67.39809478376368 181.01689335316516 109.77518358293965 81 83 -1
83 67.27061693400164 181.1681999296859 109.80827255347286 82 84 -1
84 67.14140495661383 181.31856610019335 109.83881657845168 83 85 -1
85 67.01041914939165 181.46806195365235 109.86586737462966 84 86 -1
86 66.87752110830709 181.61664886067754 109.88816251641877 85 87 -1
87 66.74276464101612 181.76430115073845 109.90475831191716 86 88 -1
88 66.606121262846 181.91084042324908 109.91420184062252 87 89 -1
89 66.46779031390784 182.05608338081515 109.91576731856684 88 90 -1
90 66.3279194988271 182.19971060966918 109.90931784554786 89 91 -1
91 66.18672153603097 182.3415083841266 109.8954966353704 90 92 -1
92 66.04433111542784 182.48125603076747 109.87473705988513 91 93 -1
93 65.9008668912704 182.61879300234574 109.84758265668094 92 94 -1
94 65.75642406238133 182.7540246356133 109.81464002185135 93 95 -1
95 65.61103623635515 182.8868120693616 109.77634052010863 94 96 -1
96 65.46475437356867 183.01716592539938 109.73336487124749 95 97 -1
97 65.31755007892149 183.14497759681223 109.68611102421721 96 98 -1
98 65.16943556837505 183.270282913558 109.6351345961232 97 99 -1
99 65.02041133472889 183.39299028382118 109.58061127292125 98 100 -1
100 64.8704991958881 183.51306062945164 109.52275307582465 99 101 -1
101 64.71971328938618 183.6304555102304 109.46175846386474 100 102 -1
102 64.56804708439641 183.7450914799795 109.39777199938348 101 103 -1
103 64.41552109417265 183.85698936685927 109.33104008439601 102 104 -1
104 64.26210197164517 183.96601506114126 109.26165354978161 103 105 -1
105 64.10781019767218 184.07222283751545 109.18987290768032 104 106 -1
106 63.952609838491696 184.17549900102603 109.11580889854478 105 107 -1
107 63.79649821659662 184.27584934800782 109.03966744050685 106 108 -1
108 63.63944954879635 184.37321563738104 108.96160222532107 107 109 -1
109 63.48143425046686 184.46753726802527 108.8817698000399 108 110 -1
110 63.32244212299487 184.55882104118933 108.8003603596944 109 111 -1
111 63.16241324405204 184.6469262458671 108.7174932867919 110 112 -1
112 63.00134591437729 184.73189491162637 108.63337260333145 111 113 -1
113 62.8391858003399 184.81361176723897 108.54813672042205 112 114 -1
114 62.67590083964086 184.8920306157301 108.46195603262713 113 115 -1
115 62.51146645117418 184.9671252164046 108.37500309398614 114 116 -1
116 62.345810185111745 185.03873050949582 108.2874283362025 115 117 -1
117 62.17892891079915 185.10685831025182 108.19940711583358 116 118 -1
118 62.01084902160452 185.1714501074758 108.11100086083646 117 119 -1
119 61.841614778726566 185.23239844572996 108.02221084355885 118 120 -1
120 61.67132130547169 185.2897533783983 107.9330535849097 119 121 -1
121 61.50003832956985 185.3434891392518 107.84353708320188 120 122 -1
122 61.32782154393833 185.39351571896682 107.75366305887414 121 123 -1
123 61.154761891765716 185.4398812773374 107.66344619597528 122 124 -1
124 60.980935835788685 185.48258556408987 107.57289578648825 123 125 -1
125 60.80641362081884 185.52159615294246 107.48201779085379 124 126 -1
126 60.631270522710004 185.55689999233485 107.39081953929892 125 127 -1
127 60.45559056553041 185.58854926587387 107.2993132342947 126 128 -1
128 60.27944903750994 185.61655636627341 107.20750689045298 127 129 -1
129 60.1029162823315 185.64088705893528 107.11540419163292 128 130 -1
130 59.92607162680443 185.66159683395097 107.02301539485234 129 131 -1
131 59.748989802244104 185.67873187645588 106.93034910579338 130 132 -1
132 59.57174190322536 185.69231660330667 106.83741146099254 131 133 -1
133 59.39439766927547 185.7023287202352 106.74420440029229 132 134 -1
134 59.21702795424024 185.70887248562013 106.65073860544227 133 135 -1
135 59.039698457689106 185.7119908632789 106.5570193139188 134 136 -1
136 58.86247520446352 185.71168056525724 106.46304762843168 135 137 -1
137 58.685420675268325 185.70801464683143 106.36882952115046 136 138 -1
138 58.50859275779857 185.70107044641497 106.27437052524508 137 139 -1
139 58.332051809951125 185.69086281390977 106.17967086297959 138 140 -1
140 58.155853833774906 185.67744736318153 106.08473302796907 139 141 -1
141 57.980046186173105 185.6609220897662 105.98956204381258 140 142 -1
142 57.80468543614312 185.64129526198738 105.89415555143901 141 143 -1
143 57.62981674861026 185.6186464083278 105.79851591930411 142 144 -1
144 57.455478215522696 185.5930700621681 105.7026462631032 143 145 -1
145 57.28172899891991 185.5645423851593 105.60653968245161 144 146 -1
146 57.10859091504128 185.53321178181992 105.51020351030552 145 147 -1
147 56.93608932422365 185.49911609956442 105.41366418926647 146 148 -1
148 56.76420546011506 185.4623813474682 105.31699118127148 147 149 -1
149 56.59291535278352 185.4231318050332 105.22025218054904 148 150 -1
150 56.422203358826664 185.38144237001123 105.12351181733615 149 151 -1
151 56.25203322166087 185.3374620894218 105.02683082622703 150 152 -1
152 56.08239019940373 185.2912370371014 104.93027060834754 151 153 -1
153 55.91323216087823 185.24291970684834 104.83388376522247 152 154 -1
154 55.74454158902996 185.19254640812596 104.73773034981161 153 155 -1
155 55.576275332134465 185.14025766539754 104.64185624643483 154 156 -1
156 55.40841062042752 185.08609386228835 104.54631969491018 155 157 -1
157 55.240906390004376 185.0301732979808 104.45116318814483 156 158 -1
158 55.07373350355307 184.97254968238494 104.35644096168451 157 159 -1
159 54.90685434655849 184.91331323952878 104.26219676656571 158 160 -1
160 54.74023365934324 184.85253633056425 104.16847746638625 159 161 -1
161 54.57383703256054 184.79027893517625 104.0753335382864 160 162 -1
162 54.40762455740128 184.72663411145487 103.9828004180625 161 163 -1
163 54.24156342650859 184.66163242977657 103.89094115345925 162 164 -1
164 54.075611956298495 184.59538034744352 103.79977963704745 163 165 -1
165 53.90973509406824 184.5279022875572 103.7093847486685 164 166 -1
166 53.74389285350576 184.45929080107976 103.61978298964863 165 167 -1
167 53.578046951996114 184.3895895664095 103.53103312680031 166 168 -1
168 53.412158149178794 184.3188622959121 103.44317969617256 167 169 -1
169 53.24618754691559 184.24717382895068 103.35626484048369 168 170 -1
170 53.080093277645695 184.1745660732547 103.27035513106168 169 171 -1
171 52.91383902306459 184.10111921646495 103.18547429875366 170 172 -1
172 52.74737730318697 184.0268609105789 103.10171351009127 171 173 -1
173 52.58067519262635 183.9518764816196 103.01908541001157 172 174 -1
174 52.41368273642749 183.8761994084506 102.93768423534745 173 175 -1
175 52.24636620212062 183.79990419300813 102.85753525287387 174 176 -1
176 52.0786754656842 183.7230345328222 102.778728541131 175 177 -1
177 51.910575337279056 183.64565853622636 102.7013016845967 176 178 -1
178 51.74201500270061 183.56782652792722 102.625346533901 177 179 -1
179 51.572959718024705 183.48960567736745 102.55090600851547 178 180 -1
180 51.4033552790358 183.4110503279963 102.47808469570134 179 181 -1
181 51.233171655732015 183.33223022965953 102.40691961790152 180 182 -1
182 51.06234628228559 183.25320360216173 102.33754388285084 181 183 -1
183 50.89085717302266 183.17404305406268 102.26998227517828 182 184 -1
184 50.71877380180156 183.09481178319936 102.20403221573044 183 185 -1
185 50.546406237602895 183.01556975343055 102.1388406027907 184 186 -1
186 50.37407024501443 182.93637073555672 102.07351355766396 185 187 -1
187 50.20209612861642 182.8572718056211 102.00712182691667 186 188 -1
188 50.030802144315345 182.7783300874906 101.93881486134897 187 189 -1
189 49.8605541750508 182.69961971841204 101.86768750121844 188 190 -1
190 49.69168909730204 182.62121673981068 101.79301682622324 189 191 -1
191 49.52459702550585 182.54321904800346 101.71406004186414 190 192 -1
192 49.35960940815153 182.46571407851582 101.63033835839386 191 193 -1
193 49.19634740276742 182.3884513433873 101.54307248861286 192 194 -1
194 49.033558819696346 182.3107798500752 101.45528461241295 193 195 -1
195 48.869946766355845 182.23197373151217 101.37008756841465 194 196 -1
196 48.70433292645699 182.15138900176632 101.2906394230221 195 197 -1
197 48.535551789057685 182.06829723857948 101.22111331868055 196 198 -1
198 48.36306023994627 181.98230536284527 101.16574946883148 197 199 -1
199 48.1876528016035 181.8936283478925 101.12585897726946 198 200 -1
200 48.01097550648857 181.8029401170876 101.0977093531477 199 201 -1
201 47.8341065165483 181.7106830046344 101.07666164041474 200 202 -1
202 47.65750061660336 181.6169859177704 101.0602533854303 201 203 -1
203 47.481351495433174 181.5218349153613 101.0477488486653 202 204 -1
204 47.30580639397226 181.42521427498428 101.03840719956445 203 205 -1
205 47.13097308439962 181.32711006971184 101.0314761011757 204 206 -1
206 46.95693942780101 181.22748918468437 101.02624382399955 205 207 -1
207 46.78379526840907 181.12628274174207 101.0220159836388 206 208 -1
208 46.61158827879055 181.02347852454827 101.01807355058291 207 209 -1
209 46.4403728426536 180.91904660413465 101.0137490077649 208 210 -1
210 46.2702304226735 180.81292467864697 101.00836232635903 209 211 -1
211 46.10121257725767 180.70511955645148 101.00128567385566 210 212 -1
212 45.933391845639974 180.59563256505604 100.99192237125746 211 213 -1
213 45.76689071589256 180.48443692031833 100.97961686156502 212 214 -1
214 45.601778229966534 180.37161330242088 100.96390534097895 213 215 -1
215 45.43821886943121 180.25717231385389 100.94417203838188 214 216 -1
216 45.27631747664566 180.14122882698882 100.92003882066327 215 217 -1
217 45.116268627264574 180.0238533253086 100.89098066952214 216 218 -1
218 44.958156463552015 179.90520273081236 100.85692459684402 217 219 -1
219 44.80202492805018 179.78534172696988 100.81826947989728 218 220 -1
220 44.64771723025317 179.66438072767562 100.7758914865873 219 221 -1
221 44.49513844949293 179.5423519237278 100.73042187938395 220 222 -1
222 44.34418249587047 179.41926246272388 100.68245942989243 221 223 -1
223 44.19468405916052 179.2951365958457 100.63263691210926 222 224 -1
224 44.04651141336201 179.1699626871276 100.58149159683231 223 225 -1
225 43.899546995012116 179.0437041497203 100.52953163634753 224 226 -1
226 43.753650934014225 178.91633670181514 100.47726787379985 225 227 -1
227 43.60868785336129 178.787834967625 100.42518502789768 226 228 -1
228 43.46453876832538 178.6581609709015 100.37375287649567 227 229 -1
229 43.32109191929066 178.52727575316464 100.3234381414471 228 230 -1
230 43.17825182211911 178.39512219708666 100.27473980150238 229 231 -1
231 43.03591726743187 178.26167914096175 100.22812456490603 230 232 -1
232 42.89400559007838 178.12692303523554 100.18407072515105 231 233 -1
233 42.75245036302539 177.99083431943973 100.14307592689296 232 234 -1
234 42.611201400127285 177.85340555956773 100.10565336144312 233 235 -1
235 42.47023159111407 177.7146246611683 100.07240605111913 234 236 -1
236 42.32952957912337 177.57453477893299 100.0438555158605 235 237 -1
237 42.18911172681481 177.4331976081233 100.02054626396384 236 238 -1
238 42.04902749376096 177.29070057048767 100.00301248090324 237 239 -1
239 41.90938609108345 177.14717951777604 99.9912154517593 238 240 -1
240 41.770301443398054 177.00278970020767 99.9845242212859 239 241 -1
241 41.63184064448286 176.85766440052743 99.98219555491464 240 242 -1
242 41.494045783584255 176.7118925034122 99.98355334908669 241 243 -1
243 41.356942246694366 176.56552843556074 99.98794898567044 242 244 -1
244 41.220523153332856 176.4186132503871 99.99467029321357 243 245 -1
245 41.08475927325746 176.27117367645815 100.00299822593372 244 246 -1
246 40.949618454338136 176.12321684227462 100.01224391417938 245 247 -1
247 40.815076104395466 175.97472880975573 100.02170123667045 246 248 -1
248 40.68107913145771 175.82571671786096 100.03064076027516 247 249 -1
249 40.54759059763925 175.676180589503 100.03834211530688 248 250 -1
250 40.41459311859906 175.52611804697344 100.04401445395455 249 251 -1
251 40.28207024587554 175.37555822694162 100.04688886536985 250 252 -1
252 40.15002630392266 175.2245539002513 100.04620483513006 251 253 -1
253 40.01851331198345 175.07317656857415 100.04101792643486 252 254 -1
254 39.887594435522296 174.92155912459273 100.03057061695385 253 255 -1
255 39.75738935430366 174.76987734458928 100.01398449283259 254 256 -1
256 39.628079589977496 174.6183754101752 99.99030246233723 255 257 -1
257 39.499805482642984 174.46727989642267 99.95945368284161 256 258 -1
258 39.37256343892943 174.3165803353121 99.92288756807933 257 259 -1
259 39.24614092287666 174.16606991537296 99.88284812255824 258 260 -1
260 39.120304608407025 174.01546488693646 99.84133744873341 259 261 -1
261 38.99475964186235 173.86443806234996 99.80048543184155 260 262 -1
262 38.86922656540531 173.71264870060233 99.76254273146688 261 263 -1
263 38.743476588894374 173.55983786405974 99.72980387974474 262 264 -1
264 38.61738003266835 173.4058343406738 99.7050134144348 263 265 -1
265 38.49101742521487 173.25076003983202 99.69040635799911 264 266 -1
266 38.36470988993092 173.09500780954042 99.68590788474376 265 267 -1
267 38.23874298863427 172.93895066539764 99.68959215701474 266 268 -1
268 38.11324113816145 172.78277440306067 99.69937174401814 267 269 -1
269 37.98821798733463 172.62651699141935 99.71322354530054 268 270 -1
270 37.863602319338824 172.47011558056903 99.72901223534014 269 271 -1
271 37.739277351985436 172.31346113127634 99.74457942706164 270 272 -1
272 37.61513584295332 172.1564470283815 99.75777927281311 271 273 -1
273 37.4911176431768 171.99901824074982 99.76630328823725 272 274 -1
274 37.36725477995864 171.84125474958566 99.76795596761478 273 275 -1
275 37.24368855141455 171.68337203766788 99.76173283213734 274 276 -1
276 37.120562818021426 171.5255910293668 99.74827967487528 275 277 -1
277 36.99797792433205 171.36807372605918 99.72832912317395 276 278 -1
278 36.875968873806976 171.21091181665278 99.70280985279798 277 279 -1
279 36.75453227030091 171.05414310071882 99.67256499329334 278 280 -1
280 36.63363552659793 170.8977646206192 99.6383819679822 279 281 -1
281 36.513220390060035 170.7417390448938 99.60102750799687 280 282 -1
282 36.39319619245812 170.585992996483 99.56131857146353 281 283 -1
283 36.27346976290728 170.4304426398164 99.51997422444015 282 284 -1
284 36.153938439662554 170.2749904370162 99.47770506620152 283 285 -1
285 36.0344908609156 170.1195314267197 99.43522442066055 284 286 -1
286 35.91502118195161 169.96396224334998 99.3932125131147 285 287 -1
287 35.795425452696776 169.80818351439305 99.35235337654218 286 288 -1
288 35.675613543664014 169.6521126885143 99.31328379853755 287 289 -1
289 35.555496456469015 169.49566740962376 99.27673398427856 288 290 -1
290 35.43502391690547 169.33880812614942 99.24326394894622 289 291 -1
291 35.31415091221114 169.18150162685006 99.213553275684 290 292 -1
292 35.192860394260514 169.0237504134723 99.18823753511542 291 293 -1
293 35.07116408363481 168.8655928051928 99.16790276305294 292 294 -1
294 34.94909089964051 168.70709389450963 99.15331405985283 293 295 -1
295 34.826720631841376 168.54837664406458 99.14492978769785 294 296 -1
296 34.704152749618466 168.38959856070306 99.14354876135813 295 297 -1
297 34.58153587249594 168.23096951633062 99.14956609848271 296 298 -1
298 34.45905104423218 168.07274859059356 99.1636183436624 297 299 -1
299 34.33681265133008 167.91509985675768 99.18463633173066 298 300 -1
300 34.214670314713516 167.75785128674724 99.20900408367852 299 301 -1
301 34.09234444396887 167.6006591458148 99.23280009363518 300 302 -1
302 33.969572744283894 167.44321271819402 99.2521334052479 301 303 -1
303 33.84626328486179 167.2854103558319 99.26324920489009 302 304 -1
304 33.7226036891289 167.12752296338226 99.26199080960106 303 305 -1
305 33.59921028065639 166.97034512761746 99.2451632759383 304 306 -1
306 33.476747872708145 166.81474982021504 99.21320618610083 305 307 -1
307 33.35498193596487 166.66043507579758 99.17323784591208 306 308 -1
308 33.233213858508776 166.50653511183606 99.13168284075186 307 309 -1
309 33.11065747782247 166.3520779053468 99.09484009271388 308 310 -1
310 32.98708343303951 166.1967918204647 99.06568349808597 309 311 -1
311 32.86267596307622 166.0409481771522 99.04398181972256 310 312 -1
312 32.7376459248688 165.8848242890003 99.02884907127067 311 313 -1
313 32.61213620056642 165.72862461700564 99.01957280385764 312 314 -1
314 32.48625088108148 165.5725049483356 99.01540292539647 313 315 -1
315 32.36006705599111 165.4165686436044 99.01543479972014 314 316 -1
316 32.233614192069076 165.26088894630539 99.01897306874693 315 317 -1
317 32.10691148350449 165.10549285483847 99.02512369555599 316 318 -1
318 31.979949462198853 164.9503916793438 99.03311731648937 317 319 -1
319 31.852703521680677 164.79558136085888 99.0421737256956 318 320 -1
320 31.725151173690136 164.6410392259494 99.05149818302935 319 321 -1
321 31.597253590803877 164.4867528937 99.06031178407363 320 322 -1
322 31.468987513875156 164.3327053712602 99.06784365082059 321 323 -1
323 31.340338209281725 164.17889261552656 99.07334838927143 322 324 -1
324 31.211290474350452 164.02533898330026 99.07596748228957 323 325 -1
325 31.081874647543316 163.8720778138476 99.0750221670847 324 326 -1
326 30.952131300803448 163.71918445051008 99.06972179204496 325 327 -1
327 30.822124770368507 163.56675222804537 99.05968783397144 326 328 -1
328 30.691915946310555 163.414828018744 99.04543944388475 327 329 -1
329 30.561536563538173 163.26345148699113 99.02741001900765 328 330 -1
330 30.43100472010716 163.11262963821503 99.00612198291832 329 331 -1
331 30.30032423343509 162.96234621978903 98.98210674208666 330 332 -1
332 30.169480859110475 162.8125880403747 98.95580192866925 331 333 -1
333 30.03845411515795 162.66331500149474 98.92771026573068 332 334 -1
334 29.907216454828525 162.5144788487347 98.89831331415182 333 335 -1
335 29.77572808144118 162.36603663688163 98.86805607667588 334 336 -1
336 29.64394962280975 162.2179323857374 98.83740669864508 335 337 -1
337 29.511843185989623 162.07010765963804 98.8068199275142 336 338 -1
338 29.379363000444236 161.922511622911 98.77675035148886 337 339 -1
339 29.246466242877457 161.7750934213672 98.747664153622 338 340 -1
340 29.113124145631048 161.6278043375185 98.71999889178258 339 341 -1
341 28.979303955329673 161.48060692507903 98.69422109873454 340 342 -1
342 28.844976164746363 161.33347283913227 98.67083724197236 341 343 -1
343 28.710141022522645 161.18638377421564 98.65026513506092 342 344 -1
344 28.57480174474277 161.03934082604025 98.63293094852347 343 345 -1
345 28.43898640146586 160.89238156781897 98.61892794216696 344 346 -1
346 28.30275290408147 160.74554787917276 98.60800759053156 345 347 -1
347 28.166140375451484 160.5988775941834 98.60001080817656 346 348 -1
348 28.029177427350945 160.45240763921268 98.59482440754272 347 349 -1
349 27.891904755689616 160.3061594140073 98.59219695399472 348 350 -1
350 27.754348288346517 160.16015422387795 98.59195670548709 349 351 -1
351 27.61652407699893 160.01441532437372 98.59397923921615 350 352 -1
352 27.478458106444947 159.86894742423837 98.598021627372 351 353 -1
353 27.340164982072782 159.72375815947285 98.60390710233395 352 354 -1
354 27.201650499458367 159.57885922350135 98.61149948139318 353 355 -1
355 27.062928535907346 159.43424437230664 98.62057684890054 354 356 -1
356 26.924005088218028 159.28991099361056 98.6309614068919 355 357 -1
357 26.784879647992632 159.14585981338337 98.64249820593153 356 358 -1
358 26.64555550507948 159.00208114310917 98.65499746991154 357 359 -1
359 26.506033825464087 158.85856425724756 98.6682784322955 358 360 -1
360 26.366311001986787 158.7153014903631 98.6821749934833 359 361 -1
361 26.226381737113957 158.5722843549943 98.69651779852947 360 362 -1
362 26.086245910106257 158.42949671331522 98.71112817561033 361 363 -1
363 25.945898976241565 158.28692673808308 98.72583763664406 362 364 -1
364 25.805320402995324 158.1445637208519 98.74033741906128 363 365 -1
365 25.66448020829278 158.00238686333253 98.75410365418472 364 366 -1
366 25.52334953557304 157.8603816142771 98.76660335744161 365 367 -1
367 25.381903943485685 157.7185425453883 98.77729316793484 366 368 -1
368 25.24012405772121 157.57687741670554 98.7855790744165 367 369 -1
369 25.098017584070274 157.43540094153826 98.79096440826257 368 370 -1
370 24.955601669696318 157.29414775559354 98.7929115827849 369 371 -1
371 24.81291034397089 157.153175931652 98.79082925842089 370 372 -1
372 24.670005727721588 157.01256456515176 98.7841667127952 371 373 -1
373 24.52697783271206 156.8724109281294 98.77245952192033 372 374 -1
374 24.383936501872423 156.7328374113644 98.75527175585162 373 375 -1
375 24.240970994842453 156.593954926799 98.73268698249991 374 376 -1
376 24.09812718881863 156.4558147546277 98.70528626267922 375 377 -1
377 23.955423825717588 156.31844258669742 98.67361871558705 376 378 -1
378 23.81285854576589 156.18184776439293 98.63818401348745 377 379 -1
379 23.670411015772753 156.0460271173574 98.59944850007584 378 380 -1
380 23.528043877109315 155.9109608342546 98.55788040851849 379 381 -1
381 23.385705502211664 155.77660334560076 98.5139803740857 380 382 -1
382 23.243335355916717 155.6429103269076 98.46819348534639 381 383 -1
383 23.100864512444428 155.5098306566694 98.42095454511444 382 384 -1
384 22.95821009738379 155.37730338365 98.37272583406659 383 385 -1
385 22.815203676668734 155.24519837153093 98.32438106914275 384 386 -1
386 22.67163783189043 155.11333218270593 98.27705560231837 385 387 -1
387 22.5273097400648 154.9815411219597 98.23189438477404 386 388 -1
388 22.38203757304898 154.8496849067279 98.19008285192733 387 389 -1
389 22.235670232327642 154.71765930950176 98.15289179996729 388 390 -1
390 22.088101791757186 154.58541233472943 98.1217466666242 389 391 -1
391 21.939348243976934 154.45297643702276 98.09794507231653 390 392 -1
392 21.78951587556458 154.3204782285599 98.08291537759128 391 393 -1
393 21.63884171429528 154.18817261018137 98.078291420509 392 394 -1
394 21.487759200643367 154.0564610482666 98.08546511615158 393 395 -1
395 21.336815641121447 153.9258258877254 98.10489010928993 394 396 -1
396 21.18632757173447 153.79655589060744 98.13447921836512 395 397 -1
397 21.036281536743804 153.66865717774564 98.17142244604008 396 398 -1
398 20.886426841684315 153.54190450410607 98.21284792677311 397 399 -1
399 20.736395124809203 153.41599932784067 98.25618486895789 398 400 -1
400 20.585749528136798 153.29060650656672 98.29886930742595 399 401 -1
401 20.43405442933358 153.1653975363215 98.33822604645188 400 402 -1
402 20.280984432452257 153.04012626336637 98.37155710998704 401 403 -1
403 20.12637413726378 152.9147027128515 98.39594056057756 402 404 -1
404 19.970329646015248 152.78928659824965 98.40792895086236 403 405 -1
405 19.81344161154624 152.66435906152324 98.40622362454405 404 406 -1
406 19.65630403996011 152.54043288670377 98.39280271065488 405 407 -1
407 19.4991917826448 152.41775298351993 98.37044010862245 406 408 -1
408 19.34208695501034 152.29629429445905 98.34209413581272 407 409 -1
409 19.184773199134796 152.17593003539807 98.3104049017314 408 410 -1
410 19.02692550920136 152.0564266749373 98.27811370327832 409 411 -1
411 18.86820617072796 151.93754244765415 98.24789117690979 410 412 -1
412 18.70828723153852 151.8191103875756 98.22267753167402 411 413 -1
413 18.547062466337394 151.70106113056895 98.2052859954479 412 414 -1
414 18.38465639078118 151.5835503018608 98.19892019869994 413 415 -1
415 18.221595136079106 151.46699781800396 98.20598353574731 414 416 -1
416 18.0584885634841 151.35185061781937 98.225115970141 415 417 -1
417 17.895640329577727 151.23836269766625 98.25399941963816 416 418 -1
418 17.733058860275566 151.12650854139616 98.28994780148972 417 419 -1
419 17.570555273266258 151.01621938466553 98.3307817838119 418 420 -1
420 17.40780133086795 150.9072435939924 98.37408213715587 419 421 -1
421 17.24438906731458 150.79936213196316 98.4176437953183 420 422 -1
422 17.079896640022955 150.69232981914064 98.45917699472302 421 423 -1
423 16.913946882114526 150.5859448156823 98.49631903617504 422 424 -1
424 16.74625720036698 150.48010899794647 98.52653172216436 423 425 -1
425 16.576926538704704 150.37492859704918 98.5488496557475 424 426 -1
426 16.406211839859946 150.27064449691005 98.56355104224376 425 427 -1
427 16.23436761751507 150.1674613840817 98.57117004014636 426 428 -1
428 16.06160331596757 150.06554267727583 98.57230386240403 427 429 -1
429 15.888065398400265 149.9650549725591 98.5674462939716 428 430 -1
430 15.713887248233014 149.86607152667074 98.55736812298078 429 431 -1
431 15.539130122490961 149.768703949715 98.54262114887705 430 432 -1
432 15.363835140859804 149.67299439872295 98.52392200441435 431 433 -1
433 15.18800841121047 149.57896447054776 98.5019643420376 432 434 -1
434 15.011606293936188 149.48668445144676 98.47735113351091 433 435 -1
435 14.834591577182 149.39612084597812 98.45083143240974 434 436 -1
436 14.656891931721711 149.307287153435 98.42306689118814 435 437 -1
437 14.478406913080615 149.22021717509034 98.39475745213709 436 438 -1
438 14.298995997119738 149.13485424942522 98.36711491569282 437 439 -1
439 14.118431213388847 149.05116275043704 98.34200518105825 438 440 -1
440 13.936504983637127 148.96917535304095 98.3215698970995 439 441 -1
441 13.753186122392778 148.88892345035856 98.30788192203498 440 442 -1
442 13.568615356886685 148.8105585849243 98.3031608561696 441 443 -1
443 13.383211471656859 148.73433993415154 98.30966486506145 442 444 -1
444 13.19775708850161 148.6606732090863 98.32970678891816 443 445 -1
445 13.013436085261153 148.59003000009943 98.36506886865209 444 446 -1
446 12.8314536910644 148.52282400120873 98.41591330245427 445 447 -1
447 12.651759157061083 148.45897096178186 98.47807829467229 446 448 -1
448 12.473412065488802 148.39815749996941 98.5468653385644 447 449 -1
449 12.295058309930614 148.33986459949733 98.61779558119017 448 450 -1
450 12.115260787646447 148.2837090234994 98.68676687259786 449 451 -1
451 11.932531582350174 148.2294003867102 98.74915128978805 450 452 -1
452 11.745752290989275 148.1767662416385 98.79974774431695 451 453 -1
453 11.554538387799667 148.12595502890176 98.83212730645451 452 454 -1
454 11.3601846423252 148.07754925872075 98.83926071321682 453 455 -1
455 11.165724158628716 148.0323898326607 98.82085120601377 454 456 -1
456 10.97305976295163 147.99083559944395 98.78381284779273 455 457 -1
457 10.782221912557622 147.9527634331697 98.73518979852098 456 458 -1
458 10.59216406136005 147.9178719502123 98.6813449567926 457 459 -1
459 10.401372663048823 147.88585544265916 98.62832294181901 458 460 -1
460 10.208368152351076 147.85648110599845 98.58232685779579 459 461 -1
461 10.01224038327631 147.82970038139973 98.55026811812358 460 462 -1
462 9.813618438980615 147.8056867232536 98.53678766860114 461 463 -1
463 9.614223588884066 147.78466476299297 98.54079691321327 462 464 -1
464 9.415394333015232 147.76671979248255 98.55998744295 463 465 -1
465 9.217922381816033 147.75182699205968 98.59179685712063 464 466 -1
466 9.022105667885434 147.7398710520466 98.63357741820604 465 467 -1
467 8.827886486804967 147.73072167565945 98.68288211556094 466 468 -1
468 8.63496403224918 147.72424908588107 98.73744244263429 467 469 -1
469 8.442893504628628 147.72034640838928 98.79517105742711 468 470 -1
470 8.251350919952957 147.71892352877265 98.8547407574034 469 471 -1
471 8.060221945389362 147.71990507424525 98.91563411509856 470 472 -1
472 7.869395514923536 147.7232246788629 98.97738834596677 471 473 -1
473 7.678753299007589 147.72882256535323 99.03954611117746 472 474 -1
474 7.488172245007409 147.73664546987177 99.10165127689403 473 475 -1
475 7.297526979517493 147.7466463717857 99.16324445392213 474 476 -1
476 7.106692226032608 147.75878404433325 99.2238583974707 475 477 -1
477 6.915545400521974 147.77302242663248 99.28301334658151 476 478 -1
478 6.723969556114039 147.78932980300578 99.34021239909342 477 479 -1
479 6.531856855269702 147.8076777622136 99.39493705252744 478 480 -1
480 6.339112750428826 147.8280398975263 99.44664309605862 479 481 -1
481 6.145661046676509 147.85039019980806 99.49475711560771 480 482 -1
482 5.951449994078316 147.87470109199046 99.53867397349838 481 483 -1
483 5.756459501325924 147.90094105768208 99.57775574326061 482 484 -1
484 5.5607065302745164 147.9290805142861 99.6113057775869 483 485 -1
485 5.364361767229826 147.95907934764188 99.6393501133052 484 486 -1
486 5.167841770108892 147.99090840616745 99.66396495098667 485 487 -1
487 4.971506616274231 148.0245528655193 99.68763054416085 486 488 -1
488 4.775685041627405 148.05999182416653 99.71286513799426 487 489 -1
489 4.580762570399338 148.09718287664052 99.74217711562649 488 490 -1
490 4.387282168599437 148.1360540684707 99.77807570026256 489 491 -1
491 4.195961187926522 148.17643583210813 99.82275245915406 490 492 -1
492 4.007746338452093 148.21809696541627 99.87812197748059 491 493 -1
493 3.8237577518927037 148.2607247809662 99.94560474159941 492 494 -1
494 3.6446113118978998 148.30408171006474 100.02469489107125 493 495 -1
495 3.469483707513492 148.3482715696843 100.11194468599201 494 496 -1
496 3.2971795936790516 148.3935357642432 100.20414403230897 495 497 -1
497 3.1264337463243685 148.44019618965697 100.29852700523543 496 498 -1
498 2.95594995381694 148.48859865175146 100.39250395449744 497 499 -1
499 2.784475639456326 148.5391553721468 100.48348637637272 498 500 -1
500 2.610782587694408 148.5923317926402 100.56855210774711 499 501 -1
501 2.4337430986932884 148.64862359091092 100.64414429715795 500 502 -1
502 2.2527649556988276 148.7083949666782 100.70655610373531 501 503 -1
503 2.0690870927528224 148.7713203790069 100.75687838691243 502 504 -1
504 1.8843136471462714 148.8368386510745 100.7993355366718 503 505 -1
505 1.699630467911382 148.9044618527991 100.83881515560736 504 506 -1
506 1.516027126326376 148.97371992500587 100.88041786814233 505 507 -1
507 1.334629802737278 149.04406145016324 100.92918919543034 506 508 -1
508 1.1568649014697743 149.11473268070756 100.98941878747539 507 509 -1
509 0.9845314779305662 149.18479973883535 101.06428942517489 508 510 -1
510 0.8194934347743892 149.25325194654624 101.15533185788051 509 511 -1
511 0.6622733197684813 149.3196392419502 101.26068220507688 510 512 -1
512 0.5110294556848544 149.3844921641387 101.37536128277392 511 513 -1
513 0.3641621047534706 149.44835859268167 101.49614140760872 512 514 -1
514 0.22001247563058698 149.51181950683147 101.62036893717767 513 515 -1
515 0.07718505390019732 149.57541379845878 101.74605046552038 514 516 -1
516 -0.06570633592591064 149.63969139429884 101.87131000179836 515 517 -1
517 -0.21000116545653852 149.70519838906256 101.99429801817102 516 518 -1
518 -0.3571248894445658 149.77255539365294 102.11284316358703 517 519 -1
519 -0.5083980484484008 149.84234129683605 102.22455009181189 518 520 -1
520 -0.6640467840986031 149.91463088285815 102.3283722541697 519 521 -1
521 -0.8238086119860357 149.9892653393767 102.42396444743498 520 522 -1
522 -0.9874000609394934 150.06606732953435 102.51097800811847 521 523 -1
523 -1.1543624056206176 150.14475216027154 102.58948973169693 522 524 -1
524 -1.324272145626691 150.22504612561158 102.65960393987619 523 525 -1
525 -1.496688041696838 150.30665565872715 102.72162060231953 524 526 -1
526 -1.6711806924061117 150.38928422611704 102.77602049692835 525 527 -1
527 -1.8473560445236192 150.47264637956815 102.82343988460839 526 528 -1
528 -2.0248708989215505 150.55647772897018 102.86463951387172 527 529 -1
529 -2.2034401911463606 150.6405405411488 102.90047250844178 528 530 -1
530 -2.3828370762969993 150.72462539516619 102.93185458928868 529 531 -1
531 -2.5628874891541735 150.80854973477727 102.9597386621766 530 532 -1
532 -2.743460968871761 150.89215428271172 102.98509447718625 531 533 -1
533 -2.924459325720234 150.97529821271962 103.00889306070204 532 534 -1
534 -3.105804380639041 151.05785381543043 103.03209498657868 533 535 -1
535 -3.287425670237528 151.13970122057802 103.0556412442068 534 536 -1
536 -3.469248988597301 151.2207236965521 103.0804434693289 535 537 -1
537 -3.6512127087581483 151.30081538282758 103.10716303004325 536 538 -1
538 -3.833301901870858 151.37989158748078 103.13597030209542 537 539 -1
539 -4.015504516450089 151.45787504028962 103.16695581130213 538 540 -1
540 -4.197803729437257 151.53469768057622 103.20018992463872 539 541 -1
541 -4.380179243000785 151.61029089766689 103.2357426475347 540 542 -1
542 -4.562607087919454 151.68458973312508 103.2736754252764 541 543 -1
543 -4.745059954686449 151.75753047402532 103.31404575664838 542 544 -1
544 -4.927506710804386 151.82903188741685 103.35693915071002 543 545 -1
545 -5.109913717109366 151.89906268087515 103.40235255512324 544 546 -1
546 -5.292245712768784 151.9675754111862 103.45031181768539 545 547 -1
547 -5.474462008732896 152.03448747833633 103.50089863430505 546 548 -1
548 -5.656525044139516 152.09978854789415 103.55407528579518 547 549 -1
549 -5.838393217994957 152.16343029007854 103.60986658128749 548 550 -1
550 -6.020022501152875 152.2253651981431 103.66829424931689 549 551 -1
551 -6.201374249275608 152.28558695111678 103.72931741450624 550 552 -1
552 -6.382401212885788 152.34404281063644 103.79296542966063 551 553 -1
553 -6.563065531837343 152.40073267080527 103.85918915236243 552 554 -1
554 -6.7434251971263945 152.45566998963633 103.92768401280287 553 555 -1
555 -6.923833542015891 152.5089283613437 103.99736861207052 554 556 -1
556 -7.104697049145088 152.5606483751905 104.06703195758153 555 557 -1
557 -7.286417099479356 152.61089948294804 104.13552966033437 556 558 -1
558 -7.469381705084094 152.65973919413833 104.20169111101121 557 559 -1
559 -7.65390260254451 152.70723889548648 104.26440997358714 558 560 -1
560 -7.840265620826689 152.75341364642105 104.32249297947989 559 561 -1
561 -8.028718626213308 152.79823218757744 104.37457136736924 560 562 -1
562 -8.219315681224648 152.8416915849754 104.41948639253862 561 563 -1
563 -8.412031851309381 152.88372296639832 104.455896100766 562 564 -1
564 -8.606713359808419 152.9241890122831 104.48218150816503 563 565 -1
565 -8.802905596236899 152.96300299618738 104.49728236379431 564 566 -1
566 -9.0 153.0 104.5 565 567 568
567 -8.985374871591274 153.10912000542933 104.66095395224094 566 570 -1
568 -8.874388438156387 153.13133756215038 104.58848667098971 566 571 -1
569 -9.096800077874338 152.98875883937285 104.36194146713983 566 572 -1
570 -8.990622963876609 153.2159583210838 104.82397379987862 567 573 -1
571 -8.746010555955843 153.25874664539893 104.67883151695641 568 574 -1
572 -9.191626600168545 152.97783024490175 104.22247538441914 569 575 -1
573 -9.014577513785099 153.31949403981224 104.98745871497081 570 576 -1
574 -8.615264227748808 153.38237454025287 104.7710157234072 571 577 -1
575 -9.284460691974449 152.9670698115939 104.08166226031747 572 578 -1
576 -9.055392623132114 153.4190120103982 105.15011050034755 573 579 -1
577 -8.482414462318408 153.50240632659583 104.8649301348006 574 580 -1
578 -9.37528574329319 152.95648310108618 103.93953195261938 575 581 -1
579 -9.11089953730084 153.51414262097035 105.31104353982056 576 582 -1
580 -8.347687550799122 153.61900038970336 104.96048784913356 577 583 -1
581 -9.464087504580217 152.94607555889525 103.7961156854855 578 584 -1
582 -9.178879345013941 153.60480619375772 105.46976935428299 579 585 -1
583 -8.211293357455302 153.73232069751742 105.05760671888919 580 586 -1
584 -9.55085413395222 152.93585250098698 103.6514459206014 581 587 -1
585 -9.257244550271757 153.691129777181 105.62612236068234 582 588 -1
586 -8.073413366384415 153.84250856197974 105.15622126386396 583 589 -1
587 -9.635575731299541 152.92581914885466 103.50555593503078 584 590 -1
588 -9.344187965908377 153.77333453798738 105.78015193426565 585 591 -1
589 -7.9342110847566225 153.94969618491993 105.25627496454857 586 592 -1
590 -9.718244427726201 152.91598061697314 103.35847976869262 587 593 -1
591 -9.438031542371549 153.85175949685237 105.93209399834807 588 594 -1
592 -7.793834246924814 154.05400677689335 105.35771923996595 589 595 -1
593 -9.798856821908807 152.9063416667321 103.21025343831792 590 596 -1
594 -9.537352762888172 153.92676069807717 106.08227718519716 591 597 -1
595 -7.65241676868228 154.15555479643584 105.46051255795244 592 598 -1
596 -9.877410953936948 152.8969069824476 103.06091303674101 593 599 -1
597 -9.640940307055788 153.9986845894355 106.23108160851648 594 600 -1
598 -7.510080476230436 154.25444626912645 105.56461966421641 595 601 -1
599 -9.953904645260742 152.88768134540265 102.91049385472932 596 602 -1
600 -9.747762124772086 154.06783472894597 106.37891415156568 597 603 -1
601 -7.366936634232921 154.35077915564585 105.67001091707617 598 604 -1
602 -10.028342908723829 152.87866886981405 102.75903411048444 599 605 -1
603 -9.856841868558892 154.1345309518982 106.52622606278902 600 606 -1
604 -7.223084867160871 154.44463421146054 105.7766666744523 601 607 -1
605 -10.100729520453733 152.86987385246152 102.6065704474494 602 608 -1
606 -9.967271055044312 154.19909369824637 106.67348414186475 603 609 -1
607 -7.078621548770231 154.53610093786952 105.88456375926795 604 610 -1
608 -10.171072183470452 152.861300233785 102.45314048262858 605 611 -1
609 -10.078206152027342 154.2617863417737 106.82116995013085 606 612 -1
610 -6.9336323456942415 154.62524681751216 105.99369109150614 607 613 -1
611 -10.239380430211755 152.85295180818756 102.29878165526104 608 614 -1
612 -10.188770063812958 154.32285595174199 106.96981079919274 609 615 -1
613 -6.7882003110663325 154.71214687397338 106.1040340573671 610 616 -1
614 -10.305666622072453 152.84483210471714 102.14353159223872 611 617 -1
615 -10.298057053061656 154.38257670546457 107.11993544172383 612 618 -1
616 -6.642400484697 154.79685389561246 106.21559043861038 613 619 -1
617 -10.36994380394701 152.83694462475506 101.98742710071417 614 620 -1
618 -10.40507148141551 154.44118249665894 107.27212044625156 615 621 -1
619 -6.4963065230536685 154.87943091888337 106.32835258220376 616 622 -1
620 -10.432230066458153 152.82929232518595 101.83050592342838 617 623 -1
621 -10.508660859601969 154.49890066824415 107.42698780933102 618 624 -1
622 -6.349987237204768 154.95992881062477 106.44231963500684 619 625 -1
623 -10.492541207370618 152.821878476778 101.67280365808874 620 626 -1
624 -10.607718248492885 154.5558987350975 107.58505214908241 621 627 -1
625 -6.20350846913552 155.03839203469903 106.55749449500274 622 628 -1
626 -10.550899308108603 152.8147056313853 101.51435715134492 623 629 -1
627 -10.702019208023094 154.6121386870442 107.74626627163008 624 630 -1
628 -6.0569338598034665 155.11485938050075 106.67388348236281 625 631 -1
629 -10.607326567203124 152.80777634866448 101.35520195734654 626 632 -1
630 -10.79165259085416 154.6675384252808 107.91040780074326 627 633 -1
631 -5.910325410515384 155.1893714524316 106.79149166793135 628 634 -1
632 -10.661844493121265 152.80109331772888 101.19537213905129 629 635 -1
633 -10.876790812580397 154.72202759248862 108.07722608172465 630 636 -1
634 -5.763743422582566 155.261960735798 106.91032892377557 631 637 -1
635 -10.71448066993594 152.7946584721901 101.03490259777674 632 638 -1
636 -10.957690078167511 154.77555021360772 108.24645055832971 633 639 -1
637 -5.617247219547687 155.33265575107424 107.03040747614614 634 640 -1
638 -10.765261923392794 152.7884738580168 100.87382660354521 635 641 -1
639 -11.034670100192319 154.8280613452102 108.41780801298238 636 642 -1
640 -5.470895540846433 155.40148116879908 107.15174186252746 637 643 -1
641 -10.814214949281558 152.78254157145517 100.71217610859225 638 644 -1
642 -11.108122578271312 154.8795287482642 108.59102152622133 639 645 -1
643 -5.324746924073386 155.4684579054341 107.27434890331021 640 646 -1
644 -10.86137065026243 152.7768631500917 100.5499830779174 641 647 -1
645 -11.178582877959556 154.92996050190146 108.7657767923037 642 648 -1
646 -5.178860080341245 155.53360320011853 107.39824768646258 643 649 -1
647 -10.906760191798465 152.77144010077893 100.38727820415731 644 650 -1
648 -11.24656717168324 154.97935272429646 108.94180602325127 645 651 -1
649 -5.033294267054541 155.59693067226831 107.52345956364958 646 652 -1
650 -10.95041476486195 152.7662739438505 100.22409089586789 647 653 -1
651 -11.312708802564146 155.0277422162249 109.11881377572638 648 654 -1
652 -4.888110126973136 155.65844846671834 107.65000958820745 649 655 -1
653 -10.992367042939346 152.7613659994717 100.06044970929946 650 656 -1
654 -11.377652633604496 155.07516431774076 109.29652598435811 651 657 -1
655 -4.743368914780697 155.71816456948636 107.77792259320952 652 658 -1
656 -11.032651925761227 152.75671725374028 99.89638250431825 653 659 -1
657 -11.442085935443494 155.1216743046388 109.47466483763051 654 660 -1
658 -4.599133815111314 155.77608198746424 107.90722673314801 655 661 -1
659 -11.071304058334421 152.75232873119762 99.73191580118947 656 662 -1
660 -11.506711486047452 155.16733140627224 109.65295459937525 657 663 -1
661 -4.455470163976567 155.83219995056183 108.03795264302181 658 664 -1
662 -11.108357146761538 152.74820162445604 99.56707469708238 659 665 -1
663 -11.572232447956832 155.21220442124428 109.83111627533617 660 666 -1
664 -4.312445831949201 155.8865140635524 108.17013332538728 661 667 -1
665 -11.143848923516114 152.74433646995357 99.40188402538749 662 668 -1
666 -11.639347984381844 155.25636101983662 110.00886231759095 663 669 -1
667 -4.170131671155223 155.93901624474526 108.30380418092984 664 670 -1
668 -11.17781594100462 152.74073398716325 99.23636714181191 665 671 -1
669 -11.708709071683106 155.2998710291359 110.18590361454913 666 672 -1
670 -4.028602169841118 155.9896942605834 108.4390033643263 667 673 -1
671 -11.210293948544358 152.73739504380814 99.07054610573586 668 674 -1
672 -11.780588835153265 155.342766915739 110.3620880846247 669 675 -1
673 -3.887938068748572 156.03852761208512 108.57577530872717 670 676 -1
674 -11.241321263944997 152.7343200529894 98.90444238819998 671 677 -1
675 -11.854848835651973 155.38504160606018 110.53743375374845 672 678 -1
676 -3.7482204436845508 156.0855008088039 108.71415924150736 673 679 -1
677 -11.270936036766503 152.7315094392062 98.73807631373467 674 680 -1
678 -11.93130862467701 155.4266934793408 110.71198144757467 675 681 -1
679 -3.6095373686630454 156.13058985960646 108.85420051435804 676 682 -1
680 -11.29917502667486 152.72896388862233 98.57146690698853 677 683 -1
681 -12.009845400442378 155.46770696854585 110.88575660378237 678 684 -1
682 -3.471986984448388 156.17375962683548 108.9959531019815 679 685 -1
683 -11.32607726897629 152.72668364459773 98.40463257816245 680 686 -1
684 -12.09027617091611 155.50808797319576 111.05881221729264 681 687 -1
685 -3.335667973792157 156.21498092728905 109.13946411664867 682 688 -1
686 -11.351681552306799 152.724668973192 98.23759068318961 683 689 -1
687 -12.172480513147425 155.54782484819964 111.23118234133592 684 690 -1
688 -3.200691462022796 156.2542117339809 109.28479032545748 685 691 -1
689 -11.37602474185245 152.72292053665774 98.07035733233145 686 692 -1
690 -12.256318612074676 155.58691463953923 111.40291245369346 687 693 -1
691 -3.0671746887464058 156.29140857431196 109.43198756561911 688 694 -1
692 -11.399146857173541 152.7214383185782 97.90294819243837 689 695 -1
693 -12.341648409824158 155.62535874211957 111.57405271009902 690 696 -1
694 -2.935248659817537 156.32651700395152 109.5811190624458 691 697 -1
695 -11.421085912776123 152.7202227104707 97.73537773630811 692 698 -1
696 -12.428360500146038 155.66314646766497 111.74464359562428 693 699 -1
697 -2.805049505290397 156.35948410876028 109.73224332533972 694 700 -1
698 -11.441879916270416 152.7192741047645 97.56765959562449 695 701 -1
699 -12.516328648235172 155.70027658477073 111.91473513712309 696 702 -1
700 -2.6767305676047033 156.39024417620828 109.88542679845168 697 703 -1
701 -11.461568387852859 152.71859251410157 97.39980676652378 698 704 -1
702 -12.605429751423454 155.73674959714253 112.08437862053015 699 705 -1
703 -2.5504602707794266 156.41872358499927 110.04073855488369 700 706 -1
704 -11.480188184164374 152.71817858496678 97.23183113831048 701 707 -1
705 -12.695556907038743 155.7725589829898 112.25362108545478 702 708 -1
706 -2.4264204295812832 156.44484390484138 110.19824641285607 703 709 -1
707 -11.497778931365106 152.7180322539932 97.06374416518243 704 710 -1
708 -12.786607842980187 155.80769554860464 112.42250979369247 705 711 -1
709 -2.3048121733233184 156.4685168380671 110.35802047373005 706 712 -1
710 -11.51437789347365 152.71815404383085 96.8955563162186 707 713 -1
711 -12.878466669598112 155.84216246971806 112.59109877916694 708 714 -1
712 -2.1858575292372264 156.4896445064563 110.52013139718257 709 715 -1
713 -11.530023448146125 152.71854416731748 96.72727748989014 710 716 -1
714 -12.971031771669688 155.87595489531404 112.75943787008462 711 717 -1
715 -2.0697975437683387 156.50812274645972 110.68464569534584 712 718 -1
716 -11.544753359865357 152.71920298328442 96.55891686321294 713 719 -1
717 -13.064206890334502 155.90906324892694 112.92757627826097 714 720 -1
718 -1.9568998376839681 156.52383571568598 110.85162865758497 715 721 -1
719 -11.558605084555547 152.72013093023008 96.39048296181541 716 722 -1
720 -13.157893140266742 155.94148088087368 113.09556521091584 717 723 -1
721 -1.8474697636311146 156.53664899300688 111.02114770978905 718 724 -1
722 -11.571616508318797 152.7213282910784 96.22198374797432 719 725 -1
723 -13.251989877810054 155.9732066558941 113.26345678821205 720 726 -1
724 -1.7418289044931365 156.5464296575524 111.19325185991161 721 727 -1
725 -11.583824435689914 152.72279568326468 96.05342653458493 722 728 -1
726 -13.346402198139563 156.00423364583094 113.43130180160416 723 729 -1
727 -1.640340551462359 156.5530266201097 111.36798516695094 724 730 -1
728 -11.595266598033259 152.72453339301563 95.88481816288161 725 731 -1
729 -13.441036589999639 156.03455102367698 113.5991514428387 726 732 -1
730 -1.5433293781421822 156.55627669265874 111.54533560312508 727 733 -1
731 -11.605979362057527 152.7265421758021 95.71616487440473 728 734 -1
732 -13.535798404872937 156.06414731516742 113.76705787838321 729 735 -1
733 -1.450981535216546 156.55601225384774 111.72518702525686 730 736 -1
734 -11.616000123935459 152.72882239006088 95.54747249326915 731 737 -1
735 -13.630592283693982 156.09301964737045 113.93507221736404 732 738 -1
736 -1.363457152212907 156.5520687474812 111.90739154070164 733 739 -1
737 -11.62536497212589 152.7313748960662 95.3787463161692 734 740 -1
738 -13.725324590147833 156.12115812058732 114.1032457068428 735 741 -1
739 -1.2809078119982542 156.54428499533284 112.09178091382037 736 742 -1
740 -11.634110873898296 152.7342001816152 95.20999125928222 737 743 -1
741 -13.81990046541215 156.14854984003338 114.2716303871408 738 744 -1
742 -1.2034851106110223 156.5324963888195 112.27817035116345 739 745 -1
743 -11.642273750595031 152.73729918794172 95.0412117896026 740 746 -1
744 -13.91422131688248 156.17517668229513 114.44028056389573 741 747 -1
745 -1.1313050008358203 156.51656285813158 112.46634649121485 742 748 -1
746 -11.649890122308362 152.74067257624245 94.87241202601712 743 749 -1
747 -14.008192616564253 156.20103408047564 114.60924526146886 744 750 -1
748 -1.0644822141903805 156.4963420711178 112.6560827681988 745 751 -1
749 -11.656995813894145 152.74432135587637 94.70359571266079 746 752 -1
750 -14.101716553844588 156.22610833921613 114.77857577321114 747 753 -1
751 -1.0031153406838589 156.47170098267142 112.84713468858864 748 754 -1
752 -11.663626942341693 152.74824639107047 94.53476628055571 749 755 -1
753 -14.19468995507755 156.25038031800926 114.94832580421853 750 756 -1
754 -0.9472686071538562 156.44253094364163 113.0392389390403 751 757 -1
755 -11.669819276165306 152.7524487590336 94.36592685209118 752 758 -1
756 -14.287007523256468 156.27383038353958 115.1185485898577 753 759 -1
757 -0.8969910763924023 156.40873241965164 113.23212114456314 754 760 -1
758 -11.675608621087685 152.75692954096664 94.19708027694335 755 761 -1
759 -14.378618805140295 156.29645925134176 115.28926337494346 756 762 -1
760 -0.8523068672261388 156.37022317206365 113.42549651278287 757 763 -1
761 -11.681030710765095 152.76168989571715 94.02822915327 758 764 -1
762 -14.46952464392711 156.3182715775994 115.46046089466124 759 765 -1
763 -0.8132145720141022 156.32693912621815 113.6190732417067 760 766 -1
764 -11.686121163392553 152.76673111842075 93.85937585218358 761 767 -1
765 -14.559719289536222 156.3392606573839 115.63213683075836 762 768 -1
766 -0.7796871638502172 156.27883488744038 113.81255603580534 763 769 -1
767 -11.690915693988089 152.77205447889924 93.69052254327543 764 770 -1
768 -14.649218290660983 156.35944430738843 115.80427278778632 765 771 -1
769 -0.7516761931592568 156.2258805045575 114.00564914821045 766 772 -1
770 -11.695449871893361 152.7776614648616 93.52167121799906 767 773 -1
771 -14.738028648525173 156.37883032020937 115.97685653160252 768 774 -1
772 -0.7291030253852291 156.16806973495915 114.19806048021766 769 775 -1
773 -11.69975941922342 152.7835535034624 93.35282371268036 770 776 -1
774 -14.826146960818154 156.39741429089716 116.14988268061352 771 777 -1
775 -0.7118658253122977 156.10541468388456 114.38950504361497 772 778 -1
776 -11.703879992117484 152.78973223389391 93.18398173449957 773 779 -1
777 -14.913588236222795 156.41521300881385 116.32333433509451 774 780 -1
778 -0.6998430402780846 156.0379433090352 114.57970741730196 775 781 -1
779 -11.707847371040584 152.79619930550757 93.01514688281969 776 782 -1
780 -15.000362274467827 156.43223709893846 116.4971983676497 777 783 -1
781 -0.6928937192411424 155.96569981001673 114.7684044472698 778 784 -1
782 -11.711697412681799 152.80295644667106 92.84632067306488 779 785 -1
783 -15.08646558904183 156.44848159477786 116.67146997719969 780 786 -1
784 -0.6908597132001276 155.88874336857023 114.95534743973214 781 787 -1
785 -11.71546604971991 152.8100056137955 92.67750456635886 782 788 -1
786 -15.171917629902996 156.4639680422482 116.84613072094042 783 789 -1
787 -0.6935416012066944 155.80714652682983 115.1403044167168 784 790 -1
788 -11.719189411499865 152.81734853931826 92.50869997673819 785 791 -1
789 -15.256725796769015 156.47870384443377 117.02116984233277 786 792 -1
790 -0.7005684674483993 155.72099059998683 115.32306767743059 787 793 -1
791 -11.72290373745938 152.82498759307165 92.33990832990524 788 794 -1
792 -15.340892166569116 156.49269001704266 117.19657986240759 789 795 -1
793 -0.7115063712254207 155.63036030919096 115.50346008105187 790 796 -1
794 -11.726645465624939 152.8329245251087 92.17113103375942 791 797 -1
795 -15.42443675071902 156.505948386263 117.37234329875872 792 798 -1
796 -0.7259252464088839 155.53534172414632 115.6813328412613 793 799 -1
797 -11.730451297869966 152.84116187867295 92.00236956819705 794 800 -1
798 -15.50736292640521 156.51848117203056 117.5484524983055 795 801 -1
799 -0.7434028873753982 155.43602105209678 115.85656218161496 796 802 -1
800 -11.734358110629476 152.84970180266004 91.8336254531969 797 803 -1
801 -15.589683438520279 156.53030141080083 117.72489480845188 798 804 -1
802 -0.7635290211094966 155.33248168981936 116.02904448038058 799 805 -1
803 -11.738403005760832 152.85854661084704 91.66490030072947 800 806 -1
804 -15.671414488299519 156.5414260986007 117.90165610728057 801 807 -1
805 -0.7859079286494207 155.2248005706387 116.1986903596878 802 808 -1
806 -11.742623666449667 152.86769919477243 91.49619587318512 803 809 -1
807 -15.752556436764156 156.55185334553533 118.07873106315816 804 810 -1
808 -0.8101499412015754 155.11306851458744 116.36543620586923 805 811 -1
809 -11.747057696293194 152.87716182002902 91.3275140301038 806 812 -1
810 -15.833133104832909 156.56160889331613 118.25610218137757 807 813 -1
811 -0.8358895597920892 154.9973528766443 116.52921466995424 808 814 -1
812 -11.75174321951353 152.88693720624678 91.15885682731141 809 815 -1
813 -15.913150722197903 156.57069747851176 118.43376159161015 810 816 -1
814 -0.8627673414784447 154.87774203943812 116.6899845116226 811 817 -1
815 -11.756718956901764 152.89702837167377 90.99022654305769 812 818 -1
816 -15.992623054663888 156.5791326392466 118.6116977785826 813 819 -1
817 -0.8904441087758357 154.75430646378382 116.84769897155142 814 820 -1
818 -11.762023784251854 152.9074381234035 90.8216256657217 815 821 -1
819 -16.071567627848804 156.58693232872037 118.78989770706596 816 822 -1
820 -0.918592633573508 154.62712289588868 117.00232188335316 817 823 -1
821 -11.76769698740803 152.91816937660778 90.65305694897245 818 824 -1
822 -16.14998888604335 156.5940985531154 118.96835512520921 819 825 -1
823 -0.9468998220138622 154.496271626405 117.1538240973143 820 826 -1
824 -11.773778419836361 152.9292252420484 90.48452345551023 821 827 -1
825 -16.22791071181215 156.60065672363186 119.14705453696712 822 828 -1
826 -0.975066829587863 154.3618305378632 117.302176749932 823 829 -1
827 -11.78030843576608 152.94060892278185 90.31602858330372 824 830 -1
828 -16.30534041449568 156.60661197732375 119.32598882562844 825 831 -1
829 -1.002808119524443 154.2238801540707 117.44735396744645 826 832 -1
830 -11.787328017623155 152.95232377610657 90.14757611095423 827 833 -1
831 -16.382295719593678 156.6119820344859 119.50514615725326 828 834 -1
832 -1.0298514646321921 154.08250432146946 117.58933233523535 829 835 -1
833 -11.794878574358544 152.96437315692344 89.97917021641477 830 836 -1
834 -16.458792443017565 156.61678219744556 119.68451594179656 831 837 -1
835 -1.0559374113166458 153.93778921485696 117.72808896225985 832 838 -1
836 -11.803001986534284 152.9767604536716 89.81081551795928 833 839 -1
837 -16.534840594946072 156.6210203623261 119.86409052083987 834 840 -1
838 -1.0808173759592028 153.78982098521942 117.86359804619683 835 841 -1
839 -11.811740840108316 152.9894892093699 89.64251713428462 836 842 -1
840 -16.610462543144564 156.62471983013762 120.04385689897546 837 843 -1
841 -1.1042607330664325 153.63870249962008 117.99584746700991 838 844 -1
842 -11.821138337354848 153.00256304310236 89.47428071854716 839 845 -1
843 -16.685666514059943 156.62788590400754 120.2238087186607 840 846 -1
844 -1.1260435388198877 153.4845273326443 118.12481184126884 841 847 -1
845 -11.831238315544432 153.01598564500867 89.30611250386636 842 848 -1
846 -16.760473661562187 156.63054024107393 120.40393413516234 843 849 -1
847 -1.14596113572102 153.3274060833415 118.25047995234709 844 850 -1
848 -11.84208526350875 153.02976077055942 89.1380193508708 845 851 -1
849 -16.83489819222954 156.63269552681263 120.58422464396155 846 852 -1
850 -1.1638128440260949 153.16744093246095 118.37282666723347 847 853 -1
851 -11.853724530149906 153.04389231762144 88.97000881839453 848 854 -1
852 -16.908954275103625 156.6343642057206 120.764671972004 849 855 -1
853 -1.1794217737630677 153.00475421412702 118.49184601036814 850 856 -1
854 -11.866202067103286 153.0583841908966 88.80208918926756 851 857 -1
855 -16.98266269811118 156.63556745821057 120.94526529905788 852 858 -1
856 -1.192619255255929 152.83946615866918 118.60752610973164 853 859 -1
857 -11.87956425131876 153.07324022940938 88.6342695012292 854 860 -1
858 -17.05603331716378 156.63631166804495 121.12599861104533 855 861 -1
859 -1.2032888306110145 152.67176527653993 118.71994924495915 856 862 -1
860 -11.893858310573894 153.08846437818508 88.46655964829516 857 863 -1
861 -17.129088249547962 156.63661978027352 121.30686103092573 858 864 -1
862 -1.2113835739983831 152.50193056273991 118.8293440925418 859 865 -1
863 -11.90913216419623 153.1040606059513 88.29897042224009 860 866 -1
864 -17.2018418227588 156.63650405095692 121.48784511789538 861 867 -1
865 -1.2168602184462307 152.33022253310133 118.93594197472316 862 868 -1
866 -11.925435539505354 153.12003328894497 88.13151372343087 863 869 -1
867 -17.274309646063635 156.63597832771617 121.66894309065906 864 870 -1
868 -1.219671598857219 152.15687652339386 119.03996190082327 865 871 -1
869 -11.942816929725083 153.1363860973503 87.9642022307323 866 872 -1
870 -17.34651162152049 156.63506268509366 121.85014567402001 867 873 -1
871 -1.2197635617028695 151.9821057222291 119.14160915915554 868 874 -1
872 -11.961326666436788 153.15312311439746 87.7970498612298 869 875 -1
873 -17.418460055855448 156.63376592077208 122.03144675797081 870 876 -1
874 -1.2170727726999357 151.80610512209302 119.2410758770091 871 877 -1
875 -11.981016406037192 153.17024859594767 87.63007179720488 872 878 -1
876 -17.49017522448424 156.6321087218105 122.21283730713624 873 879 -1
877 -1.211541668367833 151.62906052583767 119.33855278985867 874 880 -1
878 -12.001936604500159 153.18776615009003 87.46328417479266 875 881 -1
879 -17.561673388714713 156.6301057883358 122.39431002115623 876 882 -1
880 -1.2030930333762564 151.4511416020316 119.43421184304309 877 883 -1
881 -12.024140818551016 153.20568010840225 87.29670482058464 878 884 -1
882 -17.632969146274544 156.6277688961774 122.5758583635546 879 885 -1
883 -1.1916474987107648 151.27251194511123 119.52822056246332 880 886 -1
884 -12.047680824149644 153.22399398333943 87.13035255836307 881 887 -1
885 -17.704082197125956 156.62511832346686 122.75747404684691 882 888 -1
886 -1.1771217406367371 151.09332967298096 119.62074040455843 883 889 -1
887 -12.072610408338255 153.24271163696173 86.96424790103357 884 890 -1
888 -17.775027494956863 156.62216635094111 122.93915068292824 885 891 -1
889 -1.1594123641114706 150.91374769391754 119.71192090850916 886 892 -1
890 -12.098984137278238 153.2618368718438 86.79841295567172 887 893 -1
891 -17.84582184848174 156.61892836369375 123.12088132318988 888 894 -1
892 -1.1384247157384642 150.73391956682167 119.80191276940512 889 895 -1
893 -12.12685549633883 153.28137291932308 86.63287114251484 890 896 -1
894 -17.916483152702504 156.61542212147475 123.30265876471009 891 897 -1
895 -1.1140330695635285 150.55399826112296 119.89085376367832 892 898 -1
896 -12.15627940905608 153.30132314311305 86.46764775297711 893 899 -1
897 -17.987026456324582 156.61165961548275 123.48447691266507 894 900 -1
898 -1.0861274125939664 150.37414029664902 119.97888479709424 895 901 -1
899 -12.187311477024368 153.32169080074803 86.30276991989591 896 902 -1
900 -18.057469021744353 156.60765750526662 123.66632900077256 897 903 -1
901 -1.0545578674155187 150.1945081301441 120.0661352896864 898 904 -1
902 -12.220006953692181 153.34247877254305 86.13826648891913 899 905 -1
903 -18.127827696906436 156.6034321165295 123.84820851509583 900 906 -1
904 -1.0191966440650124 150.0152696251434 120.1527381026517 901 907 -1
905 -12.254420736893998 153.36368957294232 85.974168081431 902 908 -1
906 -18.19811791756896 156.5989958832538 124.0301094781624 903 909 -1
907 -0.9798721938866564 149.83660581581643 120.23881727787719 904 910 -1
908 -12.290608120235976 153.38532553434092 85.81050735611224 905 911 -1
909 -18.268356367026573 156.59436495204432 124.2120255876744 906 912 -1
910 -0.9364292968131058 149.65870652203913 120.32449806398121 907 913 -1
911 -12.328624158233437 153.40738864442184 85.64731895356637 908 914 -1
912 -18.338559268289348 156.58955504828432 124.39395077636959 909 915 -1
913 -0.8886889985495158 149.48177805134858 120.40990110725127 910 916 -1
914 -12.368523503433693 153.4298805084176 85.48463953694348 911 917 -1
915 -18.4087423046861 156.58457944446502 124.57587917471879 912 918 -1
916 -0.8364509137087208 149.30604800354448 120.49514451016626 913 919 -1
917 -12.410360229073154 153.45280231024748 85.32250782257661 914 920 -1
918 -18.47892141234773 156.57945266100288 124.75780489210793 915 921 -1
919 -0.7795267661887663 149.1317589130925 120.5803443327352 916 922 -1
920 -12.45418763737552 153.47615477280124 85.16096459899853 917 923 -1
921 -18.54911220399846 156.57419034058734 124.93972223247201 918 924 -1
922 -0.7177304466939247 148.95917341147367 120.66561647044739 919 925 -1
923 -12.5 153.5 85.0 920 -1 -1
924 -18.61932988626905 156.5688066142537 125.12162564330751 921 926 -1
925 -0.6510065637206092 148.7885365824646 120.7510963035442 922 927 -1
926 -18.689584392977423 156.56331575781354 125.30351163336881 924 928 -1
927 -0.5793380125681997 148.62009734040618 120.8369306823945 925 929 -1
928 -18.759875523398808 156.55773751546076 125.48538081442634 926 930 -1
929 -0.5026962924923352 148.45412516588615 120.92327202703481 927 931 -1
930 -18.83020281788823 156.5520898338573 125.66723387158073 928 932 -1
931 -0.42104223322701945 148.2909142754255 121.01027862298685 929 933 -1
932 -18.90056589852153 156.54639040910635 125.84907147133285 930 934 -1
933 -0.3343271865315142 148.130788170219 121.09811476530982 931 935 -1
934 -18.970964677883448 156.54065674262853 126.03089417696819 932 936 -1
935 -0.24249472608168646 147.97410460031602 121.18695065626383 933 937 -1
936 -19.04139831352547 156.5349068356114 126.21270287019993 934 938 -1
937 -0.1454712256791895 147.82127053181736 121.27696499252528 935 939 -1
938 -19.111866398158103 156.52915792548976 126.39449824549008 936 940 -1
939 -0.04318941239145954 147.67273435190376 121.36833994766289 937 941 -1
940 -19.182368531679646 156.5234270965854 126.57628098978759 938 942 -1
941 0.06442750833478797 147.5290090747303 121.46126477118068 939 943 -1
942 -19.2529046220203 156.51773175390684 126.75805167578747 940 944 -1
943 0.17743993036892763 147.3906625385323 121.55592797278896 941 945 -1
944 -19.323474054093577 156.51208868972478 126.93981105016265 942 946 -1
945 0.2959037471805462 147.25834390540774 121.65251991941352 943 947 -1
946 -19.394076342003988 156.5065144443787 127.12155978771347 944 948 -1
947 0.4198473978979 147.13277956674457 121.7512240983448 945 949 -1
948 -19.464711097541723 156.50102553153508 127.30329850614311 946 950 -1
949 0.549257772204129 147.01477619096454 121.85220935857502 947 951 -1
950 -19.535377931181923 156.49563834115324 127.48502779713318 948 952 -1
951 0.6840747016775334 146.90524042673107 121.955625448738 949 953 -1
952 -19.60607667773203 156.49037011676066 127.66674816237123 950 954 -1
953 0.8241463919718499 146.8051368177049 122.06157981084112 951 955 -1
954 -19.676806795329455 156.48523669299834 127.84846017647229 952 956 -1
955 0.9692344341829475 146.7155236042869 122.17013588625822 953 957 -1
956 -19.747567782600886 156.48025373632714 128.0301643590117 954 958 -1
957 1.118958051558922 146.63746307363002 122.28128017935055 955 959 -1
958 -19.818359229527328 156.47543717990342 128.21186116266983 956 960 -1
959 1.272796993379084 146.57202571530988 122.39491749429482 957 961 -1
960 -19.889180717152126 156.47080285906782 128.39355099770486 958 962 -1
961 1.4300689694415816 146.52020861185537 122.51085199722246 959 963 -1
962 -19.960031816143957 156.46636651597896 128.57523422886194 960 964 -1
963 1.5899341265480065 146.48286301281868 122.6287816934901 961 965 -1
964 -20.030912247701483 156.4621450982047 128.756911138296 962 966 -1
965 1.751419802330019 146.4606184997771 122.74830442981663 963 967 -1
966 -20.10182146778354 156.45815372078735 128.9385820109876 964 968 -1
967 1.9134714290596582 146.45361402290703 122.86892631902235 965 969 -1
968 -20.17275892014771 156.45440721965878 129.12024707433437 966 970 -1
969 2.0750902580565422 146.4609981237542 122.99011631963207 967 971 -1
970 -20.24372412003296 156.45092099666434 129.30190647943448 968 972 -1
971 2.235469043393014 146.4815718772269 123.11144263484061 969 973 -1
972 -20.3147165653664 156.447710381908 129.4835603170087 970 974 -1
973 2.3939976131359293 146.51410522826683 123.23259239400377 971 975 -1
974 -20.385735735427275 156.44479063748918 129.66520861452366 972 976 -1
975 2.550241463497812 146.55738163376597 123.35335643243349 973 977 -1
976 -20.456781089522185 156.44217696108834 129.84685133333625 974 978 -1
977 2.7039071216085975 146.61026491035543 123.47360970828775 975 979 -1
978 -20.527852075512524 156.43988462162673 130.02848836355224 976 980 -1
979 2.854809698195294 146.67171947714357 123.5932916608051 977 981 -1
980 -20.598948252014186 156.4379307814464 130.21011948956985 978 982 -1
981 3.002847803971527 146.74080961843168 123.7123899498205 979 983 -1
982 -20.670068844246615 156.43632836665523 130.39174449305648 980 984 -1
983 3.147976176905332 146.81671086807208 123.83092587116782 981 985 -1
984 -20.741213218560215 156.4350923416809 130.57336304139258 982 986 -1
985 3.2901955500299707 146.89868519169343 123.94894522981042 983 987 -1
986 -20.812380714829725 156.43423762243071 130.75497472181314 984 988 -1
987 3.4295303202655063 146.98609201258026 124.06650874094372 985 989 -1
988 -20.883570645177613 156.43377907890306 130.9365790386276 986 990 -1
989 3.5660164146175735 147.07837786326954 124.18368647289435 987 991 -1
990 -20.954782292702834 156.43373153763216 131.11817541044448 988 992 -1
991 3.6997174928952923 147.17502941965353 124.30055657712307 989 993 -1
992 -21.026014910213878 156.43410978396204 131.29976316740002 990 994 -1
993 3.8306792504811633 147.27562888792426 124.41719789721247 991 995 -1
994 -21.097267718966254 156.4349285641483 131.4813415483892 992 996 -1
995 3.9589676652892143 147.37978148024087 124.53369242820291 993 997 -1
996 -21.168539907403694 156.43620258728401 131.66290969829862 994 998 -1
997 4.084640580364506 147.48714737869986 124.65012151609277 995 999 -1
998 -21.23983062990321 156.43794652704727 131.84446666524073 996 1000 -1
999 4.207753624038513 147.59742386933232 124.76656588583597 997 1001 -1
1000 -21.311139049959927 156.44017634774903 132.02601136229927 998 1002 -1
1001 4.328360042980993 147.71033919309386 124.88310509017488 999 1003 -1
1002 -21.382464229611255 156.44290634882537 132.20754263791767 1000 1004 -1
1003 4.446502962015986 147.82565471391237 124.9998178148744 1001 1005 -1
1004 -21.45380517823298 156.44615013019964 132.38905925697244 1002 1006 -1
1005 4.562228922904366 147.9431472753652 125.11678086803201 1003 1007 -1
1006 -21.525160901477193 156.4499222321379 132.57055985204815 1004 1008 -1
1007 4.675580113748234 148.06261449708572 125.2340690931172 1005 1009 -1
1008 -21.5965303647134 156.4542371655985 132.7520429451849 1006 1010 -1
1009 4.786579416700694 148.18388228110663 125.35175841156865 1007 1011 -1
1010 -21.667912491799083 156.45910941282608 132.93350694512552 1008 1012 -1
1011 4.895264365043144 148.30677618367085 125.46992020657403 1009 1013 -1
1012 -21.73930616385564 156.46455342774377 133.11495014456733 1010 1014 -1
1013 5.001652985795647 148.43114512457998 125.5886274550413 1011 1015 -1
1014 -21.810710218050545 156.4705836361405 133.2963707174211 1012 1016 -1
1015 5.105759264178175 148.55684722124437 125.70795253576215 1013 1017 -1
1016 -21.88212344638644 156.4772144356492 133.47776671607878 1014 1018 -1
1017 5.207600472081041 148.68374502348024 125.82796478854115 1015 1019 -1
1018 -21.953544594498343 156.48446019551258 133.6591360686921 1016 1020 -1
1019 5.307182044592855 148.81171274900828 125.94873488324956 1017 1021 -1
1020 -22.024972360459824 156.4923352561328 133.8404765764654 1018 1022 -1
1021 5.404504452784703 148.94063067326528 126.07033332399715 1019 1023 -1
1022 -22.09640539359955 156.50085392840086 134.02178591096472 1020 1024 -1
1023 5.499559073510217 149.07038535586221 126.19283233993136 1021 1025 -1
1024 -22.167842293329496 156.5100304928025 134.20306161144742 1022 1026 -1
1025 5.592340756656847 149.20086407694131 126.31630103872564 1023 1027 -1
1026 -22.23928160798623 156.5198791982965 134.38430108221493 1024 1028 -1
1027 5.682841902282118 149.33194474509565 126.44082031166758 1025 1029 -1
1028 -22.31072183368716 156.53041426096203 134.56550158999366 1026 1030 -1
1029 5.771060427089943 149.46348335669967 126.56648940202612 1027 1031 -1
1030 -22.3821614132031 156.54164986241145 134.74666026134744 1028 1032 -1
1031 5.856987936815046 149.59533538680466 126.69341110541764 1029 1033 -1
1032 -22.453597744365545 156.55359819437896 134.92777460196564 1030 1034 -1
1033 5.94060821289599 149.72735681087585 126.8216903988796 1031 1035 -1
1034 -22.525021358707107 156.5662579609212 135.1088456260528 1032 1036 -1
1035 6.021896960041523 149.85940257777145 126.95143476663468 1033 1037 -1
1036 -22.596419832513746 156.5796220572103 135.2898759513823 1034 1038 -1
1037 6.100821498696406 149.99132507731522 127.0827544912064 1035 1039 -1
1038 -22.66778074238878 156.59368394478963 135.47086823012114 1036 1040 -1
1039 6.177340399162367 150.1229725797979 127.21576289577311 1037 1041 -1
1040 -22.739091698550418 156.60843699656795 135.65182517663834 1038 1042 -1
1041 6.251403055615175 150.25418762604235 127.35057652043338 1039 1043 -1
1042 -22.810340452292923 156.62387363101624 135.83274959951686 1040 1044 -1
1043 6.32294920005213 150.3848053481898 127.48731521093866 1041 1045 -1
1044 -22.88151474655937 156.63998721913097 136.01364430215114 1042 1046 -1
1045 6.391901149286616 150.51464912901707 127.62610796691816 1043 1047 -1
1046 -22.952602354420232 156.65677125347088 136.19451212545206 1044 1048 -1
1047 6.45818279694959 150.64353476967105 127.76707712369908 1045 1049 -1
1048 -23.023591072845658 156.67421934599489 136.3753559454553 1046 1050 -1
1049 6.5217010519492264 150.77126364819924 127.91035198891436 1047 1051 -1
1050 -23.094468716482517 156.69232522587916 136.5561786710053 1048 1052 -1
1051 6.58235062862376 150.89762189843862 128.05606406076342 1049 1053 -1
1052 -23.165223111434695 156.7110827373158 136.73698324150882 1050 1054 -1
1053 6.639996743964178 151.02236833131346 128.20436054312864 1051 1055 -1
1054 -23.235842089044333 156.73048583729428 136.91777262475134 1052 1056 -1
1055 6.694520503395157 151.14525731502638 128.35536323445447 1053 1057 -1
1056 -23.30631347967229 156.7505285933679 137.09854981476948 1054 1058 -1
1057 6.745760175502626 151.26600360146008 128.50921681413706 1055 1059 -1
1058 -23.376625106475377 156.7712051814052 137.27931782977365 1056 1060 -1
1059 6.793557221859499 151.38430742358133 128.6660462117773 1057 1061 -1
1060 -23.446764779178284 156.79250988332842 137.46007971011386 1058 1062 -1
1061 6.837714686950011 151.4998231214569 128.8259890042137 1059 1063 -1
1062 -23.51672028783789 156.814437084839 137.6408385162826 1060 1064 -1
1063 6.878043479638566 151.61219107308224 128.98915166018273 1061 1065 -1
1064 -23.586479396597714 156.83698127313104 137.82159732694825 1062 1066 -1
1065 6.9143222755347065 151.72100438411877 129.15563921706718 1063 1067 -1
1066 -23.656029837430026 156.86013703459238 138.0023592370129 1064 1068 -1
1067 6.946314274458867 151.82581821890585 129.3255353564002 1065 1069 -1
1068 -23.72535930386341 156.8838990524938 138.183127355688 1066 1070 -1
1069 6.973769402961031 151.92614928190065 129.49889470596915 1067 1071 -1
1070 -23.794455444693288 156.90826210466614 138.3639048045811 1068 1072 -1
1071 6.996427797533931 152.0214769649542 129.6757339792223 1069 1073 -1
1072 -23.863305857673165 156.933221061165 138.544694715788 1070 1074 -1
1073 7.014024832534171 152.1112467515762 129.856022198683 1071 1075 -1
1074 -23.931898083184183 156.95877088192213 138.72550022998337 1072 1076 -1
1075 7.026297907091874 152.19487650268022 130.03967047878086 1073 1077 -1
1076 -24.000219597880864 156.98490661438336 138.9063244945029 1074 1078 -1
1077 7.032995093874266 152.27176619988774 130.22652212089454 1075 1079 -1
1078 -24.068257808310594 157.01162339113134 139.08717066141185 1076 1080 -1
1079 7.0338852948922455 152.34131119441034 130.41634418804497 1077 1081 -1
1080 -24.13600004450484 157.0389164274932 139.26804188555124 1078 1082 -1
1081 7.028747532967272 152.4028886055192 130.60882986025925 1079 1083 -1
1082 -24.203433553540087 157.06678101913093 139.44894132255732 1080 1084 -1
1083 7.017451707338732 152.45596962649665 130.80356779980022 1081 1085 -1
1084 -24.27054549306627 157.0952125396129 139.6298721268454 1082 1086 -1
1085 7.0 152.5 131.0 1083 -1 -1
1086 -24.337322924801153 157.12420643796608 139.8108374495527 1084 1087 -1
1087 -24.403752807988667 157.15375823620607 139.99184043643226 1086 1088 -1
1088 -24.469822199434397 157.18385968334835 140.1728847933391 1087 1089 -1
1089 -24.53552000571653 157.21446643186002 140.3539796620681 1088 1090 -1
1090 -24.600836241926853 157.24551267261504 140.53513774601487 1089 1091 -1
1091 -24.66576088591705 157.27693210892855 140.7163722482627 1090 1092 -1
1092 -24.730283819489898 157.30865829181877 140.89769676049292 1091 1093 -1
1093 -24.79439479133579 157.3406245465233 141.07912521089943 1092 1094 -1
1094 -24.85808245558725 157.37276412276714 141.2606720947207 1093 1095 -1
1095 -24.921336147406837 157.4050092328856 141.4423519366796 1094 1096 -1
1096 -24.98414571738012 157.43729168779694 141.62417916551118 1095 1097 -1
1097 -25.046499987794267 157.4695430505335 141.80616853965756 1096 1098 -1
1098 -25.108387460872997 157.50169424754438 141.98833488026102 1097 1099 -1
1099 -25.169796281374982 157.53367548303444 142.1706930102578 1098 1100 -1
1100 -25.230714199001987 157.56541615247733 142.35325769034708 1099 1101 -1
1101 -25.291128530603384 157.5968447557022 142.53604355130676 1100 1102 -1
1102 -25.351026122178794 157.62788880999608 142.71906502210837 1101 1103 -1
1103 -25.410393310699767 157.6584747637143 142.90233625326886 1102 1104 -1
1104 -25.469214490060637 157.68852639249815 143.08587172585194 1103 1105 -1
1105 -25.52747272311605 157.71796477845638 143.26968589684407 1104 1106 -1
1106 -25.585155561124644 157.74671546868714 143.45379011108687 1105 1107 -1
1107 -25.642246873529633 157.77469964375166 143.63819652530688 1106 1108 -1
1108 -25.698729826542543 157.80183700463118 143.82291653679775 1107 1109 -1
1109 -25.754586845750133 157.82804570425637 144.00796066491205 1108 1110 -1
1110 -25.809796426250614 157.8532370722716 144.19334004988343 1109 1111 -1
1111 -25.8643374261462 157.877321857245 144.3790640326592 1110 1112 -1
1112 -25.91819408856079 157.9002198252165 144.5651374269305 1111 1113 -1
1113 -25.971345458381286 157.92184219815383 144.7515658254952 1112 1114 -1
1114 -26.023769126686307 157.94209737070824 144.93835345738327 1113 1115 -1
1115 -26.075439975577005 157.96088228307684 145.12550410852646 1114 1116 -1
1116 -26.126391728055825 157.97818019510615 145.3129949126717 1115 1117 -1
1117 -26.17666189348532 157.99397210934941 145.50080234558388 1116 1118 -1
1118 -26.22628426383557 158.00822748582718 145.68890475861818 1117 1119 -1
1119 -26.275298592184352 158.02092629605843 145.87727790831917 1118 1120 -1
1120 -26.32375086885812 158.0320642586187 146.06589505370138 1119 1121 -1
1121 -26.371679601063764 158.04161504322659 146.2547328991605 1120 1122 -1
1122 -26.41912506681539 158.0495524635859 146.443767379315 1121 1123 -1
1123 -26.46613649569916 158.05587977852485 146.63297096381618 1122 1124 -1
1124 -26.512754613233643 158.06056752722577 146.82231954655296 1123 1125 -1
1125 -26.559024616193692 158.06359887564508 147.0117872297391 1124 1126 -1
1126 -26.604995648031387 158.06497696974716 147.20134691228955 1125 1127 -1
1127 -26.650710200878418 158.064662780535 147.39097335648842 1126 1128 -1
1128 -26.69621843917834 158.0626626246893 147.58063911129094 1127 1129 -1
1129 -26.74156775634971 158.05896492967182 147.77031744348938 1128 1130 -1
1130 -26.78680515130281 158.05353913982754 147.9599809335072 1129 1131 -1
1131 -26.831980679511496 158.04640301329405 148.1496025161725 1130 1132 -1
1132 -26.877142678975535 158.03752027119546 148.3391535253738 1131 1133 -1
1133 -26.92234050315469 158.02690089892738 148.52860661249645 1132 1134 -1
1134 -26.967623370599448 158.01453443789978 148.71793336390598 1133 1135 -1
1135 -27.013041771388988 158.0004022595311 148.90710400819245 1134 1136 -1
1136 -27.058642724486912 157.9845240864344 149.096092161384 1135 1137 -1
1137 -27.104480229027534 157.9668589179574 149.28486436735545 1136 1138 -1
1138 -27.15059869050544 157.94743864662485 149.47339555553987 1137 1139 -1
1139 -27.197050676411447 157.9262394957124 149.66165301926642 1138 1140 -1
1140 -27.24388362630645 157.90326793802302 149.84960790428175 1139 1141 -1
1141 -27.291143045837433 157.87853022743028 150.0372315952382 1140 1142 -1
1142 -27.338804317948263 157.8520041739473 150.22450902530952 1141 1143 -1
1143 -27.386707153148155 157.82371275384588 150.41146620256544 1142 1144 -1
1144 -27.43468655913791 157.79361584040493 150.5981215674423 1143 1145 -1
1145 -27.48257430808145 157.7617312978528 150.78450343770024 1144 1146 -1
1146 -27.530202565879467 157.7280380807708 150.97063341989997 1145 1147 -1
1147 -27.577401763897605 157.6925220640052 151.15653362403683 1146 1148 -1
1148 -27.62400920294167 157.65519098486223 151.3422273602825 1147 1149 -1
1149 -27.669841394341464 157.61599916275705 151.52773049044103 1148 1150 -1
1150 -27.714743621267893 157.57497173214946 151.71306398034724 1149 1151 -1
1151 -27.758527554931437 157.53206765948744 151.89823992657045 1150 1152 -1
1152 -27.801029125058932 157.4872924657013 152.08327147540354 1151 1153 -1
1153 -27.842068877543657 157.44062954553618 152.26816641444515 1152 1154 -1
1154 -27.88146082861893 157.39205943465996 152.4529283989593 1153 1155 -1
1155 -27.919043049617198 157.34159177683398 152.63755860830744 1154 1156 -1
1156 -27.954600674583762 157.28918589934935 152.82204962176024 1155 1157 -1
1157 -27.98799069611616 157.2348723548239 153.00639368270865 1156 1158 -1
1158 -28.018980318062273 157.17860638350075 153.1905710087562 1157 1159 -1
1159 -28.047427988636027 157.12042131000433 153.37456187166285 1158 1160 -1
1160 -28.073109482606213 157.0602905252145 153.5583336347681 1159 1161 -1
1161 -28.09586522055381 156.99823721427217 153.7418514222903 1160 1162 -1
1162 -28.1154925564545 156.9342590188826 153.92506895661404 1161 1163 -1
1163 -28.13181285573592 156.86837244770066 154.10793397542963 1162 1164 -1
1164 -28.144654804538813 156.80060092963868 154.29038672421333 1163 1165 -1
1165 -28.153818650353163 156.73095644787085 154.47235503919637 1164 1166 -1
1166 -28.159178910701065 156.65949107816434 154.65376805107883 1165 1167 -1
1167 -28.16050914870986 156.58621249368164 154.83453056557514 1166 1168 -1
1168 -28.1577357345807 156.51119912252298 155.0145633614744 1167 1169 -1
1169 -28.150727135385786 156.43447485270252 155.19375828074402 1168 1170 -1
1170 -28.13965952256464 156.35612731646825 155.37204398072055 1169 1171 -1
1171 -28.124661929184654 156.2762143523174 155.549345266402 1170 1172 -1
1172 -28.105853938405005 156.19478727675693 155.72559151861373 1171 1173 -1
1173 -28.083428042778472 156.11192368660664 155.9007418644231 1172 1174 -1
1174 -28.05749094744629 156.0276646103234 156.07473822145786 1173 1175 -1
1175 -28.02819257455504 155.9420659153654 156.24754327019303 1174 1176 -1
1176 -27.995697325276637 155.85518720865304 156.41913389734216 1175 1177 -1
1177 -27.96012723893474 155.76706926542585 156.58947860128228 1176 1178 -1
1178 -27.921597476499684 155.67774814975363 156.75854834718322 1177 1179 -1
1179 -27.880270058065808 155.58727749090934 156.92634140149931 1178 1180 -1
1180 -27.836269594066977 155.49569443787655 157.09284662094092 1179 1181 -1
1181 -27.789717141739917 155.40303344166327 157.25805682155146 1180 1182 -1
1182 -27.74070560849089 155.30931561326005 157.4219546471845 1181 1183 -1
1183 -27.68937767151432 155.21458254109413 157.5845546123341 1182 1184 -1
1184 -27.63584307852509 155.11886105123222 157.745859085512 1183 1185 -1
1185 -27.58020787465329 155.02217565295518 157.9058728108117 1184 1186 -1
1186 -27.522574441273417 154.9245486342767 158.06460258369927 1185 1187 -1
1187 -27.463041560764555 154.82600015760457 158.22205695437682 1186 1188 -1
1188 -27.4017045027472 154.72654835419314 158.3782459576343 1187 1189 -1
1189 -27.338653290517755 154.6262084287167 158.53317946245738 1188 1190 -1
1190 -27.273974701236995 154.52499360424383 158.68686814651332 1189 1191 -1
1191 -27.207759447146245 154.4229192760125 158.83932914941587 1190 1192 -1
1192 -27.14008966745924 154.31999627637447 158.9905761633689 1191 1193 -1
1193 -27.07104463823891 154.21623383574232 159.14062335560777 1192 1194 -1
1194 -27.000700920666993 154.1116396531658 159.28948522735647 1193 1195 -1
1195 -26.929132512272243 154.00621996187422 159.43717648827575 1194 1196 -1
1196 -26.856410999923437 153.8999795897298 159.5837119449168 1195 1197 -1
1197 -26.782605713635842 153.7929220146015 159.7291064017676 1196 1198 -1
1198 -26.707783880452084 153.68504941471448 159.87337457355972 1197 1199 -1
1199 -26.632010737408276 153.5763627245219 160.016530993943 1198 1200 -1
1200 -26.55533873213601 153.4668645590957 160.1585862405368 1199 1201 -1
1201 -26.47778800991751 153.35656480561957 160.29954012027983 1200 1202 -1
1202 -26.39937227449101 153.24547419308965 160.43939005330932 1201 1203 -1
1203 -26.32010250593607 153.1336009306907 160.5781302215342 1202 1204 -1
1204 -26.239994074956094 153.02095723436184 160.71576084610646 1203 1205 -1
1205 -26.159059515068346 152.9075527096956 160.8522788212083 1204 1206 -1
1206 -26.077310934659295 152.79339655781214 160.98768075909598 1205 1207 -1
1207 -25.994760032096554 152.67849758970655 161.12196297731552 1206 1208 -1
1208 -25.91141811043485 152.56286424012393 161.25512148612833 1207 1209 -1
1209 -25.827296091731807 152.4465045809858 161.3871519760899 1208 1210 -1
1210 -25.742404530990616 152.32942633439214 161.51804980572786 1209 1211 -1
1211 -25.65675362974774 152.21163688522395 161.6478099892669 1210 1212 -1
1212 -25.57035324932474 152.09314329337187 161.77642718435212 1211 1213 -1
1213 -25.483212923764686 151.9739523056169 161.9038956797233 1212 1214 -1
1214 -25.395341872473836 151.85407036719042 162.03020938279505 1213 1215 -1
1215 -25.306749012590917 151.73350363303962 162.15536180709896 1214 1216 -1
1216 -25.217442971106436 151.61225797882793 162.27934605954718 1215 1217 -1
1217 -25.127428468850106 151.4903355333499 162.40214866354685 1216 1218 -1
1218 -25.03671726353477 151.36774514410462 162.52376788871962 1217 1219 -1
1219 -24.945317259709835 151.2444919870601 162.64419567595814 1218 1220 -1
1220 -24.853236053286658 151.12058093902192 162.76342339930707 1219 1221 -1
1221 -24.760481007221067 150.9960166493073 162.8814419592619 1220 1222 -1
1222 -24.667059262688817 150.870803549803 162.99824176824345 1221 1223 -1
1223 -24.572977750191846 150.744945864971 163.11381273564385 1222 1224 -1
1224 -24.478243200625595 150.61844762183705 163.2281442524123 1223 1225 -1
1225 -24.38286215633845 150.49131265999736 163.34122517514882 1224 1226 -1
1226 -24.28684098221615 150.36354464168267 163.4530438096785 1225 1227 -1
1227 -24.19018587682499 150.23514706191722 163.56358789407548 1226 1228 -1
1228 -24.09290288364877 150.10612325881553 163.67284458111172 1227 1229 -1
1229 -23.994997902456998 149.976476424058 163.7808004201025 1228 1230 -1
1230 -23.896476700842175 149.8462096135915 163.88744133812546 1229 1231 -1
1231 -23.797344925966883 149.71532575860164 163.9927526205893 1230 1232 -1
1232 -23.69760690861378 149.5838264447883 164.09671614858934 1231 1233 -1
1233 -23.597269437953198 149.4517157505154 164.1993188088128 1232 1234 -1
1234 -23.496340102703087 149.31899932934715 164.3005500736262 1233 1235 -1
1235 -23.394835670815706 149.1856954934332 164.40042545775182 1234 1236 -1
1236 -23.292775557914773 149.05182609019653 164.49896924835141 1235 1237 -1
1237 -23.19017913495599 148.91741279061733 164.59620715183812 1236 1238 -1
1238 -23.08706569147323 148.78247704884058 164.69216622383306 1237 1239 -1
1239 -22.98345440462115 148.64704006951706 164.78687480621403 1238 1240 -1
1240 -22.879364310927475 148.51112277857712 164.88036246302684 1239 1241 -1
1241 -22.774814280765654 148.37474579741507 164.97265991566843 1240 1242 -1
1242 -22.66982299553613 148.23792942043585 165.06379897772385 1241 1243 -1
1243 -22.56440892752407 148.10069359589423 165.15381248981294 1242 1244 -1
1244 -22.458590322383003 147.96305790993583 165.242734254772 1243 1245 -1
1245 -22.35238518417848 147.8250415737326 165.33059897346754 1244 1246 -1
1246 -22.24581126291092 147.68666341359125 165.4174421815068 1245 1247 -1
1247 -22.138886001570302 147.5479418221661 165.50330006543246 1246 1248 -1
1248 -22.031626288333023 147.40889452201816 165.58820870584046 1247 1249 -1
1249 -21.924049465663682 147.2695395497565 165.6722069192919 1248 1250 -1
1250 -21.816172193554902 147.1298941521577 165.75533299197954 1249 1251 -1
1251 -21.70801084782728 146.98997517991032 165.83762574534413 1250 1252 -1
1252 -21.59958152044822 146.84979909265118 165.91912448216385 1251 1253 -1
1253 -21.490900021530553 146.7093819658986 165.999868934577 1252 1254 -1
1254 -21.3819818828842 146.56873949972538 166.07989921407753 1253 1255 -1
1255 -21.272842362995945 146.42788702901504 166.15925576350037 1254 1256 -1
1256 -21.163496453313105 146.28683953514835 166.23797931099324 1255 1257 -1
1257 -21.05395888570982 146.1456116589735 166.31611082595555 1256 1258 -1
1258 -20.94424414101718 146.0042177149161 166.3936914769063 1257 1259 -1
1259 -20.834366458501787 145.8626717060919 166.4707625912303 1258 1260 -1
1260 -20.724339846181614 145.7209873402904 166.54736561673838 1259 1261 -1
1261 -20.61417809187123 145.5791780467034 166.62354208496546 1260 1262 -1
1262 -20.503894774853304 145.4372569932787 166.69933357612302 1261 1263 -1
1263 -20.393503278077283 145.2952371045851 166.77478168561132 1262 1264 -1
1264 -20.283016800790172 145.15313108008021 166.84992799199281 1263 1265 -1
1265 -20.172448371508967 145.01095141267854 166.92481402632083 1264 1266 -1
1266 -20.06181086124822 144.86871040752328 166.99948124271558 1265 1267 -1
1267 -19.95111699691971 144.7264202008689 167.07397099007386 1266 1268 -1
1268 -19.840379374825588 144.5840927789876 167.14832448480078 1267 1269 -1
1269 -19.72961047416959 144.4417399970168 167.22258278444687 1268 1270 -1
1270 -19.618822670513765 144.29937359766836 167.296786762138 1269 1271 -1
1271 -19.508028249111952 144.15700522972418 167.37097708168355 1270 1272 -1
1272 -19.397239418053335 144.01464646624677 167.4451941732529 1271 1273 -1
1273 -19.286468321152284 143.87230882243443 167.51947820951008 1272 1274 -1
1274 -19.175727050522728 143.7300037730553 167.59386908210317 1273 1275 -1
1275 -19.06502776872059 143.58774288254793 167.66840675712325 1274 1276 -1
1276 -18.954382510273053 143.44553760033963 167.74313051504464 1275 1277 -1
1277 -18.843803263655477 143.30339935751957 167.81807918942536 1276 1278 -1
1278 -18.733302044139606 143.1613396432555 167.89329135242627 1277 1279 -1
1279 -18.622890872182 143.01936998580624 167.9688051804255 1278 1280 -1
1280 -18.51258178296601 142.8775019661945 168.04465843067013 1279 1281 -1
1281 -18.40238683524441 142.73574723103718 168.12088841769656 1280 1282 -1
1282 -18.292318119431876 142.59411750447543 168.19753198946466 1281 1283 -1
1283 -18.182387764897666 142.45262459914818 168.27462550315695 1282 1284 -1
1284 -18.072607946410226 142.31128042615234 168.35220480060556 1283 1285 -1
1285 -17.962990889685813 142.17009700393453 168.4303051833177 1284 1286 -1
1286 -17.85354887599534 142.0290864660595 168.50896138708072 1285 1287 -1
1287 -17.74429424578465 141.88826106780076 168.5882075561388 1286 1288 -1
1288 -17.635240160661915 141.7476339429693 168.66807956506793 1287 1289 -1
1289 -17.526399395760738 141.6072179144508 168.7486111753901 1288 1290 -1
1290 -17.417783735399805 141.46702489549335 168.82983223890747 1289 1291 -1
1291 -17.309405798618556 141.32706769794797 168.91177431289958 1290 1292 -1
1292 -17.20127826714968 141.1873592708768 168.99446822832635 1291 1293 -1
1293 -17.093413882356742 141.0479126991186 169.07794406178533 1292 1294 -1
1294 -16.98582544093373 140.90874120034965 169.1622311072856 1293 1295 -1
1295 -16.87852633494399 140.76985866659246 169.24735941632412 1294 1296 -1
1296 -16.77153201682807 140.6312811401923 169.33336385495915 1295 1297 -1
1297 -16.664852830251444 140.49301963167332 169.42026363291734 1296 1298 -1
1298 -16.558501763986218 140.35508787365134 169.50808467840042 1297 1299 -1
1299 -16.452491823499813 140.21749969585593 169.59685199586937 1298 1300 -1
1300 -16.346836018973892 140.08026901269582 169.6865896386636 1299 1301 -1
1301 -16.241551560527416 139.94341407809802 169.77733191663714 1300 1302 -1
1302 -16.13664927335753 139.80694677498528 169.86909476776458 1301 1303 -1
1303 -16.032141926389013 139.67087422579655 169.9618886569444 1302 1304 -1
1304 -15.928055166892872 139.53514571754044 170.05565418896487 1303 1305 -1
1305 -15.824425077979804 139.39967243596905 170.15029073436293 1304 1306 -1
1306 -15.721288845353971 139.26436279024097 170.2456978006438 1305 1307 -1
1307 -15.618675309944281 139.12912365064787 170.34176617877205 1306 1308 -1
1308 -15.516619352563406 138.99386456109758 170.4383988028468 1307 1309 -1
1309 -15.415159658042874 138.85849358062262 170.53550152608025 1308 1310 -1
1310 -15.314340530566719 138.72291461469888 170.63298052587155 1309 1311 -1
1311 -15.21419426031446 138.58703538061326 170.73073458398255 1310 1312 -1
1312 -15.114763571914994 138.45076016680468 170.8286676845885 1311 1313 -1
1313 -15.016094359023079 138.31399075197515 170.92668193594957 1312 1314 -1
1314 -14.918242574912995 138.1766207566167 171.02467570540918 1313 1315 -1
1315 -14.821260089207666 138.03854596780536 171.12254289392877 1314 1316 -1
1316 -14.72520135554576 137.89966130118535 171.2201746830559 1315 1317 -1
1317 -14.63013076776352 137.75985415255707 171.31745622483572 1316 1318 -1
1318 -14.536119287188534 137.61900701639476 171.41426547530878 1317 1319 -1
1319 -14.443245400242969 137.4769970406878 171.51047179874382 1318 1320 -1
1320 -14.351596202636161 137.3336956329418 171.60593441641393 1319 1321 -1
1321 -14.261268627489565 137.18896814414376 171.70050067679736 1320 1322 -1
1322 -14.17237083521287 137.04267366660892 171.79400412367278 1321 1323 -1
1323 -14.085023782590062 136.89466499320315 171.88626233929833 1322 1324 -1
1324 -13.999362986810416 136.74478879992486 171.97707454239284 1323 1325 -1
1325 -13.915540496355696 136.59288613169213 172.06621892595615 1324 1326 -1
1326 -13.833740853475977 136.43877852033418 172.15343604826566 1325 1327 -1
1327 -13.754171138083755 136.2822840009575 172.23843593345867 1326 1328 -1
1328 -13.677032472810787 136.12325183532928 172.32092782982284 1327 1329 -1
1329 -13.602614847787605 135.96147092264863 172.40052082608094 1328 1330 -1
1330 -13.531190570120074 135.79678794949703 172.47683416343662 1329 1331 -1
1331 -13.463128305854978 135.62900648532417 172.54937278551063 1330 1332 -1
1332 -13.39877879434131 135.45800650306964 172.61765391311198 1331 1333 -1
1333 -13.338594709442884 135.28365138166512 172.6810709624385 1332 1334 -1
1334 -13.283093821917756 135.1058475740271 172.73893253728716 1333 1335 -1
1335 -13.232765085920528 134.92464616749265 172.79065040515172 1334 1336 -1
1336 -13.187821367474315 134.74055652226443 172.83685124358948 1335 1337 -1
1337 -13.148142200409259 134.55434008796703 172.87920880164395 1336 1338 -1
1338 -13.113476554964286 134.36669434173854 172.91962691720286 1337 1339 -1
1339 -13.08344312261745 134.17827307463946 172.96014840432525 1338 1340 -1
1340 -13.057581821469535 133.98971348306617 173.00283996716655 1339 1341 -1
1341 -13.035391518401823 133.80168304756808 173.0497123651433 1340 1342 -1
1342 -13.016342646117954 133.61492225640433 173.10263322464343 1341 1343 -1
1343 -12.999894272000246 133.4302639433113 173.16322784526136 1342 1344 -1
1344 -12.985510549003513 133.24861868766507 173.23277631405898 1343 1345 -1
1345 -12.972678535495355 133.07091974783407 173.31212306584362 1344 1346 -1
1346 -12.960933198931277 132.8980817491386 173.40171067465764 1345 1347 -1
1347 -12.94985823807018 132.7308809102563 173.50149777494568 1346 1348 -1
1348 -12.939105657479992 132.5698846435712 173.61104732793584 1347 1349 -1
1349 -12.928369564679201 132.41503202015775 173.72914073408649 1348 1350 -1
1350 -12.917312545600014 132.26491606954275 173.85318853504253 1349 1351 -1
1351 -12.905616620749571 132.1179999536036 173.98096121782092 1350 1352 -1
1352 -12.892980645322329 131.97292416971837 174.11073526365288 1351 1353 -1
1353 -12.879096896650523 131.82845282555738 174.24105576941122 1352 1354 -1
1354 -12.863627284839957 131.68340726463555 174.37055564925046 1353 1355 -1
1355 -12.84617771923361 131.53660060196148 174.49779578672465 1354 1356 -1
1356 -12.826262204433172 131.38677059196394 174.62108051792805 1355 1357 -1
1357 -12.80330828522675 131.23259725092436 174.73831898087278 1356 1358 -1
1358 -12.776558643393994 131.07262035889892 174.8466036090505 1357 1359 -1
1359 -12.745143515774648 130.90549257464082 174.94200161062946 1358 1360 -1
1360 -12.708082103956588 130.7302879748123 175.01898412200453 1359 1361 -1
1361 -12.664448611268362 130.54733091663041 175.06983780338788 1360 1362 -1
1362 -12.61412498141655 130.35993027210998 175.0861765236394 1361 1363 -1
1363 -12.55845991739791 130.1749109761839 175.06247568000947 1362 1364 -1
1364 -12.5 130.0 175.0 1363 -1 -1
