0 15.0 131.0 -311.0 -1 1 -1
1 15.0 131.0 -310.5 0 2 -1
2 15.0 131.0 -310.0 1 3 -1
3 15.5 131.5 -309.5 2 4 -1
4 15.5 131.5 -309.0 3 5 -1
5 15.5 131.5 -308.5 4 6 -1
6 16.0 131.5 -308.0 5 7 -1
7 16.0 131.5 -307.5 6 8 -1
8 16.0 131.5 -307.0 7 9 -1
9 16.0 131.5 -306.5 8 10 -1
10 16.0 132.0 -306.0 9 11 -1
11 16.0 132.0 -305.5 10 12 -1
12 16.0 132.0 -305.0 11 13 -1
13 16.0 132.0 -304.5 12 14 -1
14 16.0 132.5 -304.0 13 15 -1
15 16.0 132.5 -303.5 14 16 -1
16 16.0 132.5 -303.0 15 17 -1
17 16.0 133.0 -302.5 16 18 -1
18 16.0 133.0 -302.0 17 19 -1
19 16.0 133.0 -301.5 18 20 -1
20 16.0 133.0 -301.0 19 21 -1
21 16.0 133.0 -300.5 20 22 -1
22 16.0 133.0 -300.0 21 23 -1
23 16.0 133.5 -299.5 22 24 -1
24 16.0 133.5 -299.0 23 25 -1
25 15.5 134.0 -298.0 24 26 -1
26 15.5 134.0 -297.5 25 27 -1
27 15.5 134.5 -297.0 26 28 29
28 16.0 134.5 -296.5 27 30 -1
29 15.0 135.0 -296.0 27 31 -1
30 16.5 134.0 -296.0 28 32 -1
31 14.5 135.0 -296.0 29 33 -1
32 17.0 134.0 -296.0 30 34 -1
33 14.0 135.5 -295.5 31 35 -1
34 17.5 134.0 -296.0 32 36 -1
35 13.5 135.5 -295.0 33 37 -1
36 18.0 134.0 -296.0 34 38 -1
37 13.0 136.0 -294.5 35 39 -1
38 18.5 133.5 -296.0 36 40 -1
39 12.5 136.0 -294.5 37 41 -1
40 19.0 133.5 -296.0 38 42 -1
41 12.0 136.5 -294.0 39 43 -1
42 19.5 133.5 -296.0 40 44 -1
43 11.5 137.0 -293.5 41 45 -1
44 20.0 133.0 -296.0 42 46 -1
45 11.0 137.5 -293.0 43 47 -1
46 20.5 133.0 -296.0 44 48 -1
47 10.5 137.5 -292.5 45 49 -1
48 21.0 132.5 -295.5 46 50 -1
49 10.0 138.0 -292.5 47 51 -1
50 21.5 132.5 -295.5 48 52 -1
51 9.5 138.0 -292.0 49 53 -1
52 22.0 132.5 -295.5 50 54 -1
53 9.0 138.0 -291.5 51 55 -1
54 22.5 132.5 -295.0 52 56 -1
55 8.5 138.5 -291.0 53 57 -1
56 23.0 132.0 -295.0 54 58 -1
57 8.0 139.0 -291.0 55 59 -1
58 23.5 132.0 -295.0 56 60 -1
59 7.5 139.0 -290.5 57 61 -1
60 24.0 131.5 -294.5 58 62 -1
61 7.0 139.0 -290.0 59 63 -1
62 24.5 131.5 -294.5 60 64 -1
63 6.5 139.0 -289.5 61 65 -1
64 25.0 131.0 -295.0 62 66 -1
65 6.0 139.5 -289.0 63 67 -1
66 25.5 131.0 -295.0 64 68 -1
67 5.5 139.5 -288.5 65 69 -1
68 26.0 131.0 -294.5 66 70 -1
69 5.0 140.0 -288.5 67 71 -1
70 26.5 131.0 -294.5 68 72 -1
71 4.5 140.0 -288.0 69 73 -1
72 27.0 131.0 -294.5 70 74 -1
73 4.0 140.0 -287.5 71 75 -1
74 27.5 131.0 -295.0 72 76 -1
75 4.0 140.0 -287.0 73 77 -1
76 28.0 131.0 -294.5 74 78 -1
77 3.5 140.0 -286.5 75 79 -1
78 28.5 131.0 -294.5 76 80 -1
79 3.0 140.5 -286.0 77 81 -1
80 29.0 130.5 -294.5 78 82 -1
81 2.5 140.5 -285.5 79 83 -1
82 29.5 130.5 -294.5 80 84 -1
83 2.5 140.5 -285.0 81 85 -1
84 30.0 131.0 -294.5 82 86 -1
85 2.0 140.5 -284.5 83 87 -1
86 30.5 131.0 -294.5 84 88 -1
87 1.5 140.5 -284.0 85 89 -1
88 31.0 131.0 -294.5 86 90 -1
89 1.0 141.0 -283.5 87 91 -1
90 31.5 131.0 -295.0 88 92 -1
91 0.5 141.0 -283.0 89 93 -1
92 32.0 131.0 -295.0 90 94 -1
93 0.0 141.0 -282.5 91 95 -1
94 32.5 131.0 -295.0 92 96 -1
95 0.0 141.0 -282.0 93 97 -1
96 33.0 131.0 -295.0 94 98 -1
97 -0.5 141.0 -281.5 95 99 -1
98 33.5 131.0 -295.0 96 100 -1
99 -0.5 141.0 -281.0 97 101 -1
100 34.0 131.0 -295.0 98 102 -1
101 -1.0 141.0 -280.5 99 103 -1
102 34.5 131.0 -295.5 100 104 -1
103 -1.0 140.5 -280.0 101 105 -1
104 35.0 131.5 -295.5 102 106 -1
105 -1.5 141.0 -279.5 103 107 -1
106 35.5 131.5 -295.5 104 108 -1
107 -2.0 141.0 -279.0 105 109 -1
108 36.0 132.0 -295.5 106 110 -1
109 -2.0 140.5 -278.5 107 111 -1
110 36.5 132.0 -295.5 108 112 -1
111 -2.5 140.5 -278.0 109 113 -1
112 37.0 132.5 -295.5 110 114 -1
113 -3.0 140.5 -277.5 111 115 -1
114 37.5 132.5 -295.5 112 116 -1
115 -3.5 140.5 -277.0 113 117 -1
116 38.0 133.0 -296.0 114 118 -1
117 -4.0 140.5 -276.5 115 119 -1
118 38.5 133.0 -296.5 116 120 -1
119 -4.0 140.5 -276.0 117 121 -1
120 39.0 133.5 -296.0 118 122 -1
121 -4.5 140.5 -275.5 119 123 -1
122 39.5 134.0 -296.5 120 124 -1
123 -5.0 140.5 -275.0 121 125 -1
124 40.0 134.5 -296.5 122 126 -1
125 -5.0 140.5 -274.5 123 127 -1
126 40.5 135.0 -296.5 124 128 -1
127 -5.0 140.0 -274.0 125 129 -1
128 40.5 135.5 -296.0 126 130 -1
129 -5.5 140.5 -273.5 127 131 -1
130 41.0 136.0 -296.0 128 132 -1
131 -5.5 140.0 -273.0 129 133 -1
132 41.0 136.5 -296.0 130 134 -1
133 -6.0 140.0 -272.5 131 135 -1
134 41.5 137.0 -295.5 132 136 -1
135 -6.0 140.0 -272.0 133 137 -1
136 41.5 137.5 -295.5 134 138 -1
137 -6.5 140.0 -271.5 135 139 -1
138 42.0 138.0 -295.5 136 140 -1
139 -7.0 140.0 -271.0 137 141 -1
140 42.0 138.5 -295.0 138 142 -1
141 -7.0 140.0 -270.5 139 143 -1
142 42.5 139.0 -295.5 140 144 -1
143 -7.5 140.0 -270.0 141 145 -1
144 43.0 139.5 -295.5 142 146 -1
145 -7.5 140.0 -269.5 143 147 -1
146 43.0 140.0 -295.5 144 148 -1
147 -8.0 140.0 -269.0 145 149 -1
148 43.0 140.5 -295.0 146 150 -1
149 -8.5 140.0 -268.5 147 151 -1
150 43.5 141.0 -295.0 148 152 -1
151 -8.5 140.0 -268.0 149 153 -1
152 43.5 141.5 -295.0 150 154 -1
153 -9.0 140.0 -267.5 151 155 -1
154 44.0 142.0 -295.0 152 156 -1
155 -9.0 139.5 -267.0 153 157 -1
156 44.0 142.5 -294.5 154 158 -1
157 -9.5 140.0 -266.5 155 159 -1
158 44.0 143.0 -294.5 156 160 -1
159 -10.0 140.0 -266.0 157 161 -1
160 44.0 143.5 -294.0 158 162 -1
161 -10.0 139.5 -265.5 159 163 -1
162 44.0 144.0 -294.0 160 164 -1
163 -10.5 139.5 -265.0 161 165 -1
164 44.5 144.5 -293.5 162 166 -1
165 -11.0 139.5 -264.5 163 167 -1
166 44.5 145.0 -293.5 164 168 -1
167 -11.0 139.0 -264.0 165 169 -1
168 44.5 145.5 -293.5 166 170 -1
169 -11.0 139.0 -263.5 167 171 -1
170 44.5 146.0 -293.0 168 172 -1
171 -11.5 139.0 -263.0 169 173 -1
172 44.5 146.5 -293.0 170 174 -1
173 -12.0 139.0 -262.5 171 175 -1
174 44.0 147.0 -292.5 172 176 -1
175 -12.0 139.0 -262.0 173 177 -1
176 43.5 147.5 -292.0 174 178 -1
177 -12.5 139.0 -261.5 175 179 -1
178 43.5 148.0 -291.5 176 180 -1
179 -13.0 139.0 -261.0 177 181 -1
180 43.5 148.5 -291.0 178 182 -1
181 -13.0 139.0 -260.5 179 183 -1
182 43.5 149.0 -291.0 180 184 -1
183 -13.5 139.0 -260.0 181 185 -1
184 44.0 149.5 -290.5 182 186 -1
185 -14.0 139.0 -259.5 183 187 -1
186 43.5 150.0 -290.0 184 188 -1
187 -14.5 139.0 -259.0 185 189 -1
188 43.0 150.5 -289.5 186 190 -1
189 -15.0 139.0 -258.5 187 191 -1
190 43.5 151.0 -289.0 188 192 -1
191 -15.5 139.0 -258.0 189 193 -1
192 43.5 151.5 -289.0 190 194 -1
193 -16.0 139.5 -257.5 191 195 -1
194 43.5 152.0 -288.5 192 196 -1
195 -16.5 139.5 -257.0 193 197 198
196 43.5 152.5 -288.0 194 199 -1
197 -16.5 139.0 -256.5 195 200 -1
198 -16.5 140.0 -256.5 195 201 -1
199 43.0 152.5 -287.5 196 202 -1
200 -16.5 138.5 -256.5 197 203 -1
201 -17.0 140.5 -256.0 198 204 -1
202 43.0 153.0 -287.0 199 205 -1
203 -16.5 138.0 -256.5 200 206 -1
204 -17.0 140.5 -255.5 201 207 -1
205 43.5 153.5 -286.5 202 208 -1
206 -16.0 137.5 -256.5 203 209 -1
207 -17.5 141.0 -255.0 204 210 -1
208 43.5 154.0 -286.0 205 211 -1
209 -16.0 137.0 -256.5 206 212 -1
210 -17.5 141.5 -255.0 207 213 -1
211 43.5 154.5 -285.5 208 214 -1
212 -16.5 136.5 -256.0 209 215 -1
213 -18.0 142.0 -254.5 210 216 -1
214 44.0 155.0 -285.0 211 217 -1
215 -16.5 136.0 -255.5 212 218 -1
216 -18.5 142.0 -254.0 213 219 -1
217 44.0 155.5 -284.5 214 220 -1
218 -16.5 135.5 -255.0 215 221 -1
219 -19.0 142.5 -253.5 216 222 -1
220 44.0 155.5 -284.0 217 223 -1
221 -16.5 135.0 -254.5 218 224 -1
222 -19.5 142.5 -253.0 219 225 -1
223 44.5 156.0 -283.5 220 226 -1
224 -16.5 134.5 -254.0 221 227 -1
225 -20.0 143.0 -252.5 222 228 -1
226 45.0 156.5 -283.0 223 229 -1
227 -16.5 134.0 -253.5 224 230 -1
228 -20.5 143.0 -252.5 225 231 -1
229 45.0 156.5 -282.5 226 232 -1
230 -16.0 133.5 -253.0 227 233 -1
231 -21.0 143.5 -252.0 228 234 -1
232 45.5 157.0 -282.0 229 235 -1
233 -16.0 133.0 -252.5 230 236 -1
234 -21.5 143.5 -251.5 231 237 -1
235 46.0 157.0 -281.5 232 238 -1
236 -16.0 133.0 -252.0 233 239 -1
237 -22.0 144.0 -251.5 234 240 -1
238 46.5 157.0 -281.0 235 241 -1
239 -15.5 132.5 -251.5 236 242 -1
240 -22.5 144.0 -251.0 237 243 -1
241 47.0 157.5 -280.5 238 244 -1
242 -15.5 132.0 -251.0 239 245 -1
243 -23.0 144.0 -250.5 240 246 -1
244 47.5 157.5 -280.0 241 247 -1
245 -15.5 132.0 -250.5 242 248 -1
246 -23.5 144.5 -250.5 243 249 -1
247 48.0 158.0 -279.5 244 250 -1
248 -15.5 132.0 -250.0 245 251 -1
249 -24.0 144.5 -250.0 246 252 -1
250 48.5 158.5 -279.0 247 253 -1
251 -15.5 131.5 -249.5 248 254 -1
252 -24.5 144.5 -250.0 249 255 -1
253 49.0 159.0 -278.5 250 256 -1
254 -15.0 131.5 -249.0 251 257 -1
255 -25.0 145.0 -249.5 252 258 -1
256 49.5 159.0 -278.0 253 259 -1
257 -15.0 131.0 -248.5 254 260 -1
258 -25.5 145.0 -249.5 255 261 -1
259 50.0 159.5 -277.5 256 262 -1
260 -15.0 131.0 -248.0 257 263 -1
261 -26.0 145.0 -249.5 258 264 -1
262 50.5 159.5 -277.5 259 265 -1
263 -15.0 130.5 -247.5 260 266 -1
264 -26.5 145.0 -249.0 261 267 -1
265 51.0 159.5 -277.0 262 268 -1
266 -15.0 130.5 -247.0 263 269 -1
267 -27.0 145.5 -249.5 264 270 -1
268 51.5 160.0 -276.5 265 271 -1
269 -14.5 130.0 -246.5 266 272 -1
270 -27.5 145.5 -249.0 267 273 -1
271 52.0 159.5 -276.5 268 274 -1
272 -14.5 129.5 -246.0 269 275 -1
273 -28.0 145.5 -249.0 270 276 -1
274 52.5 159.5 -276.0 271 277 -1
275 -14.5 129.0 -245.5 272 278 -1
276 -28.5 145.5 -248.5 273 279 -1
277 53.0 159.5 -275.5 274 280 -1
278 -14.0 128.5 -245.0 275 281 -1
279 -29.0 145.5 -248.5 276 282 -1
280 53.5 160.0 -275.5 277 283 -1
281 -14.0 128.0 -244.5 278 284 -1
282 -29.5 145.5 -248.0 279 285 -1
283 54.0 159.5 -275.0 280 286 -1
284 -14.0 127.5 -244.0 281 287 -1
285 -30.0 145.5 -248.0 282 288 -1
286 54.5 160.0 -275.0 283 289 -1
287 -13.5 127.0 -243.5 284 290 -1
288 -30.5 146.0 -248.0 285 291 -1
289 55.0 160.0 -274.5 286 292 -1
290 -13.0 126.5 -243.0 287 293 -1
291 -31.0 146.0 -248.0 288 294 -1
292 55.5 160.0 -274.5 289 295 -1
293 -13.0 126.0 -243.0 290 296 -1
294 -31.5 145.5 -247.5 291 297 -1
295 56.0 160.0 -274.0 292 298 -1
296 -12.5 125.5 -242.5 293 -1 -1
297 -32.0 145.5 -247.5 294 299 -1
298 56.5 160.0 -274.0 295 300 -1
299 -32.5 146.0 -247.5 297 301 -1
300 57.0 160.0 -274.0 298 302 -1
301 -33.0 145.5 -247.5 299 303 -1
302 57.5 160.0 -273.5 300 304 -1
303 -33.5 145.5 -247.0 301 305 -1
304 58.0 160.0 -273.0 302 306 -1
305 -34.0 145.5 -247.0 303 307 -1
306 58.5 160.0 -273.5 304 308 -1
307 -34.5 146.0 -246.5 305 309 -1
308 59.0 160.0 -273.5 306 310 -1
309 -35.0 146.0 -246.5 307 311 -1
310 59.5 159.5 -273.0 308 312 -1
311 -35.5 146.0 -246.5 309 313 -1
312 60.0 159.5 -273.0 310 314 -1
313 -36.0 146.0 -246.0 311 315 -1
314 60.5 159.5 -273.0 312 316 -1
315 -36.5 146.0 -246.0 313 317 -1
316 61.0 159.5 -273.0 314 318 -1
317 -37.0 146.0 -246.0 315 319 -1
318 61.5 159.5 -272.5 316 320 -1
319 -37.5 146.0 -246.0 317 321 -1
320 62.0 159.5 -272.5 318 322 -1
321 -38.0 146.0 -246.0 319 323 -1
322 62.5 159.5 -272.5 320 324 -1
323 -38.5 146.0 -246.0 321 325 -1
324 63.0 159.5 -272.5 322 326 -1
325 -39.0 146.0 -245.5 323 327 -1
326 63.5 159.0 -272.0 324 328 -1
327 -39.5 146.0 -245.5 325 329 -1
328 64.0 159.0 -271.5 326 330 -1
329 -40.0 146.0 -245.5 327 331 -1
330 64.5 159.0 -271.5 328 332 -1
331 -40.5 146.0 -245.5 329 -1 -1
332 65.0 158.5 -271.5 330 333 -1
333 65.5 158.0 -272.0 332 334 -1
334 66.0 158.5 -271.5 333 335 -1
335 66.5 158.0 -271.5 334 336 -1
336 67.0 158.0 -271.5 335 337 -1
337 67.5 158.0 -271.5 336 338 -1
338 68.0 158.0 -271.5 337 339 -1
339 68.5 158.0 -271.5 338 340 -1
340 69.0 158.0 -271.5 339 341 -1
341 69.5 157.5 -272.0 340 342 -1
342 70.0 157.5 -271.5 341 343 -1
343 70.5 157.5 -271.5 342 344 -1
344 71.0 157.0 -271.5 343 345 -1
345 71.5 157.0 -271.5 344 346 -1
346 72.0 156.5 -271.5 345 347 -1
347 72.5 156.5 -271.5 346 348 -1
348 73.0 156.5 -271.0 347 349 -1
349 73.5 156.0 -271.5 348 350 -1
350 74.0 156.0 -271.0 349 351 -1
351 74.5 156.0 -271.0 350 352 -1
352 75.0 155.5 -271.5 351 353 -1
353 75.5 155.5 -271.5 352 354 -1
354 76.0 155.0 -272.0 353 355 -1
355 76.5 154.5 -272.0 354 356 -1
356 77.0 154.5 -272.0 355 357 -1
357 77.5 154.5 -272.0 356 358 -1
358 78.0 154.5 -272.0 357 359 -1
359 78.5 154.0 -272.0 358 360 -1
360 79.0 153.5 -272.5 359 361 -1
361 79.5 153.5 -272.5 360 362 -1
362 80.0 153.0 -272.5 361 363 -1
363 80.5 153.0 -273.0 362 364 -1
364 81.0 152.5 -273.0 363 365 -1
365 81.5 152.5 -273.0 364 366 -1
366 82.0 152.0 -273.0 365 367 -1
367 82.5 152.0 -273.5 366 368 -1
368 83.0 152.0 -273.5 367 369 -1
369 83.5 151.5 -273.5 368 370 -1
370 84.0 151.5 -274.0 369 371 -1
371 84.5 151.5 -274.0 370 372 -1
372 85.0 151.0 -274.0 371 373 -1
373 85.5 151.0 -274.5 372 -1 -1
