0 15.0 131.0 -311.0 -1 1 -1
1 15.055192063492157 131.03040510146033 -310.8355177965833 0 2 -1
2 15.108681673049787 131.0606206895824 -310.67044743251665 1 3 -1
3 15.160469230567948 131.09065739225198 -310.50480263074303 2 4 -1
4 15.210577716458422 131.1205342921279 -310.33861335595714 3 5 -1
5 15.259030236152448 131.15027040672817 -310.17190855487763 4 6 -1
6 15.305849970123557 131.1798846774393 -310.0047161793647 5 7 -1
7 15.351060127628603 131.20939596009077 -309.8370632113306 6 8 -1
8 15.394683661197613 131.23882300684238 -309.6689756255657 7 9 -1
9 15.436743642119968 131.2681844862365 -309.50047853547665 8 10 -1
10 15.47726333573138 131.2974989706176 -309.33159623767006 9 11 -1
11 15.51626567908048 131.32678491209916 -309.1623521139135 10 12 -1
12 15.553772824336406 131.35606065428018 -308.99276858113564 11 13 -1
13 15.589807684786404 131.38534444213707 -308.8228674788366 12 14 -1
14 15.624392646013687 131.4146544015362 -308.6526698020242 13 15 -1
15 15.65754928641776 131.44400857200566 -308.4821957033824 14 16 -1
16 15.689300041368083 131.47342484985774 -308.3114648441353 15 17 -1
17 15.719665934369372 131.502921077652 -308.14049600273455 16 18 -1
18 15.748668571323316 131.53251495433315 -307.96930746868844 17 19 -1
19 15.776329131432098 131.5622240791765 -307.7979168878597 18 20 -1
20 15.80266761505799 131.5920660508437 -307.62634120320706 19 21 -1
21 15.827705092839535 131.6220582443548 -307.4545969990017 20 22 -1
22 15.851461596543775 131.65221801928533 -307.28270022931565 21 23 -1
23 15.873956838126762 131.6825626638142 -307.1106663552004 22 24 -1
24 15.89520995724276 131.71310944608297 -306.9385103505244 23 25 -1
25 15.915240469246339 131.7438754559822 -306.76624681580694 24 26 -1
26 15.93406718410481 131.77487778334176 -306.5938898958702 25 27 -1
27 15.951708601105324 131.806133465954 -306.4214533478242 26 28 -1
28 15.968182908257944 131.8376594959807 -306.24895056549803 27 29 -1
29 15.983507982576183 131.8694728265795 -306.0763946033501 28 30 -1
30 15.997701391163687 131.9015903787216 -305.9037981998629 29 31 -1
31 16.010780393040363 131.9340290481739 -305.73117380043215 30 32 -1
32 16.022761941645335 131.96680571261916 -305.5585335797614 31 33 -1
33 16.03366268795945 131.9999372388916 -305.3858894637782 32 34 -1
34 16.04349898419354 132.033440490304 -305.21325315108766 33 35 -1
35 16.0522868389505 132.06733235330367 -305.0406361354381 34 36 -1
36 16.06004182549695 132.10162979054897 -304.8680497330927 35 37 -1
37 16.066779645035652 132.1363496207558 -304.6955050821257 36 38 -1
38 16.072515504753316 132.17150876828688 -304.52301317872343 37 39 -1
39 16.07726433825821 132.2071241911105 -304.35058489270705 38 40 -1
40 16.081040776936412 132.24321290607088 -304.1782309897603 39 41 -1
41 16.08385888660872 132.27979214597735 -304.005962179862 40 42 -1
42 16.085733183672733 132.31687883795655 -303.83378904016615 41 43 -1
43 16.086677574840053 132.35449014831443 -303.6617221238883 42 44 -1
44 16.086705616811546 132.39264338147137 -303.4897719661951 43 45 -1
45 16.085830511710004 132.4313560107686 -303.3179491116762 44 46 -1
46 16.084065811742118 132.47064523155348 -303.1462640231368 45 47 -1
47 16.0814245107628 132.5105285312548 -302.9747272263026 46 48 -1
48 16.07791901121111 132.5510237769228 -302.8033493599531 47 49 -1
49 16.073562206277273 132.59214845432138 -302.6321409925134 48 50 -1
50 16.06836656814928 132.6339203030107 -302.461112797553 49 51 -1
51 16.062344043689688 132.67635745297488 -302.2902756165519 50 52 -1
52 16.055506744952588 132.71947789345018 -302.1196403244476 51 53 -1
53 16.047866729973354 132.76329962613895 -301.9492178819574 52 54 -1
54 16.0394355612782 132.80784107490456 -301.77901947769925 53 55 -1
55 16.030224671783895 132.85312080129148 -301.60905646217503 54 56 -1
56 16.020245762833046 132.8991571073643 -301.4393402309312 55 57 -1
57 16.009510118806986 132.94596869778618 -301.26988245169935 56 58 -1
58 15.998028544336234 132.99357481943636 -301.1006951384396 57 59 -1
59 15.985812456233756 133.04199409603046 -300.9317902684953 58 60 -1
60 15.972872811726917 133.091245665339 -300.76318018323315 59 61 -1
61 15.95922038235218 133.14134893002256 -300.5948775258574 60 62 -1
62 15.94486580116408 133.19232353224578 -300.42689525293906 61 63 -1
63 15.929819999838523 133.24418879683316 -300.25924644260414 62 64 -1
64 15.914093606647246 133.2969644883033 -300.0919445902845 63 65 -1
65 15.89769719538945 133.35067052456085 -299.92500352373213 64 66 -1
66 15.880641149026758 133.4053271943613 -299.7584375090875 65 67 -1
67 15.86293607329318 133.4609545701347 -299.5922610379906 66 68 -1
68 15.844592504030325 133.51757292039173 -299.42648900597527 67 69 -1
69 15.825620901166888 133.57520274494632 -299.2611367492504 68 70 -1
70 15.806031722799387 133.63386467793978 -299.0962200269441 69 71 -1
71 15.785835436138736 133.69357948089063 -298.9317550392918 70 72 -1
72 15.765042528585104 133.7543680345333 -298.76775844576935 71 73 -1
73 15.74366351892694 133.81625132937398 -298.6042473831281 72 74 -1
74 15.721708968658191 133.87925045489027 -298.4412394832849 73 75 -1
75 15.699189493406003 133.9433865872978 -298.27875289100973 74 76 -1
76 15.676115774459419 134.0086809758095 -298.11680628135156 75 77 -1
77 15.65249857038711 134.07515492730815 -297.95541887672954 76 78 -1
78 15.628348728729827 134.14282978935609 -297.79461046361416 77 79 -1
79 15.603677197750686 134.21172693146474 -297.63440140871046 78 80 -1
80 15.57849503822325 134.2818677245474 -297.4748126745495 79 81 -1
81 15.552813435234482 134.35327351848105 -297.3158658343837 80 82 -1
82 15.526643709975819 134.42596561770577 -297.1575830862724 81 83 -1
83 15.5 134.5 -297.0 82 84 85
84 15.349279524709416 134.60465464156752 -296.9024940841906 83 86 -1
85 15.653999215566891 134.46583544401892 -296.8944532493351 83 87 -1
86 15.198275000693485 134.70873171199915 -296.8043339346697 84 88 -1
87 15.810950871350329 134.4297830939148 -296.7939427924817 85 89 -1
88 15.04728574028968 134.81199976610822 -296.70529975024783 86 90 -1
89 15.970697980335311 134.39183259562532 -296.6986744029213 87 91 -1
90 14.896316979174808 134.91445274409566 -296.60539159490634 88 92 -1
91 16.133111008978208 134.35197369856445 -296.6088503834823 89 93 -1
92 14.745374058949341 135.01608334594368 -296.5046082955496 90 94 -1
93 16.29803090466446 134.31021124255565 -296.5246337258102 91 95 -1
94 14.594462154932424 135.1168901775088 -296.402954984995 92 96 -1
95 16.465311845631728 134.26653115981532 -296.44624816828247 93 97 -1
96 14.44358658599611 135.21686790986251 -296.300432630572 94 98 -1
97 16.634736878414657 134.2209705771371 -296.373759954822 95 99 -1
98 14.292752902711783 135.31600784387243 -296.19703877121646 96 100 -1
99 16.806065492597103 134.17358861385875 -296.3071514681757 97 101 -1
100 14.14196623673185 135.41431006678522 -296.09278010779536 98 102 -1
101 16.979091061253765 134.12441166807702 -296.2464942089344 99 103 -1
102 13.991232096713576 135.51176789152672 -295.9876563393512 100 104 -1
103 17.15354560939772 134.07353551329183 -296.1916055621963 101 105 -1
104 13.840556005628368 135.6083754707355 -295.8816681064023 102 106 -1
105 17.329195425354897 134.02103329546688 -296.14234372791105 103 107 -1
106 13.68994312125728 135.7041322679935 -295.7748214413764 104 108 -1
107 17.50581688588844 133.96697634226032 -296.09853749984177 105 109 -1
108 13.539399357727286 135.79902818899285 -295.6671127875977 106 110 -1
109 17.683177950162168 133.91148266249357 -296.059807282505 107 111 -1
110 13.388929751248542 135.89306440896817 -295.5585499022733 108 112 -1
111 17.86108697260312 133.85464165616213 -296.02582777745215 109 113 -1
112 13.23854009857034 135.986233295688 -295.449131787279 110 114 -1
113 18.039375554069984 133.79652959778846 -295.9962702861942 111 115 -1
114 13.088235742725127 136.07853255876037 -295.33886275633864 112 116 -1
115 18.217889042763233 133.73726352579163 -295.9706162942704 113 117 -1
116 12.93802226144916 136.16995760840197 -295.2277448797828 114 118 -1
117 18.39650769743748 133.6769338218513 -295.948397018022 115 119 -1
118 12.787905198205765 136.26050442162975 -295.11578080448515 116 120 -1
119 18.575135955021466 133.61562818453964 -295.92911208207244 117 121 -1
120 12.63789002781672 136.35016974727301 -295.00297393606314 118 122 -1
121 18.75370005055903 133.55342690690517 -295.9122454962636 119 123 -1
122 12.48798232947643 136.43894953080388 -294.88932692111587 120 124 -1
123 18.93214564056627 133.4904116664445 -295.8972442124393 121 125 -1
124 12.338187647627054 136.52684018897327 -294.7748428762243 122 126 -1
125 19.110436114043985 133.42666713331215 -295.88353092362985 123 127 -1
126 12.188511378061051 136.61383929987082 -294.65952600403426 124 128 -1
127 19.28854577385373 133.36226979766533 -295.8705336464777 125 129 -1
128 12.038959359968318 136.69994131534142 -294.54337761666 126 130 -1
129 19.466455675935016 133.29729568880904 -295.8576708329516 127 131 -1
130 11.889536536158374 136.78514706873895 -294.4264049190967 128 132 -1
131 19.644148700045527 133.2318218485617 -295.84435373626656 129 133 -1
132 11.740249314346354 136.86944745649308 -294.30860601208394 130 134 -1
133 19.821604424940148 133.16592799114284 -295.82998873762483 131 135 -1
134 11.59110227159084 136.9528456368057 -294.18999018701476 132 136 -1
135 19.998791550350333 133.099696423105 -295.81396274692946 133 137 -1
136 11.442101492970446 137.03533492826543 -294.0705577927601 134 138 -1
137 20.17566838596208 133.03322076840348 -295.79568577516955 135 139 -1
138 11.293252285154814 137.11691371559277 -293.95031376961555 136 140 -1
139 20.35217320719602 132.96659994932108 -295.77457060760537 137 141 -1
140 11.1445596961652 137.19758171566045 -293.8292641916793 138 142 -1
141 20.528220503897675 132.8999419500919 -295.7500390900479 139 143 -1
142 10.996030120282283 137.27733103120457 -293.70740843816566 140 144 -1
143 20.70369750389438 132.83336528046834 -295.7215315624582 141 145 -1
144 10.84766810447543 137.35616421147083 -293.58475505610863 142 146 -1
145 20.878461534945714 132.7669994203216 -295.688516000865 143 147 -1
146 10.699479018323903 137.43407900425126 -293.4613083345859 144 148 -1
147 21.05233904673392 132.70098443646884 -295.65049888748126 145 149 -1
148 10.551469156949208 137.51106851362522 -293.3370686080255 146 150 -1
149 21.22516535729147 132.6354568290459 -295.6072081095138 147 151 -1
150 10.403642911380551 137.5871356486266 -293.21204460008244 148 152 -1
151 21.39699297080422 132.57046686691692 -295.5593649012814 149 153 -1
152 10.256005589608312 137.6622784263541 -293.08624079539646 150 154 -1
153 21.567955274577635 132.50603155180818 -295.5078100937137 151 155 -1
154 10.108563290921989 137.7364911779651 -292.95965860858166 152 156 -1
155 21.738219451426474 132.44215370063887 -295.4533295647963 153 157 -1
156 9.961320605572459 137.80977543822445 -292.83230547683957 154 158 -1
157 21.907975986890698 132.37882953901283 -295.3966594125167 155 159 -1
158 9.81428258257475 137.88213037696983 -292.7041868030254 156 160 -1
159 22.07743946575462 132.31604745374733 -295.3385262990671 157 161 -1
160 9.66745461385908 137.95355358295546 -292.57530667228997 158 162 -1
161 22.246837762400897 132.2537839740501 -295.2796494035655 159 163 -1
162 9.520842312407785 138.02404176425037 -292.4456684692465 160 164 -1
163 22.4163987203684 132.1920216792709 -295.220712846909 161 165 -1
164 9.374450057521008 138.09359687757356 -292.3152797960405 162 166 -1
165 22.58635800340202 132.13075024375877 -295.16241548452956 163 167 -1
166 9.228282888129138 138.16221789336686 -292.1841457881787 164 168 -1
167 22.756947018291047 132.06995813095713 -295.1054731798985 165 169 -1
168 9.082345881972616 138.22990358067813 -292.05227139903377 166 170 -1
169 22.928379201259013 132.00963866792088 -295.05060109489057 167 171 -1
170 8.9366446785546 138.2966504939354 -291.919659840166 168 172 -1
171 23.100856210542258 131.94979959030954 -294.9985536661651 169 173 -1
172 8.791183391515645 138.36246117817836 -291.7863189912717 170 174 -1
173 23.27455935662628 131.89046337062172 -294.9501391254285 171 175 -1
174 8.645966862922874 138.42733514207657 -291.6522542954401 172 176 -1
175 23.44962028807288 131.83168067807557 -294.9061461357177 173 177 -1
176 8.500999881707445 138.49127202783836 -291.51747126634075 174 178 -1
177 23.625961134616297 131.77355618859843 -294.86661667101953 175 179 -1
178 8.356287295430867 138.55427119983833 -291.3819751754518 176 180 -1
179 23.80345642496403 131.71621949504618 -294.8313293894086 177 181 -1
180 8.211834318869327 138.6163306780943 -291.2457702645099 178 182 -1
181 23.981990075449694 131.65979458463548 -294.8000334827942 179 183 -1
182 8.067644911976359 138.67745292517668 -291.10886408185644 180 184 -1
183 24.16145709631221 131.6043989705392 -294.77245429175554 181 185 -1
184 7.923723633875214 138.73763810543633 -290.97126238756584 182 186 -1
185 24.34176433170385 131.55014327103007 -294.7482975299276 183 187 -1
186 7.780074983016712 138.79688651174405 -290.8329709968473 184 188 -1
187 24.522830611874568 131.49713108250228 -294.7272533082726 185 189 -1
188 7.636703395857925 138.85519856425722 -290.6939957769535 186 190 -1
189 24.704589224981866 131.44546553794478 -294.7090108774481 187 191 -1
190 7.4936132456104225 138.9125748091132 -290.55434264410263 188 192 -1
191 24.886979686990593 131.3952349183791 -294.69323113122323 189 193 -1
192 7.350809366974297 138.96901422300854 -290.4140163531717 190 194 -1
193 25.069951602457337 131.34651988786297 -294.6795712426065 191 195 -1
194 7.208295563309713 139.0245190732325 -290.2730239803277 192 196 -1
195 25.253464612762695 131.29939876948382 -294.6676920305512 193 197 -1
196 7.066075909630055 139.07909060240996 -290.1313718032749 194 198 -1
197 25.437485167264757 131.25394472265577 -294.6572531705763 195 199 -1
198 6.924154514301897 139.13272984326034 -289.9890658995476 196 200 -1
199 25.621984897572652 131.21022624204707 -294.64791501644277 197 201 -1
200 6.782535417309081 139.18543794694958 -289.8461123806517 198 202 -1
201 25.806938937774635 131.1683076122946 -294.6393401474095 199 203 -1
202 6.641222589416149 139.2372161814055 -289.7025173891251 200 204 -1
203 25.99232423720982 131.1282492922793 -294.63119470535736 201 205 -1
204 6.500219931400442 139.28806592957898 -289.55828709563133 202 206 -1
205 26.178119998800813 131.0901189821832 -294.6231483075902 203 207 -1
206 6.359531273352009 139.33798868765533 -289.41342769608764 204 208 -1
207 26.364301641725753 131.0539723255961 -294.6148719549886 205 209 -1
208 6.2191603740409604 139.386986063217 -289.26794540883014 206 210 -1
209 26.550839929030186 131.0198488192931 -294.60605896102277 207 211 -1
210 6.079111150098984 139.43505912188445 -289.1218460404718 208 212 -1
211 26.73771141632645 130.9877627937807 -294.59666923368536 209 213 -1
212 5.939387156435016 139.48220988047797 -288.9751359827047 210 214 -1
213 26.924901291666504 130.95769249435523 -294.58695314869294 211 215 -1
214 5.7999917458778825 139.52844080857176 -288.8278218630815 212 216 -1
215 27.11239831287618 130.92962185904247 -294.5771744213803 213 217 -1
216 5.660928386725008 139.57375393741756 -288.67990995890665 214 218 -1
217 27.30019404424295 130.90354964109807 -294.56759800769146 215 219 -1
218 5.522200473819954 139.61815139990344 -288.53140655646166 216 220 -1
219 27.488273553808014 130.87943350292568 -294.558478464111 217 221 -1
220 5.383811328302362 139.6616354284959 -288.38231794843483 218 222 -1
221 27.676624469117705 130.85725725131311 -294.5500655334361 219 223 -1
222 5.24576419741809 139.70420835315454 -288.23265043140066 220 224 -1
223 27.865232467258057 130.83700813467306 -294.5426065124274 221 225 -1
224 5.108062254388598 139.74587259922208 -288.08241030335034 222 226 -1
225 28.054083672794675 130.81870701829325 -294.5363710554464 223 227 -1
226 4.970708598338028 139.78663068529312 -287.93160386127545 224 228 -1
227 28.24315163624293 130.80230987454047 -294.53158435192665 225 229 -1
228 4.833706254277332 139.8264852210634 -287.7802373988039 226 230 -1
229 28.432409404755333 130.78780782381241 -294.52848577856594 227 231 -1
230 4.697058173142635 139.86543890516305 -287.628317203892 228 232 -1
231 28.6218249558635 130.7752063719266 -294.5273277162305 229 233 -1
232 4.5607672318881365 139.9034945229762 -287.47584955657084 230 234 -1
233 28.811358102252594 130.7645120617811 -294.5283676737021 231 235 -1
234 4.424836233630627 139.9406549444493 -287.32284072674975 232 236 -1
235 29.000958932485094 130.75569356772849 -294.5318126381613 233 237 -1
236 4.289267907844851 139.97692312189093 -287.16929697207615 234 238 -1
237 29.190571354011126 130.74874515746276 -294.53789103230594 235 239 -1
238 4.154064910608251 140.0123020877654 -287.0152245358533 236 240 -1
239 29.380134401808785 130.74369893559475 -294.546753127622 237 241 -1
240 4.019229824892912 140.04679495248254 -286.86062964501605 238 242 -1
241 29.56960063100743 130.7405144517955 -294.5581790477548 239 243 -1
242 3.884765160903897 140.08040490218622 -286.70551850816463 240 244 -1
243 29.758932025450772 130.73918116229166 -294.57196752951364 241 245 -1
244 3.7506733564616956 140.11313519654306 -286.5498973136576 242 246 -1
245 29.948094222963576 130.73972423171458 -294.5879597778492 243 247 -1
246 3.616956777427749 140.14498916653503 -286.39377222776335 244 248 -1
247 30.13706356388262 130.74211958955468 -294.6059387552633 245 249 -1
248 3.4836177181709833 140.1759702122559 -286.2371493928706 246 250 -1
249 30.32582251468001 130.7463495662024 -294.6257035006046 247 251 -1
250 3.3506584020740884 140.20608180071582 -286.0800349257578 248 252 -1
251 30.51435312788228 130.7524425248208 -294.6470960552848 249 253 -1
252 3.2180809820775935 140.2353274636541 -285.9224349159217 250 254 -1
253 30.702647687740352 130.7603793177744 -294.6699155222994 251 255 -1
254 3.0858875412603863 140.26371079536344 -285.7643554239643 252 256 -1
255 30.890702268580867 130.77014468590727 -294.6939724926307 253 257 -1
256 2.9540800934550426 140.29123545052633 -285.6058024800382 254 258 -1
257 31.078509186797014 130.78177699206466 -294.719110587503 255 259 -1
258 2.822660583896019 140.3179051420663 -285.44678208235104 256 260 -1
259 31.266071714597032 130.79525335894772 -294.7451365363408 257 261 -1
260 2.6916308898996504 140.34372363901488 -285.28730019572623 258 262 -1
261 31.453393123000918 130.8105677772508 -294.77187364746237 259 263 -1
262 2.5609928215738513 140.3686947643962 -285.12736275022274 260 264 -1
263 31.640471037917482 130.82777181978386 -294.79916116426483 261 265 -1
264 2.430748122556229 140.392822393131 -284.96697563981047 262 266 -1
265 31.82731498445989 130.84683487946276 -294.8268134316676 263 267 -1
266 2.3008984707792357 140.4161104499608 -284.80614472110256 264 268 -1
267 32.01393006703746 130.86776536320946 -294.85466070616786 265 269 -1
268 2.1714454792600946 140.43856290739396 -284.64487581214337 266 270 -1
269 32.2003154168965 130.89062261533797 -294.8825315967351 267 271 -1
270 2.0423906969150605 140.46018378367503 -284.4831746912514 268 272 -1
271 32.38646740860458 130.91538176555775 -294.91033653884335 269 273 -1
272 1.9137356093955287 140.4809771407784 -284.3210470959164 270 274 -1
273 32.57235625643484 130.94207970790205 -294.9381083532231 271 275 -1
274 1.7854816399451225 140.50094708242722 -284.1584987217504 272 276 -1
275 32.75794278370234 130.97079248745825 -294.96589173368346 273 277 -1
276 1.6576301502761002 140.52009775213884 -283.995535221491 274 278 -1
277 32.94319944871288 131.0015105457604 -294.9937308734545 275 279 -1
278 1.5301824414637586 140.53843333129802 -283.8321622040572 276 280 -1
279 33.12809114809558 131.03426988659996 -295.02166940429123 277 281 -1
280 1.4031397548573832 140.5559580372579 -283.66838523365556 278 282 -1
281 33.312570984433556 131.0691555613434 -295.04975567567794 279 283 -1
282 1.276503273006456 140.57267612147078 -283.5042098289369 280 284 -1
283 33.49660913000515 131.10615597588122 -295.07803151424315 281 285 -1
284 1.1502741206006415 140.5885918676484 -283.33964146220245 282 286 -1
285 33.6801653704873 131.1453082889711 -295.10654130735406 283 287 -1
286 1.024453365422729 140.6037095899534 -283.17468555865725 284 288 -1
287 33.86318800412842 131.18668735021663 -295.13533521653085 285 289 -1
288 0.8990420193125434 140.61803363122155 -283.0093474957119 286 290 -1
289 34.045637948061575 131.23030530346875 -295.1644560728781 287 291 -1
290 0.7740410391413232 140.6315683612163 -282.84363260232965 288 292 -1
291 34.22747159918644 131.27618871729453 -295.1939475750758 289 293 -1
292 0.6494513277949089 140.64431817491555 -282.6775461584192 290 294 -1
293 34.40863586721915 131.3243904351162 -295.2238580593119 291 295 -1
294 0.5252737351648601 140.65628749083143 -282.51109339427126 292 296 -1
295 34.58907341794233 131.37496568292872 -295.2542376508838 293 297 -1
296 0.4015090591462548 140.66748074936345 -282.3442794900384 294 298 -1
297 34.76874034815102 131.42791951944608 -295.28512618014435 295 299 -1
298 0.27815804664125 140.67790241118496 -282.17710957525674 296 300 -1
299 34.947581042574214 131.48328879785075 -295.3165693823188 297 301 -1
300 0.1552213945670521 140.68755695566395 -282.00958872840846 298 302 -1
301 35.12552695329039 131.54113713508468 -295.34862017797724 299 303 -1
302 0.0326997508675824 140.69644887931787 -281.8417219765247 300 304 -1
303 35.30251932128778 131.60149085424788 -295.3813230888819 301 305 -1
304 -0.089406284472017 140.70458269430304 -281.6735142948261 302 306 -1
305 35.47850150927414 131.66436579902512 -295.41471914906305 303 307 -1
306 -0.21109615840942111 140.71196292693813 -281.504970606402 304 308 -1
307 35.653407719158686 131.72979480992302 -295.4488536443611 305 309 -1
308 -0.33236936382812926 140.71859411626292 -281.3360957819258 306 310 -1
309 35.82715801852279 131.79783402277786 -295.48377941033993 307 311 -1
310 -0.4532254385206731 140.72448081263144 -281.1668946394052 308 312 -1
311 35.99968258833393 131.86850700610066 -295.519540040763 309 313 -1
312 -0.5736639641724633 140.72962757633988 -280.9973719439678 310 314 -1
313 36.17091647909857 131.9418219189724 -295.55617356003916 311 315 -1
314 -0.6936842911504065 140.73403849719617 -280.82753220301225 312 316 -1
315 36.3407839793601 132.0178035296531 -295.59372299582964 313 317 -1
316 -0.8132863288718173 140.7377185829785 -280.6573802634057 314 318 -1
317 36.50920176460131 132.09648345532725 -295.63223398950765 315 319 -1
318 -0.9324698089107699 140.74067245875347 -280.48692074912725 316 320 -1
319 36.67607510871213 132.17790420904646 -295.6717569252466 317 321 -1
320 -1.0512344784763685 140.7429047117732 -280.3161582123731 318 322 -1
321 36.84133976729093 132.26204836647906 -295.71231973370107 319 323 -1
322 -1.1695801236132908 140.7444199328604 -280.14509715184477 320 324 -1
323 37.00491219672932 132.3489278423352 -295.75396061615487 321 325 -1
324 -1.287506568205785 140.74522271524424 -279.97374201271845 322 326 -1
325 37.1667075479148 132.43855056514025 -295.7967160937226 323 327 -1
326 -1.4050136729878215 140.74531765343016 -279.8020971866415 324 328 -1
327 37.3266194884144 132.53095124722086 -295.8406284365312 325 329 -1
328 -1.5221013345587833 140.74470934210368 -279.6301670117542 326 330 -1
329 37.484636212162805 132.62610428749625 -295.8855129000168 327 331 -1
330 -1.6387694844061587 140.74340237506735 -279.4579557727368 328 332 -1
331 37.640823037321375 132.72398657534836 -295.9309305196787 329 333 -1
332 -1.7550180879355204 140.74140134421043 -279.2854677008799 330 334 -1
333 37.795244116126334 132.8245938461829 -295.9764322235147 331 335 -1
334 -1.870847143507657 140.73871083851233 -279.1127069741779 332 336 -1
335 37.947956400127694 132.9279385949373 -296.0215652179798 333 337 -1
336 -1.9862566814841043 140.7353354430774 -278.9396777174443 334 338 -1
337 38.099008835153256 133.03404761212664 -296.06586107004404 335 339 -1
338 -2.101246763281126 140.7312797382025 -278.76638400244775 336 340 -1
339 38.248475156634456 133.14289793184975 -296.1088648224167 337 341 -1
340 -2.2158174804320425 140.72654829847605 -278.5928298480681 338 342 -1
341 38.39640103297467 133.25449831222835 -296.1501083335666 339 343 -1
342 -2.329968953659197 140.7211456919087 -278.4190192204718 340 344 -1
343 38.54282149737805 133.3688547314778 -296.18911193098955 341 345 -1
344 -2.4437013319550323 140.71507647909422 -278.24495603330473 342 346 -1
345 38.68775303915729 133.48597718267183 -296.22537055879803 343 347 -1
346 -2.5570147916729433 140.70834521240184 -278.0706441479032 344 348 -1
347 38.83119542379655 133.60586679457361 -296.25835451052194 345 349 -1
348 -2.6699097624908874 140.70095669929708 -277.89608750844474 346 350 -1
349 38.97314890875056 133.72847393380715 -296.2875670201699 347 351 -1
350 -2.782390885899881 140.69292044420905 -277.72129247721506 348 352 -1
351 39.113579600247945 133.85375368240528 -296.312474572705 349 353 -1
352 -2.8944678969826967 140.68425206703793 -277.5462682149561 350 354 -1
353 39.25243004711775 133.98163599545734 -296.33253431059717 351 355 -1
354 -3.0061505379950813 140.6749669336075 -277.37102362685306 352 356 -1
355 39.3896171241878 134.11201994376123 -296.34719967679234 353 357 -1
356 -3.1174486787652573 140.66508041309302 -277.1955674374235 354 358 -1
357 39.52503061010162 134.24476806762593 -296.35592863116614 355 359 -1
358 -3.2283723443457233 140.65460792606459 -277.01990821197984 356 360 -1
359 39.658522859541 134.37971077750905 -296.35816106721654 357 361 -1
360 -3.3389317079898 140.64356493839784 -276.84405435833753 358 362 -1
361 39.7899284402542 134.5166187968678 -296.3533969902015 359 363 -1
362 -3.4491370842511326 140.63196695549604 -276.66801412879454 360 364 -1
363 39.919067218168585 134.65521308022534 -296.34123277741617 361 365 -1
364 -3.5589989222118326 140.6198295168196 -276.49179562236566 362 366 -1
365 40.0457758812417 134.79522460108822 -296.3218531706525 363 367 -1
366 -3.6685277988441745 140.6071681907193 -276.31540678725827 364 368 -1
367 40.16996911128848 134.93645087435246 -296.29604455023076 365 369 -1
368 -3.7777344125098766 140.59399856956625 -276.138855423574 366 370 -1
369 40.29162238107148 135.078747820782 -296.2646116507485 367 371 -1
370 -3.886629576599724 140.5803362651738 -275.9621491862227 368 372 -1
371 40.410736845901546 135.22202980175817 -296.2282963841021 369 373 -1
372 -3.995224213316547 140.56619690450475 -275.7852955880352 370 374 -1
373 40.52736872924513 135.36624720721719 -296.18785462593536 371 375 -1
374 -4.103529347602638 140.5515961256564 -275.6083020030609 372 376 -1
375 40.641618075186045 135.51138045757835 -296.1440255629659 373 377 -1
376 -4.211556101212749 140.53654957411638 -275.4311756700383 374 378 -1
377 40.7535815313017 135.65744631970773 -296.09747501013624 375 379 -1
378 -4.31931557621508 140.5210727199418 -275.25392364468297 376 380 -1
379 40.863333558615956 135.80450033436387 -296.04881373536557 377 381 -1
380 -4.426819050591945 140.5051811765186 -275.07655289904085 378 382 -1
381 40.97100141670859 135.95259702525328 -295.99867953432766 379 383 -1
382 -4.53407806003049 140.48889084511046 -274.89907036184565 380 384 -1
383 41.07670877511075 136.10180343170697 -295.9476701343426 381 385 -1
384 -4.641104057119909 140.47221736817602 -274.7214827677927 382 386 -1
385 41.180542476873384 136.25221692372835 -295.89635755684935 383 387 -1
386 -4.747908563693728 140.45517638050217 -274.54379673577324 384 388 -1
387 41.28259988956982 136.4039358485966 -295.845325782783 385 389 -1
388 -4.854503165765648 140.43778350691693 -274.36601877313956 386 390 -1
389 41.38299674744031 136.5570387790959 -295.79514159333456 387 391 -1
390 -4.960899508599518 140.4200543602117 -274.188155280064 388 392 -1
391 41.48180452429706 136.71163030558296 -295.74638838369 389 393 -1
392 -5.0671092919110645 140.4020045392635 -274.01021255398473 390 394 -1
393 41.57908097044712 136.86781793063906 -295.6996887916141 391 395 -1
394 -5.1731442651969335 140.38364962734747 -273.8321967941276 392 396 -1
395 41.67490787825572 137.02565750119516 -295.65562489530583 393 397 -1
396 -5.279016223187544 140.36500519063068 -273.6541141060973 394 398 -1
397 41.76932521985545 137.18521467333213 -295.6148281853069 395 399 -1
398 -5.384737001418201 140.34608677683656 -273.4759705065294 396 400 -1
399 41.86233253641231 137.34656107750712 -295.57803072253114 397 401 -1
400 -5.490318471914117 140.32690991407063 -273.29777192779505 398 402 -1
401 41.95392064804508 137.50962955481808 -295.5455148664948 399 403 -1
402 -5.5957725389843755 140.30749010979787 -273.11952422275243 400 404 -1
403 42.0440065947039 137.6742640709097 -295.51692622135107 401 405 -1
404 -5.701111135119138 140.28784284996166 -272.9412331695376 402 406 -1
405 42.132513422766515 137.84031787555293 -295.4918180865543 403 407 -1
406 -5.806346216984708 140.26798359823505 -272.76290447638803 404 408 -1
407 42.219362962843626 138.0076741303685 -295.46974779434885 405 409 -1
408 -5.9114897615103965 140.24792779539334 -272.5845437864931 406 410 -1
409 42.30451743820749 138.17621175498678 -295.45020310813663 407 411 -1
410 -6.01655376206145 140.2276908587999 -272.40615668286614 408 412 -1
411 42.387950233835895 138.34582912417517 -295.43267357063434 409 413 -1
412 -6.121550224691958 140.2072881819944 -272.2277486932314 410 414 -1
413 42.46963584357845 138.51644389721588 -295.4166550306334 411 415 -1
414 -6.22649116447154 140.1867351343743 -272.04932529492197 412 416 -1
415 42.54955565416878 138.68798385709204 -295.4016371175588 413 417 -1
416 -6.331388592164706 140.16604702403802 -271.87089191836657 414 418 -1
417 42.62767619014921 138.86039239672502 -295.3871041907085 415 419 -1
418 -6.43625454294001 140.1452391949306 -271.69245395969267 416 420 -1
419 42.70400125613242 139.03359931158437 -295.3725251312567 417 421 -1
420 -6.541101047259033 140.12432697523 -271.5140167764142 418 422 -1
421 42.77852485052097 139.2075401990492 -295.35737807598844 419 423 -1
422 -6.645940119613946 140.10332563465764 -271.3355856927667 420 424 -1
423 42.85123547042465 139.38214847181874 -295.34114075253683 421 425 -1
424 -6.750783765998537 140.08225041823837 -271.15716600707503 422 426 -1
425 42.922119321155904 139.55734913146497 -295.3232904162079 423 427 -1
426 -6.855643980543424 140.061116546343 -270.9787629966146 424 428 -1
427 42.991146545212686 139.73305740173137 -295.30328743448644 425 429 -1
428 -6.960532742179231 140.0399392147579 -270.80038192245104 426 430 -1
429 43.05829654590634 139.90916643280758 -295.2806055262174 427 431 -1
430 -7.0654620113215465 140.01873359477332 -270.6220280342556 428 432 -1
431 43.12355489068338 140.08555098907985 -295.25476950891544 429 433 -1
432 -7.170443726570597 139.99751483328015 -270.4437065750916 430 434 -1
433 43.186908169673835 140.26211342759626 -295.22561883185614 431 435 -1
434 -7.275489801419684 139.9762980528674 -270.2654227861688 432 436 -1
435 43.24835665984153 140.4387898247061 -295.19325580767674 433 437 -1
436 -7.3806121209659805 139.95509835191143 -270.08718191156163 434 438 -1
437 43.30789548703369 140.61552280577794 -295.1577795778574 435 439 -1
438 -7.485822538617188 139.9339308046474 -269.90898920288737 436 440 -1
439 43.365518640620465 140.7922592149467 -295.1192852342885 437 441 -1
440 -7.591132872787941 139.91281046121517 -269.7308499239409 438 442 -1
441 43.421251104110105 140.9689513034116 -295.0779117198734 439 443 -1
442 -7.696554903580065 139.89175234767075 -269.55276935528207 440 444 -1
443 43.47510071147996 141.1455565143704 -295.0337661002866 441 445 -1
444 -7.8021003694407565 139.87077146595485 -269.3747527987714 442 446 -1
445 43.5270762285734 141.3220366619165 -294.9869533117474 443 447 -1
446 -7.907780963792749 139.84988279381014 -269.1968055820515 444 448 -1
447 43.57717225731281 141.49835613651473 -294.9375563222173 445 449 -1
448 -8.013608331630675 139.82910128463888 -269.01893306296813 446 450 -1
449 43.62539961742017 141.67448410815376 -294.88567874148646 447 451 -1
450 -8.119594066078943 139.80844186729283 -268.8411406339291 448 452 -1
451 43.67178191125211 141.85039522024988 -294.83143688119304 449 453 -1
452 -8.225749704904917 139.78791944578728 -268.66343372619474 450 454 -1
453 43.71632902202598 142.0260662619953 -294.77492567697584 451 455 -1
454 -8.33208672698318 139.76754889893144 -268.4858178140973 452 456 -1
455 43.75904924560316 142.20147688744498 -294.71623594013823 453 457 -1
456 -8.438616548705326 139.74734507986642 -268.30829841918313 454 458 -1
457 43.799925172638034 142.3766054349842 -294.6554282853949 455 459 -1
458 -8.545350520331592 139.72732281550458 -268.13088111427464 456 460 -1
459 43.83899315237687 142.55144129940027 -294.59262306156097 457 461 -1
460 -8.652299922279223 139.70749690586058 -267.9535715274457 458 462 -1
461 43.87626077014078 142.72597229516433 -294.5279047334663 459 463 -1
462 -8.759475961343881 139.68788212326865 -267.7763753459062 460 464 -1
463 43.911734593882414 142.90018842857629 -294.46135530010855 461 465 -1
464 -8.866889766850482 139.66849321147717 -267.59929831979065 462 466 -1
465 43.9454016954984 143.07407841803058 -294.3930374549101 463 467 -1
466 -8.974552386729751 139.64934488461353 -267.42234626584474 464 468 -1
467 43.977235549954564 143.24763480777708 -294.32301419771056 465 469 -1
468 -9.08247478351789 139.63045182601343 -267.24552507100486 466 470 -1
469 44.00715268011781 143.4208464672451 -294.2513127749188 467 471 -1
470 -9.190667830275695 139.6118286869054 -267.068840695864 468 472 -1
471 44.03505340101885 143.59369781381926 -294.17794824762774 469 473 -1
472 -9.299142306426148 139.59349008494624 -266.892299178019 470 474 -1
473 44.06083661485252 143.7661706498668 -294.1029364203466 471 475 -1
474 -9.407908893507011 139.5754506025987 -266.715906635291 472 476 -1
475 44.08436963997217 143.93823849893215 -294.0262732431197 473 477 -1
476 -9.51697817083801 139.55772478534695 -266.5396692688145 474 478 -1
477 44.10558250696583 144.1098834185459 -293.9480024676046 475 479 -1
478 -9.62636078980724 139.54032732901226 -266.36359345869386 476 480 -1
479 44.12437498726927 144.28107925388116 -293.86814606467095 477 481 -1
480 -9.736067007907135 139.52327259353794 -266.187685528921 478 482 -1
481 44.14064739407547 144.45179700789973 -293.78672819402567 479 483 -1
482 -9.846107030999079 139.50657496001418 -266.01195192764624 480 484 -1
483 44.154292830608696 144.62200315935848 -293.7037708984435 481 485 -1
484 -9.956490986537545 139.4902488077552 -265.83639921896673 482 486 -1
485 44.165189320539184 144.79165762852097 -293.6192912599277 483 487 -1
486 -10.067228876832598 139.47430846763925 -265.6610340636166 484 488 -1
487 44.17327061586636 144.96072823317883 -293.53333849348076 485 489 -1
488 -10.178330574196172 139.4587682192321 -265.485863221118 486 490 -1
489 44.178443032620116 145.1291741120757 -293.44594727753815 487 491 -1
490 -10.289805816003575 139.44364228771013 -265.3108935517469 488 492 -1
491 44.180615583713234 145.29695154872388 -293.35715527479834 489 493 -1
492 -10.401664199674373 139.42894484058039 -265.13613201830736 490 494 -1
493 44.179686543745454 145.46400949448352 -293.26699525918934 491 495 -1
494 -10.513915177574438 139.41468998419276 -264.9615856877037 492 496 -1
495 44.175689810616426 145.6302980736189 -293.1755063700992 493 497 -1
496 -10.62656805184333 139.40089176004255 -264.7872617323029 494 498 -1
497 44.16882637709109 145.79578397146122 -293.0827409698905 495 499 -1
498 -10.739631969151723 139.38756414086015 -264.6131674310797 496 500 -1
499 44.15927559786202 145.9604354030107 -292.98873617377706 497 501 -1
500 -10.853115915392278 139.37472102648601 -264.43931017053296 498 502 -1
501 44.14721643842917 146.1242278275289 -292.89352590675975 499 503 -1
502 -10.967028710311205 139.36237623952942 -264.26569744536715 500 504 -1
503 44.132791525323036 146.28712864208836 -292.7971220592855 501 505 -1
504 -11.081379002085876 139.35054352081067 -264.09233685892843 502 506 -1
505 44.116215752267614 146.4491390826927 -292.69957043172 503 507 -1
506 -11.196175649099583 139.33923698433446 -263.9192363515791 504 508 -1
507 44.09766491370534 146.610253296567 -292.6008962236128 505 509 -1
508 -11.311426969637834 139.32847023811283 -263.7464037699839 506 510 -1
509 44.07731069976552 146.77046945120452 -292.5011208567008 507 511 -1
510 -11.42714071814143 139.31825634193788 -263.5738468439216 508 512 -1
511 44.05529474339571 146.92977295419684 -292.4002428165292 509 513 -1
512 -11.543324804315143 139.30860866484798 -263.4015736144065 510 514 -1
513 44.03181612513587 147.08818576095297 -292.29829758835723 511 515 -1
514 -11.659986938675415 139.29954046825623 -263.22959222952574 512 516 -1
515 44.00703932449665 147.2457171391425 -292.19529896113596 513 517 -1
516 -11.777134626968385 139.29106490011233 -263.05791094323274 514 518 -1
517 43.9811183913776 147.40237219668168 -292.09125041385556 515 519 -1
518 -11.894775164596462 139.28319498886032 -262.88653811383676 516 520 -1
519 43.95421017801003 147.5581589275963 -291.9861539636853 517 521 -1
520 -12.012915631064377 139.27594363719683 -262.7154822021801 518 522 -1
521 43.92648649356506 147.71310417759742 -291.88003044213247 519 523 -1
522 -12.131563493271596 139.26932437929946 -262.5447521657602 520 524 -1
523 43.89810158006163 147.86722420599605 -291.7728847902167 521 525 -1
524 -12.250725493981601 139.26335000381172 -262.37435675383836 522 526 -1
525 43.86920064921606 148.02051948695615 -291.6646988923665 523 527 -1
526 -12.370407409081512 139.2580322237132 -262.2043043244151 524 528 -1
527 43.83994835884254 148.17302391435126 -291.55549452930336 525 529 -1
528 -12.490615402864579 139.25338337948548 -262.0346037298003 526 530 -1
529 43.81049499275809 148.32475638540615 -291.4452735573264 527 531 -1
530 -12.611355396692328 139.24941565210423 -261.8652639111183 528 532 -1
531 43.78099097508005 148.47572332668594 -291.3340197391908 529 533 -1
532 -12.732633063829915 139.2461410557534 -261.69629389448795 530 534 -1
533 43.7515869333174 148.6259484315563 -291.2217400711388 531 535 -1
534 -12.854454901692092 139.24357283870435 -261.52770354960825 532 536 -1
535 43.72238790959772 148.77544886772495 -291.1084442586854 533 537 -1
536 -12.976825771662908 139.24172229367636 -261.3595018783701 534 538 -1
537 43.693469550556074 148.92422401520412 -290.9941262939136 535 539 -1
538 -13.099749915303915 139.24060003989965 -261.1916976822338 536 540 -1
539 43.66490573554361 149.0722794090282 -290.8787893545653 537 541 -1
540 -13.223231967381391 139.2402173571437 -261.0243002900729 538 542 -1
541 43.636763878528164 149.2196299171665 -290.7624503823114 539 543 -1
542 -13.347276290760012 139.240585320303 -260.857319091706 540 544 -1
543 43.60911850609203 149.36627675005698 -290.6451075428145 541 545 -1
544 -13.47188903629686 139.2417175874531 -260.69076510797566 542 546 -1
545 43.58204941844772 149.5122174345168 -290.52675438052853 543 547 -1
546 -13.597072270943396 139.24362248874698 -260.5246465591611 544 548 -1
547 43.555620052063944 149.6574680778873 -290.4074119697625 545 549 -1
548 -13.722829329473877 139.24631018945416 -260.35897284715014 546 550 -1
549 43.52990334256913 149.80203159222606 -290.2870835672006 547 551 -1
550 -13.849163449695183 139.24979087439846 -260.19375355248184 548 552 -1
551 43.50499031383244 149.9458966028399 -290.1657531400153 549 553 -1
552 -13.976080211402264 139.25407815661615 -260.02900042539596 550 554 -1
553 43.48093880977026 150.08908011379074 -290.04344676712896 551 555 -1
554 -14.103579877547775 139.2591784490806 -259.86472122645614 552 556 -1
555 43.4578228034676 150.2315832435201 -289.9201692233423 553 557 -1
556 -14.23166471209221 139.265101056666 -259.70092553234963 554 558 -1
557 43.43573516846669 150.37339487110418 -289.7959096641459 555 559 -1
558 -14.360338475524232 139.2718575740555 -259.53762445263817 556 560 -1
559 43.414741922021584 150.51452203845727 -289.67068502662926 557 561 -1
560 -14.489602793216507 139.27945675962437 -259.3748276003305 558 562 -1
561 43.39491375329117 150.6549666106594 -289.544506752507 559 563 -1
562 -14.619457713415263 139.28790523515715 -259.2125434444131 560 564 -1
563 43.37633823705426 150.79472017142274 -289.41737419163246 561 565 -1
564 -14.749906200223728 139.2972139717448 -259.0507832414176 562 566 -1
565 43.35910211414836 150.93377516099548 -289.2892906671033 563 567 -1
566 -14.880949179073992 139.30739117636847 -258.88955674859295 564 568 -1
567 43.34326739842883 151.072135429773 -289.1602773933682 565 569 -1
568 -15.012585471768693 139.31844208473032 -258.72887201865257 566 570 -1
569 43.32891334109287 151.2097944869247 -289.03034401682845 567 571 -1
570 -15.144818421264318 139.33037876367615 -258.5687415096666 568 572 -1
571 43.31614889739501 151.34673192232833 -288.8994855824764 569 573 -1
572 -15.277645909326422 139.34320533632476 -258.40917287059943 570 574 -1
573 43.30503278837425 151.48294918467386 -288.7677284157501 571 575 -1
574 -15.41106791587686 139.35692915441226 -258.25017589616994 572 576 -1
575 43.29564221900838 151.61843749185468 -288.6350883965155 573 577 -1
576 -15.545085763167465 139.37155978766305 -258.0917619721874 574 578 -1
577 43.28806647927216 151.75318177988925 -288.5015772061689 575 579 -1
578 -15.679695408347152 139.38709873534012 -257.9339374039252 576 580 -1
579 43.282410719608485 151.8871597697397 -288.3672026388667 577 581 -1
580 -15.81490032365642 139.40355919887637 -257.77671624752617 578 582 -1
581 43.2787297019201 152.0203676244797 -288.23199664275694 579 583 -1
582 -15.950694398829386 139.42093966708345 -257.6201030493108 580 584 -1
583 43.27710597470715 152.15278858234208 -288.0959797874288 581 585 -1
584 -16.08708014280798 139.43925219557855 -257.4641114338266 582 586 -1
585 43.27763694036667 152.2843987510395 -287.9591696134773 583 587 -1
586 -16.224051833843863 139.4584960045868 -257.3087465927115 584 588 -1
587 43.28041736867216 152.41517373063593 -287.82158815550247 585 589 -1
588 -16.361611092135895 139.47868209798543 -257.1540217631176 586 590 -1
589 43.285504157745905 152.5451011467286 -287.68327185565715 587 591 -1
590 -16.5 139.5 -257.0 588 592 593
591 43.29297820213246 152.67415768502232 -287.5442504615414 589 594 -1
592 -16.49566204890179 139.29831352680304 -256.9629110703529 590 595 -1
593 -16.573212107431708 139.61102328461303 -256.8699872984681 590 596 -1
594 43.3029365228903 152.80231220817743 -287.4045519833214 591 597 -1
595 -16.490995053228474 139.09750460418448 -256.92113395382415 592 598 -1
596 -16.648161640789805 139.72141282966763 -256.74031429620015 593 599 -1
597 43.315470123853004 152.92953368677436 -287.2642097252114 594 600 -1
598 -16.48597628903653 138.89775949086274 -256.8745727581432 595 601 -1
599 -16.72467377991805 139.83115716593306 -256.6110067550313 596 602 -1
600 43.330628716059834 153.05580381484108 -287.1232688591948 597 603 -1
601 -16.480588069095322 138.69921876757172 -256.82315572225343 598 604 -1
602 -16.802764598661977 139.94023715710773 -256.4820814263364 599 605 -1
603 43.348486888219554 153.18109305487 -286.9817699532779 600 606 -1
604 -16.474812504020505 138.50202814896232 -256.76682110489435 601 607 -1
605 -16.882441662428754 140.04863680209886 -256.3535534644017 602 608 -1
606 43.36913440271896 153.3053640341299 -286.8397534772002 603 609 -1
607 -16.468632239166805 138.30633510275308 -256.7055262754515 604 610 -1
608 -16.963720160007593 140.15633637541802 -256.2254404058299 605 611 -1
609 43.392658015446365 153.42857795095782 -286.6972642819207 606 612 -1
610 -16.462029745983457 138.11229048461243 -256.63923856245736 607 613 -1
611 -17.04660708163362 140.26331927098204 -256.0977581460153 608 614 -1
612 43.41909149961261 153.55071316890454 -286.5543574690278 609 615 -1
613 -16.454988094308778 137.92004465301818 -256.56794430612007 610 616 -1
614 -17.131114599481872 140.36956613583197 -255.9705244234089 611 617 -1
615 43.44849677721435 153.67173544732077 -286.4110848638729 612 618 -1
616 -16.447490952405616 137.72974614634595 -256.49164791361954 613 619 -1
617 -17.21725238297216 140.47505824437133 -255.8437568130957 614 620 -1
618 43.480929624895495 153.79160557998924 -286.2674971419497 615 621 -1
619 -16.439522816737767 137.54153934158055 -256.4103733795196 616 622 -1
620 -17.305027614311424 140.57977757700428 -255.7174726420053 617 623 -1
621 43.516356242529774 153.91030490931914 -286.12364454329077 618 624 -1
622 -16.43106840825557 137.35556588896816 -256.3241572078497 619 625 -1
623 -17.39444841981184 140.6837052248461 -255.5916899769215 620 626 -1
624 43.554691364082665 154.02783479630185 -285.97957765805376 621 627 -1
625 -16.422113967867308 137.17195743823132 -256.23306063810315 622 628 -1
626 -17.485521953815017 140.78682227705036 -255.4664270763718 623 629 -1
627 43.59588113996486 154.14418634446412 -285.83534193875056 624 630 -1
628 -16.41264626986573 136.9908387784496 -256.1371583627098 625 631 -1
629 -17.57825436951397 140.88910985336844 -255.34170236246254 626 632 -1
630 43.63991708298088 154.25933256142451 -285.6909796943999 627 633 -1
631 -16.402653174081298 136.81232396765296 -256.03654282075195 628 634 -1
632 -17.672650791910595 140.99054913766608 -255.217534391299 629 635 -1
633 43.686710437593554 154.37328180664338 -285.5465353401134 630 636 -1
634 -16.392123642688816 136.63651495786965 -255.9313228074694 631 637 -1
635 -17.768715293084387 141.0911214122831 -255.0939418220779 632 638 -1
636 43.736194536068375 154.48603548100147 -285.40204938708604 633 639 -1
637 -16.381047733319416 136.46350048115318 -255.82162185451662 634 640 -1
638 -17.866452059676377 141.1908074503292 -254.9709438207032 635 641 -1
639 43.78834060383438 154.597579425799 -285.25756037471314 636 642 -1
640 -16.36941657015571 136.29335521714745 -255.70757643742624 637 643 -1
641 -17.9658640966019 141.289588192657 -254.84855960927092 638 644 -1
642 43.84310234950867 154.70790824162563 -285.1131061518497 639 645 -1
643 -16.357222295392706 136.12613925040256 -255.58933406944146 640 646 -1
644 -18.066950507505332 141.3874463032272 -254.72680738051426 641 647 -1
645 43.90039194849881 154.81703790402105 -284.9687214533419 642 648 -1
646 -16.34445764154717 135.9618997049699 -255.46704889993902 643 649 -1
647 -18.169713560427606 141.48436230185985 -254.60570693748625 644 650 -1
648 43.96017603230169 154.92496030263865 -284.8244403984986 645 651 -1
649 -16.331116797263288 135.80066581423688 -255.34088641430807 646 652 -1
650 -18.274151780407855 141.58031839384904 -254.4852770620227 647 653 -1
651 44.02242306993387 155.0316670035913 -284.6802967869968 648 654 -1
652 -16.317194632354703 135.64245277073488 -255.21101636149018 649 655 -1
653 -18.38026354545522 141.67529649983592 -254.3655368601738 650 656 -1
654 44.08703978604567 155.1371818680579 -284.5363187031769 651 657 -1
655 -16.302686083983957 135.48726486609172 -255.0776081692824 652 658 -1
656 -18.488045020710302 141.7692794908541 -254.24650488192427 653 659 -1
657 44.15400226963269 155.2414954865504 -284.3925370777072 654 660 -1
658 -16.28758771297748 135.33508762221138 -254.94083917605758 655 661 -1
659 -18.597494533850092 141.86224856893944 -254.12820098921702 656 662 -1
660 44.22326807689265 155.3446085273474 -284.2489808372396 657 663 -1
661 -16.27189595749559 135.1858971209324 -254.80088308976605 658 664 -1
662 -18.70860429725109 141.9541883363577 -254.01064270366282 659 665 -1
663 44.29475274422688 155.44654537160633 -284.10567243581073 660 666 -1
664 -16.25560752720985 135.03965831697568 -254.65791194402357 661 667 -1
665 -18.821368429632752 142.04508196513603 -253.8938486606314 662 668 -1
666 44.368453837948785 155.54728792482777 -283.96264235843756 663 669 -1
667 -16.23872004229296 134.8963224870141 -254.51209834824567 664 670 -1
668 -18.935780490713714 142.13491266564424 -253.77783756424904 665 671 -1
669 44.44429536391585 155.6468585533533 -283.81991099213417 666 672 -1
670 -16.221230943472882 134.75583324907777 -254.36360941332532 667 673 -1
671 -19.05183175295093 142.22366484595332 -253.66262731987618 668 674 -1
672 44.52222444690476 155.74526876937242 -283.6774994816203 669 675 -1
673 -16.2031375525884 134.61812676494603 -254.21260705456126 670 676 -1
674 -19.169511606398743 142.31132395083694 -253.5482351223516 671 677 -1
675 44.60223870386333 155.84250242371928 -283.53543650244063 672 678 -1
676 -16.184437699848925 134.48312957403675 -254.05925019827365 673 679 -1
677 -19.288809168303302 142.39787543163428 -253.43467821229916 674 680 -1
678 44.68424078322424 155.93859820383258 -283.3937332228859 675 681 -1
679 -16.165129026871295 134.35076256892734 -253.90369155422704 676 682 -1
680 -19.409712344761637 142.4833054015953 -253.32197337819645 677 683 -1
681 44.76823472326237 156.033537875923 -283.2524177290371 678 684 -1
682 -16.145209009240503 134.22094151716266 -253.74607774226536 679 685 -1
683 -19.53220785779306 142.56760066924707 -253.2101369163728 680 686 -1
684 44.85414935039588 156.12734749198364 -283.111502833756 681 687 -1
685 -16.124674971184035 134.093577646206 -253.5865493590067 682 688 -1
686 -19.65628127625582 142.6507487696271 -253.09918459247456 683 689 -1
687 44.94195241213016 156.22003152655623 -282.9710076097516 684 690 -1
688 -16.10352403660868 133.9685784836787 -253.42524086263586 685 691 -1
689 -19.781917724391317 142.7327374832159 -252.98913200304025 686 692 -1
690 45.031617725678444 156.31159131156997 -282.8309520973356 687 693 -1
691 -16.08175308651616 133.84584862328342 -253.26228055311978 688 694 -1
692 -19.909100887704106 142.81355560806657 -252.87999396710694 689 695 -1
693 45.1230781090875 156.40205407517703 -282.691345033101 690 696 -1
694 -16.059358722270854 133.7252904140752 -253.0977906328669 691 697 -1
695 -20.037812370746614 142.89319354764274 -252.77178404066694 692 698 -1
696 45.2163413039023 156.49140177560056 -282.55221338850845 693 699 -1
697 -16.036336808349176 133.6068059023197 -252.9318864562842 694 700 -1
698 -20.168033476366677 142.97164201977057 -252.6645155109778 695 701 -1
699 45.31131693090186 156.57967800115077 -282.41355694035474 696 702 -1
700 -16.01268359147191 133.49029361080943 -252.76467925153523 697 703 -1
701 -20.29974503408102 143.04889220015275 -252.5582012808772 698 704 -1
702 45.408032815493144 156.666852984728 -282.27540758490113 699 705 -1
703 -15.98839467371278 133.37565243214644 -252.59627396805715 700 706 -1
704 -20.432928230788416 143.12493504565276 -252.45285440979458 701 707 -1
705 45.50639401622877 156.75297532463136 -282.137760574831 702 708 -1
706 -15.963464497039217 133.26278305032093 -252.4267690212765 703 709 -1
707 -20.56755961539877 143.19976550793535 -252.34848471016434 704 710 -1
708 45.60642208478974 156.83801987910078 -282.00064563083055 705 711 -1
709 -15.937888500588826 133.1515823543464 -252.25626021094322 706 712 -1
710 -20.703618035397056 143.27337686783204 -252.24510328091353 707 713 -1
711 45.708038307839956 156.92202685385615 -281.86405987394437 708 714 -1
712 -15.911660138549037 133.04195157656426 -252.08483621758566 709 715 -1
713 -20.841081592955806 143.3457632334743 -252.14272050559651 710 716 -1
714 45.811255648055656 157.0049772554715 -281.7280300042178 711 717 -1
715 -15.884773842342398 132.93378902108424 -251.91258337039918 712 718 -1
716 -20.97992461880525 143.41692233619602 -252.04134373780605 713 719 -1
717 45.9160048007353 157.08690687659617 -281.5925535614214 714 720 -1
718 -15.857222606435093 132.82699599627665 -251.73958260083208 715 721 -1
719 -21.120126156758666 143.4868480097873 -251.94098345995536 716 722 -1
720 46.022296267488386 157.1677989315968 -281.45765608605797 717 723 -1
721 -15.828999210095585 132.72147398524072 -251.56591147380058 718 724 -1
722 -21.26165814970164 143.55554091443523 -251.84164444594845 719 725 -1
723 46.130064422309566 157.24768832963363 -281.3233339334341 720 726 -1
724 -15.800096316276038 132.61712477464152 -251.3916444220994 721 727 -1
725 -21.404498225903904 143.62299687007598 -251.74333538816347 722 728 -1
726 46.23932237159949 157.32655704015667 -281.18961343540485 723 729 -1
727 -15.770505813870901 132.51385171074543 -251.21685243308445 724 730 -1
728 -21.548617947328218 143.68921788151334 -251.64605973526002 725 731 -1
729 46.350003462677975 157.40444209505486 -281.0564880657183 726 732 -1
730 -15.740219136781262 132.41155908225653 -251.04160370029433 727 733 -1
731 -21.69399393876208 143.75420155494984 -251.5498245167953 728 734 -1
732 46.46212874878369 157.48131689354966 -280.92398544961145 729 735 -1
733 -15.709227261599091 132.31015214332842 -250.86596390769293 730 736 -1
734 -21.84059686124022 143.8179519058011 -251.45463126566005 731 737 -1
735 46.57562993614662 157.55721208851745 -280.79209093023496 732 738 -1
736 -15.677520699181835 132.20953712341128 -250.68999650523742 733 739 -1
737 -21.988402624041377 143.8804682461023 -251.36048537595744 734 740 -1
738 46.69054047488028 157.6320854039807 -280.660834224061 735 741 -1
739 -15.645089511680265 132.10962119404365 -250.51376298846543 736 742 -1
740 -22.13738188650423 143.9417558620534 -251.26738705800707 737 743 -1
741 46.806789486369105 157.70597045912587 -280.530197578362 738 744 -1
742 -15.611923331611816 132.01031243527157 -250.33732316255083 739 745 -1
743 -22.287508738840966 144.0018171308499 -251.17533887359122 740 746 -1
744 46.92440736765825 157.7788264188178 -280.40020984683247 741 747 -1
745 -15.578011255959632 131.91151987502926 -250.16073537656965 742 748 -1
746 -22.438755395414777 144.06065706914578 -251.08434100697386 743 749 -1
747 47.043335627535875 157.8506793461759 -280.2708576434137 744 750 -1
748 -15.543341991801597 131.81315332711424 -249.98405681246126 745 751 -1
749 -22.5910937377595 144.1182818168943 -250.9943925390816 746 752 -1
750 47.163592461980755 157.92149691717083 -280.14216448401623 747 753 -1
751 -15.507903778515024 131.71512340187618 -249.80734370853838 748 754 -1
752 -22.744497961562978 144.1746956319234 -250.90549405315042 749 755 -1
753 47.28513617588236 157.99129348773621 -280.01412413595983 750 756 -1
754 -15.471684411311761 131.61734143034647 -249.63065160478936 751 757 -1
755 -22.898938635302255 144.22990768088042 -250.8176417393867 752 758 -1
756 47.40797086727079 158.06004732313286 -279.88675337453964 753 759 -1
757 -15.434671248749195 131.51971939983488 -249.45403557809553 754 760 -1
758 -23.054389774785722 144.28392396181894 -250.73083440560973 755 761 -1
759 47.53207177853164 158.12775996312885 -279.7600540099896 756 762 -1
760 -15.396851222296387 131.42216988803764 -249.27755047289764 757 763 -1
761 -23.210823509719177 144.3367534945373 -250.6450680873502 758 764 -1
762 47.657428910458 158.194420986876 -279.634035519373 759 765 -1
763 -15.358210848268557 131.32460599732326 -249.1012511278546 760 766 -1
764 -23.368212214979195 144.38840591533184 -250.56033813068865 761 767 -1
765 47.78403390103881 158.26001852188028 -279.5087083166617 762 768 -1
766 -15.318736179167228 131.2269412768425 -248.9251926211324 763 769 -1
767 -23.5265305269046 144.43888889910474 -250.47664147643502 764 770 -1
768 47.91186331938068 158.3245536542561 -279.38407436635686 765 771 -1
769 -15.278412634893577 131.12908957228555 -248.74943058576642 766 772 -1
770 -23.68574999819515 144.48821491587833 -250.3939706851791 767 773 -1
771 48.040924026027376 158.38800104618957 -279.2601528902348 768 774 -1
772 -15.237225942428749 131.03096523288355 -248.57402107030012 769 775 -1
773 -23.845845449884784 144.53639319253855 -250.31232104712674 770 776 -1
774 48.17118043897425 158.45037291704548 -279.13693850175986 771 777 -1
775 -15.195161143930028 130.93248286385838 -248.3990210930194 772 778 -1
776 -24.006790292923853 144.5834357077979 -250.2316852682273 773 779 -1
777 48.30265288067554 158.51163099063228 -279.0144590457405 774 780 -1
778 -15.152202975769425 130.8335573269792 -248.22448875463115 775 781 -1
779 -24.16855848935364 144.6293547096612 -250.15205566612474 776 782 -1
780 48.4352954714282 158.57179763668245 -278.8927023591799 777 783 -1
781 -15.108335903534563 130.73410370875536 -248.0504834495869 778 784 -1
782 -24.331125692785633 144.67416107166866 -250.07342565463588 779 785 -1
783 48.56913968367569 158.63082279234374 -278.7717042988106 780 786 -1
784 -15.063543929333502 130.63403712672195 -247.87706623681837 781 787 -1
785 -24.49446547749802 144.71786957929808 -249.99578498963933 782 788 -1
786 48.70413274849529 158.6887363314934 -278.6514476277662 783 789 -1
787 -15.017811151075952 130.5332730517805 -247.70429972923233 784 790 -1
788 -24.658554916721936 144.76049103690255 -249.9191268774883 785 791 -1
789 48.84031140106698 158.7454812456417 -278.5319731177303 786 792 -1
790 -14.971121701302092 130.43172732153627 -247.53224831240104 787 793 -1
791 -24.823368392182 144.80204115815042 -249.84343995067522 788 794 -1
792 48.97762283298973 158.8010892237511 -278.4132630115253 789 795 -1
793 -14.923459443829158 130.32931586873968 -247.36097861353184 790 796 -1
794 -24.98888334854409 144.8425321710901 -249.76871586251943 791 797 -1
795 49.116099576387775 158.85551145124734 -278.29535976471976 792 798 -1
796 -14.874808245395734 130.22595489645983 -247.19055956957598 793 799 -1
797 -25.155075794309855 144.88197948340974 -249.69494324402805 794 800 -1
798 49.25569163899524 158.90878537110393 -278.1782499461531 795 801 -1
799 -14.825152054852332 130.12156094003848 -247.0210626176216 796 802 -1
800 -25.321923641877994 144.9203966192272 -249.62211230952056 797 803 -1
801 49.396429211412766 158.96086583118804 -278.0619773287292 798 804 -1
802 -14.774474992148619 130.01605095131245 -246.85256187783588 799 805 -1
803 -25.489404160397136 144.9577991480394 -249.5502112743527 800 806 -1
804 49.53826353050575 159.01178989161767 -277.946528079442 801 807 -1
805 -14.722761447777316 129.90934240708057 -246.68513432692694 802 808 -1
806 -25.65749617886746 144.99420118364543 -249.47922955996896 803 809 -1
807 49.681227198071454 159.06150864737393 -277.8319497437111 804 810 -1
808 -14.66999619327756 129.8013534437624 -246.51885995968823 805 811 -1
809 -25.826177875974377 145.0296189561974 -249.4091545168966 806 812 -1
810 49.825270951703644 159.11006044069492 -277.7182269398671 807 813 -1
811 -14.616164503314861 129.69200302012555 -246.3538219357495 808 814 -1
812 -25.995429394311564 145.06406645429539 -249.3399754385603 809 815 -1
813 49.970426437481805 159.15739606078586 -277.6054085910847 810 816 -1
814 -14.56125228973572 129.58121110982674 -246.190106708198 811 817 -1
815 -26.165229561187704 145.09756096725076 -249.2716784482236 812 818 -1
816 50.11665081681894 159.20354745472514 -277.493483530005 813 819 -1
817 -14.505246247836922 129.46889892531198 -246.02780413025977 814 820 -1
818 -26.33555997811746 145.1301159965987 -249.20425305861534 815 821 -1
819 50.263965300680375 159.24847559845202 -277.38249411577806 816 822 -1
820 -14.44813401488816 129.35498917433853 -245.86700753575283 817 823 -1
821 -26.506400483757993 145.16174919930663 -249.1376848129844 818 824 -1
822 50.41234258707742 159.29219535591167 -277.2724419153623 819 825 -1
823 -14.389904340696532 129.23940635000017 -245.70781378856026 820 826 -1
824 -26.677732969579495 145.19247560184897 -249.07196158353833 821 827 -1
825 50.56178704135907 159.33468562881396 -277.1633563171295 822 828 -1
826 -14.330547269699686 129.12207705464863 -245.5503232959384 823 829 -1
827 -26.849539518868333 145.22231086852003 -249.0070705424906 824 830 -1
828 50.71229178399823 159.37593751980324 -277.0552576721226 825 831 -1
829 -14.27005433371767 129.0029303574928 -245.39463998010075 826 832 -1
830 -27.021802091235248 145.25127194984876 -248.9429975511479 827 833 -1
831 50.86383915775176 159.41595480084595 -276.94815611625467 828 834 -1
832 -14.208418754081698 128.88189818491787 -245.24087120222515 829 835 -1
833 -27.194504190923645 145.27937385433952 -248.87973018396718 830 836 -1
834 51.01644782498068 159.45469728707752 -276.842097948681 831 837 -1
835 -14.145635651392839 128.75891574169117 -245.08912763286034 832 838 -1
836 -27.367629157865238 145.30663289691446 -248.81725469155592 833 839 -1
837 51.170084454746345 159.49218689882963 -276.7370788237759 834 840 -1
838 -14.081702260650129 128.63392196021408 -244.9395230626877 835 841 -1
839 -27.54116070883257 145.33306567743477 -248.75555695518418 836 842 -1
840 51.3247632779042 159.52838734091534 -276.6331427713357 837 843 -1
841 -14.016617760276763 128.50685925647127 -244.79217495088406 838 844 -1
842 -27.715083489151755 145.35868791304483 -248.6946235903254 839 845 -1
843 51.48047240591583 159.5632934685197 -276.53030839089246 840 846 -1
844 -13.95038449474125 128.3776758331528 -244.64720212775197 841 847 -1
845 -27.889382809597265 145.38351488828368 -248.6344415308412 842 848 -1
846 51.63719635945288 159.5969047153445 -276.4285902300939 843 849 -1
847 -13.883007506968964 128.24632501274215 -244.50472561347405 844 850 -1
848 -28.06404367882439 145.40756350871413 -248.57499608815925 845 851 -1
849 51.79495410073792 159.62917521862389 -276.3280426945249 846 852 -1
850 -13.814494656350476 128.11276556265528 -244.36486836704623 847 853 -1
851 -28.239052051292585 145.43084964071272 -248.5162734667962 848 854 -1
852 51.95372103277707 159.66011457119723 -276.22867233611595 849 855 -1
853 -13.744856955424867 127.9769624663271 -244.22775443030264 850 856 -1
854 -28.41439433501518 145.45338910298844 -248.458259832023 851 857 -1
855 52.113488453524816 159.68971117259008 -276.1305036713965 852 858 -1
856 -13.674108737699106 127.83888741105555 -244.09350828096225 853 859 -1
857 -28.59005758100122 145.47519719571102 -248.40094176101888 854 860 -1
858 52.274260988903116 159.7179322486071 -276.03357871611854 855 861 -1
859 -13.602267531504161 127.698518671191 -243.96225488347406 856 862 -1
860 -28.766028938219844 145.49628991511238 -248.34430509011997 857 863 -1
861 52.436007391453224 159.7447930637476 -275.9378956843646 858 864 -1
862 -13.529354968219982 127.5558432158684 -243.83411666354834 859 865 -1
863 -28.94229600782449 145.5166831410005 -248.28833568818575 860 866 -1
864 52.59870720213462 159.77029475299636 -275.84346536398743 861 867 -1
865 -13.455396185168567 127.41085570668066 -243.70921434771688 862 868 -1
866 -29.118846921359893 145.53639240765858 -248.23301967873982 863 869 -1
867 52.76234804148715 159.79442671502292 -275.75030953330713 864 870 -1
868 -13.380419887176902 127.26355883748003 -243.58766601743184 865 871 -1
869 -29.295670214844883 145.55543316079732 -248.17834319818684 866 872 -1
870 52.926918506953434 159.8171760419221 -275.65845257383825 867 873 -1
871 -13.304458430107823 127.11396377108164 -243.4695858346908 868 874 -1
872 -29.47275481838687 145.57382075154322 -248.12429240409145 869 875 -1
873 53.09238740666013 159.83855960095136 -275.5678908475421 870 876 -1
874 -13.227547747264268 126.96209026470339 -243.35508301880304 871 877 -1
875 -29.650090045693332 145.5915704310709 -248.07085348280717 872 878 -1
876 53.25873585258197 159.8585763816919 -275.47863743172474 873 879 -1
877 -13.14972712948363 126.80796646172527 -243.2442612000451 874 880 -1
878 -29.827665583516442 145.60869734584998 -248.0180126564782 875 881 -1
879 53.42594447358396 159.8772261456075 -275.39070475565984 876 882 -1
880 -13.071038822564178 126.651628194073 -243.13721855767008 877 883 -1
881 -30.005471481064124 145.62521653347852 -247.96575618943746 878 884 -1
882 53.59400479715818 159.89449050860665 -275.3041232137864 879 885 -1
883 -12.991528830527473 126.4931214869527 -243.034042111581 880 886 -1
884 -30.183498139407344 145.6411429190749 -247.91407039402455 881 887 -1
885 53.762883596346455 159.91039155661437 -275.21888376652424 882 888 -1
886 -12.911245431084353 126.33249921991776 -242.93481188364694 883 889 -1
887 -30.361736300910916 145.65649131220016 -247.86294163584577 884 890 -1
888 53.932560178577575 159.92493168496662 -275.13499642232495 885 891 -1
889 -12.830238545735842 126.16981962171195 -242.83960268893745 886 892 -1
890 -30.54017703871271 145.671276404284 -247.81235633850207 887 893 -1
891 54.10301349216571 159.93811413280605 -275.0524703860474 888 894 -1
892 -12.748561326454405 126.00515135393799 -242.74847235300666 889 895 -1
893 -30.718811746272696 145.68551276652764 -247.76230098780502 890 896 -1
894 54.27422217334618 159.94994297215885 -274.9713140487367 891 897 -1
895 -12.666267649694888 125.8385669120534 -242.66147279066226 892 898 -1
896 -30.897632127012084 145.6992148482582 -247.71276213550698 893 899 -1
897 54.446168123226656 159.9604164298486 -274.89154185041883 894 900 -1
898 -12.583412425596116 125.67014384020989 -242.57864622510652 895 901 -1
899 -31.076630184059407 145.7123969757092 -247.6637264025654 896 902 -1
900 54.618829062139675 159.9695404810653 -274.81316044037976 897 903 -1
901 -12.5 125.5 -242.5 898 -1 -1
902 -31.255798210119146 145.72507335120278 -247.6151804819656 899 904 -1
903 54.79217899265239 159.9773290090491 -274.73616815040486 900 905 -1
904 -31.43512877747588 145.73725805271124 -247.5671111411222 902 906 -1
905 54.966195838848954 159.98378922160916 -274.6605700862174 903 907 -1
906 -31.614614728145543 145.7489650337741 -247.51950522388123 904 908 -1
907 55.14085744018719 159.98892907488394 -274.58637052895835 905 909 -1
908 -31.7942491641833 145.76020812375003 -247.4723496521433 906 910 -1
909 55.31614159522303 159.99275725158276 -274.51357293979083 907 911 -1
910 -31.974025439246 145.77100102486915 -247.42563143054366 908 912 -1
911 55.49202610416007 159.99528313785478 -274.4421799667628 909 913 -1
912 -32.15393727915918 145.78135688734974 -247.37933806151452 910 914 -1
913 55.668488810072255 159.99651679893526 -274.37219345382636 911 915 -1
914 -32.333978375301605 145.79128959901712 -247.33345629302283 912 916 -1
915 55.845508613021465 159.9964666357327 -274.30361702137367 913 917 -1
916 -32.51414277519552 145.8008125050945 -247.287973364496 914 918 -1
917 56.02306454443124 159.9951413395768 -274.2364539828364 915 919 -1
918 -32.69442474063253 145.80993883210186 -247.24287659661402 916 920 -1
919 56.201132398598 159.99255847357134 -274.1706976575928 917 921 -1
920 -32.87481873903559 145.81868168970786 -247.19815339106086 918 922 -1
921 56.37969061457331 159.98873051706877 -274.1063468293952 919 923 -1
922 -33.05531958240341 145.8270535535497 -247.15379173622108 920 924 -1
923 56.5587178533091 159.98367049487555 -274.04339955120867 921 925 -1
924 -33.235921972094474 145.83506782753284 -247.10977868585599 922 926 -1
925 56.73819302869112 159.97739194880347 -273.9818531643861 923 927 -1
926 -33.41662093969853 145.84273729473296 -247.0661018700373 924 928 -1
927 56.918095336631225 159.96990890900955 -273.9217043190948 925 929 -1
928 -33.59741170737934 145.85007456658428 -247.02274905901461 926 930 -1
929 57.09840428218828 159.96123586525488 -273.8629489958523 927 931 -1
930 -33.77828976246531 145.85709177547918 -246.97970846445176 928 932 -1
931 57.279099704702034 159.95138773820787 -273.805582528034 929 933 -1
932 -33.95925049395664 145.86380189352798 -246.93696745412154 930 934 -1
933 57.4601618009362 159.94037985090876 -273.74959962520916 931 935 -1
934 -34.140289581559806 145.87021728617893 -246.89451396409245 932 936 -1
935 57.641570109750695 159.92822797343928 -273.6949908986053 933 937 -1
936 -34.32140295417078 145.8763498144123 -246.85233640022852 934 938 -1
937 57.82328475949147 159.91494976199812 -273.64167791676545 935 939 -1
938 -34.502586488492284 145.88221196178722 -246.81042253987636 936 940 -1
939 58.005247868307265 159.90056520944603 -273.58951132824797 937 941 -1
940 -34.68383623749867 145.8878159526183 -246.76876039336352 938 942 -1
941 58.18740336015512 159.88509538836263 -273.53833574911977 939 943 -1
942 -34.86514850642878 145.89317341446446 -246.7273385337708 940 944 -1
943 58.36969779237654 159.86856226637892 -273.48799385637733 941 945 -1
944 -35.04651954983062 145.8982965480582 -246.68614495752254 942 946 -1
945 58.552080092487586 159.85098860626042 -273.4383269674383 943 947 -1
946 -35.2279457689633 145.9031973370095 -246.64516785615714 944 948 -1
947 58.73450126560049 159.83239788310024 -273.3891755824782 945 949 -1
948 -35.40942380888612 145.9078871176383 -246.60439603512418 946 950 -1
949 58.91691395439701 159.81281198832835 -273.3403803399988 947 951 -1
950 -35.59095019480205 145.91237803921152 -246.56381749412841 948 952 -1
951 59.09927214886486 159.79225673438128 -273.2917804556836 949 953 -1
952 -35.77252167648877 145.916681641994 -246.52342081154458 950 954 -1
953 59.28153113017807 159.77075842636788 -273.2432164139137 951 955 -1
954 -35.95413510096824 145.92080934782362 -246.48319466711123 952 956 -1
955 59.46364692631087 159.74834285972125 -273.1945301119879 953 957 -1
956 -36.13578728308422 145.92477299022028 -246.4431273298475 954 958 -1
957 59.64557599343651 159.725036362025 -273.1455649079717 955 959 -1
958 -36.317475251438076 145.92858375494376 -246.40320768463422 956 960 -1
959 59.827274900453794 159.70086579139598 -273.09616603796826 957 961 -1
960 -36.49919598562207 145.9322532752925 -246.3634241734381 958 962 -1
961 60.008700031193854 159.67585854275762 -273.04618103043043 959 963 -1
962 -36.68094658096486 145.9357929117165 -246.3237654927553 960 964 -1
963 60.189807697092746 159.65004250378473 -272.99546152232796 961 965 -1
964 -36.86272421030143 145.93921389038158 -246.28422045875638 962 966 -1
965 60.370573282357824 159.6234431604569 -272.94393282319373 963 967 -1
966 -37.04452602467903 145.9425277232058 -246.24477760708146 964 968 -1
967 60.55100531121969 159.59608096002952 -272.8916400277775 965 969 -1
968 -37.22634932118708 145.94574544540177 -246.20542592067818 966 970 -1
969 60.7311164701346 159.56797515344658 -272.83864009254523 967 971 -1
970 -37.40819133903566 145.94887850438582 -246.1661539852849 968 972 -1
971 60.910919484887174 159.5391432226429 -272.78498779167984 969 973 -1
972 -37.59004942194276 145.95193801358874 -246.12695069734232 970 974 -1
973 61.09042635988904 159.50959903363292 -272.7307346517191 971 975 -1
974 -37.77192091533897 145.9549351957253 -246.08780484547202 972 976 -1
975 61.269653306673376 159.47936502756633 -272.6759387693348 973 977 -1
976 -37.95380319074654 145.9578812560602 -246.04870523243852 974 978 -1
977 61.44861470246964 159.44845793768718 -272.6206526307926 975 979 -1
978 -38.13569365866599 145.96078729719463 -246.00964074898548 976 980 -1
979 61.62732521290217 159.41689391512824 -272.56492778360183 977 981 -1
980 -38.31758971884617 145.96366454306204 -245.97060017892696 978 982 -1
981 61.80579975269417 159.3846885528245 -272.50881491881734 979 983 -1
982 -38.49948880574394 145.96652408689818 -245.93157241167546 980 984 -1
983 61.98405345042766 159.35185690960571 -272.45236395339356 981 985 -1
984 -38.68138834400976 145.96937710899516 -245.8925462706832 982 986 -1
985 62.16210038863278 159.31840966337384 -272.39562256743943 983 987 -1
986 -38.863285765385776 145.97223474832444 -245.85351060232747 984 988 -1
987 62.33995655960415 159.28436185809446 -272.3386405842396 985 989 -1
988 -39.04517849649099 145.97510816243246 -245.81445424302993 986 990 -1
989 62.51763860709922 159.24973016397868 -272.2814675674109 987 991 -1
990 -39.22706395960881 145.97800849815303 -245.77536604038957 988 992 -1
991 62.69516234189776 159.21452774164578 -272.2241514810554 989 993 -1
992 -39.408939544916926 145.98094698613787 -245.73623475078554 990 994 -1
993 62.87256163374544 159.17876265569663 -272.16679842071835 991 995 -1
994 -39.59080266005454 145.9839347323875 -245.69704927394318 992 996 -1
995 63.04992183432675 159.1424288037671 -272.1096825349885 993 997 -1
996 -39.772650631853814 145.98698308927848 -245.65779824466912 994 998 -1
997 63.22733930282953 159.10551013511443 -272.0531225010346 995 999 -1
998 -39.954480822642005 145.99010317666972 -245.61847055587012 996 1000 -1
999 63.40490730068196 159.06800124574912 -271.99743036537484 997 1001 -1
1000 -40.136290512786914 145.9933063354185 -245.57905486929891 998 1002 -1
1001 63.58271478450735 159.02989209865316 -271.9429231853184 999 1003 -1
1002 -40.31807695377255 145.99660389785205 -245.53953986486488 1000 1004 -1
1003 63.76084623644799 158.991171683829 -271.889926440031 1001 1005 -1
1004 -40.5 146.0 -245.5 1002 -1 -1
1005 63.9393801529953 158.95182938057846 -271.83877516108004 1003 1006 -1
1006 64.11838736796625 158.91185547756504 -271.78981573599157 1005 1007 -1
1007 64.2979315238376 158.8712390805675 -271.7434197162926 1006 1008 -1
1008 64.47806161238478 158.82997490222155 -271.69996185592635 1007 1009 -1
1009 64.65880941598718 158.78806286020105 -271.65981844258715 1008 1010 -1
1010 64.84019122392384 158.74550424670733 -271.62339085266854 1009 1011 -1
1011 65.02220222087924 158.7023054556434 -271.591094087374 1010 1012 -1
1012 65.20481282496786 158.65847915832535 -271.5633547984045 1011 1013 -1
1013 65.38796489347902 158.6140455492496 -271.54060801426346 1012 1014 -1
1014 65.57156796758403 158.56903361729567 -271.52329179397225 1013 1015 -1
1015 65.75548561960045 158.52348491021417 -271.51163955404155 1014 1016 -1
1016 65.9395416586588 158.47745247606454 -271.50522562062156 1015 1017 -1
1017 66.12359253524268 158.43098287843446 -271.5034561180789 1016 1018 -1
1018 66.30753771086034 158.38411305776623 -271.50572273125096 1017 1019 -1
1019 66.49131468705484 158.33687104540465 -271.5114109375849 1018 1020 -1
1020 66.6748933011278 158.28927697332824 -271.519905636192 1019 1021 -1
1021 66.85826973618725 158.24134426648615 -271.5305945089755 1020 1022 -1
1022 67.04146053129818 158.19308093885334 -271.5428695163799 1021 1023 -1
1023 67.22449674076364 158.14449094571486 -271.55612695596517 1022 1024 -1
1024 67.40741828626489 158.09557557065182 -271.5697665053776 1023 1025 -1
1025 67.59026847252167 158.04633484504876 -271.58318965193075 1024 1026 -1
1026 67.77308859410759 157.99676901039794 -271.5957978925576 1025 1027 -1
1027 67.95591254551552 157.94688003920854 -271.6069910782522 1026 1028 -1
1028 68.13876135709508 157.89667322875397 -271.6161662791305 1027 1029 -1
1029 68.32163761629626 157.8461588726744 -271.6227175579861 1028 1030 -1
1030 68.50451853769104 157.79535179228876 -271.6260887049494 1029 1031 -1
1031 68.68734899534626 157.74425104316487 -271.62622495865514 1030 1032 -1
1032 68.87007104341586 157.69284241009444 -271.62336202156445 1031 1033 -1
1033 69.05263796115196 157.64110954057085 -271.6177483081668 1032 1034 -1
1034 69.2350131702711 157.58903325542312 -271.6096295813846 1033 1035 -1
1035 69.41716938549654 157.53659214853323 -271.5992519767053 1034 1036 -1
1036 69.59908764308828 157.48376281104083 -271.58686109101626 1035 1037 -1
1037 69.78075630318955 157.43052005580245 -271.57270131252193 1036 1038 -1
1038 69.96217004863539 157.37683713934203 -271.5570153644386 1037 1039 -1
1039 70.1433288964681 157.32268598002142 -271.5400440335266 1038 1040 -1
1040 70.32423723283975 157.26803737244617 -271.52202605419853 1039 1041 -1
1041 70.50490287733592 157.21286119920111 -271.50319811949396 1040 1042 -1
1042 70.68533617903688 157.15712664188786 -271.4837949913001 1041 1043 -1
1043 70.86554914380069 157.10080239412238 -271.46404968351794 1042 1044 -1
1044 71.04555459024645 157.043856879664 -271.4441936932235 1043 1045 -1
1045 71.22536533066317 156.98625847919197 -271.42445725608997 1044 1046 -1
1046 71.40499337250634 156.927975769431 -271.40506960333846 1045 1047 -1
1047 71.58444913621511 156.86897777834773 -271.3862591982109 1046 1048 -1
1048 71.76374068574715 156.80923425998435 -271.3682539304341 1047 1049 -1
1049 71.94287218253204 156.74871198713143 -271.351287556224 1048 1050 -1
1050 72.12184532015957 156.68738610803314 -271.3355844214486 1049 1051 -1
1051 72.30065658903301 156.62523100638637 -271.32137051562034 1050 1052 -1
1052 72.47929701779886 156.562222602886 -271.30887192871614 1051 1053 -1
1053 72.65775158460119 156.4983393028815 -271.2983138049388 1052 1054 -1
1054 72.83599855178313 156.4335624265366 -271.2899198552153 1053 1055 -1
1055 73.01400885072763 156.36787665938098 -271.2839116881354 1054 1056 -1
1056 73.191745536444 156.30127051619962 -271.2805079454735 1055 1057 -1
1057 73.36916333559493 156.23373680843162 -271.27992323299884 1056 1058 -1
1058 73.54620831532043 156.16527310228332 -271.28236684345313 1057 1059 -1
1059 73.72281334540457 156.0958743013211 -271.28807061768197 1058 1060 -1
1060 73.89890917122317 156.02555599019888 -271.297205948615 1059 1061 -1
1061 74.07441511391129 155.9543326861736 -271.30995633046456 1060 1062 -1
1062 74.24925708387744 155.88223566799127 -271.3263885964207 1061 1063 -1
1063 74.42340355831996 155.80932735404582 -271.34627124967346 1062 1064 -1
1064 74.59684401801104 155.735670325723 -271.36931977446994 1063 1065 -1
1065 74.76957250759307 155.66131353954893 -271.3952867554411 1064 1066 -1
1066 74.94160740558756 155.58631331880508 -271.4238765160453 1065 1067 -1
1067 75.11297318703433 155.51071666750897 -271.45481878528875 1066 1068 -1
1068 75.2836997936637 155.43456352529873 -271.48786062686867 1067 1069 -1
1069 75.45381822950742 155.3578847901352 -271.52277248174767 1068 1070 -1
1070 75.62337069245298 155.2807122298229 -271.5593123505065 1069 1071 -1
1071 75.79240878089684 155.2030785310025 -271.5972332091332 1070 1072 -1
1072 75.96098163782847 155.12500838818966 -271.63631224346847 1071 1073 -1
1073 76.12913376984483 155.04651593597083 -271.6763467901632 1072 1074 -1
1074 76.29692737814474 154.96762855496345 -271.71710313521413 1073 1075 -1
1075 76.46441822721887 154.8883648247504 -271.75837172249476 1074 1076 -1
1076 76.6316591967301 154.8087357821795 -271.799949478299 1075 1077 -1
1077 76.79870918178497 154.72875973426278 -271.8416289155058 1076 1078 -1
1078 76.96560768294744 154.64846284898485 -271.8832983815708 1077 1079 -1
1079 77.13237024948987 154.56787456757095 -271.924949575174 1078 1080 -1
1080 77.29901324357643 154.48702922527465 -271.96658118776065 1079 1081 -1
1081 77.46555397821382 154.40596284862787 -272.0081921948324 1080 1082 -1
1082 77.63200750775643 154.32470626084353 -272.0497811446186 1081 1083 -1
1083 77.79839001831049 154.24329240649126 -272.0913467165487 1082 1084 -1
1084 77.96471859131383 154.16175604695897 -272.1328880333205 1083 1085 -1
1085 78.13100895710198 154.0801287324637 -272.1744036883992 1084 1086 -1
1086 78.29727751318046 153.99844325051845 -272.2158922834289 1085 1087 -1
1087 78.4635408632518 153.91673303799652 -272.25735303549834 1086 1088 -1
1088 78.6298152324916 153.8350304219961 -272.2987845569719 1087 1089 -1
1089 78.79611755151934 153.7533690882978 -272.34018527216864 1088 1090 -1
1090 78.96246377149828 153.6717812281227 -272.3815544575238 1089 1091 -1
1091 79.12887030264615 153.59029975675324 -272.4228907476526 1090 1092 -1
1092 79.29535513731636 153.50896072021715 -272.4641922306509 1091 1093 -1
1093 79.46193332231263 153.42779499451228 -272.5054582351566 1092 1094 -1
1094 79.62861961318431 153.3468366475667 -272.5466950557653 1093 1095 -1
1095 79.79542241151269 153.26613013569553 -272.5879543849792 1094 1096 -1
1096 79.96234219716195 153.18571279509752 -272.6293050680674 1095 1097 -1
1097 80.12938094358084 153.10562520683467 -272.67081499204113 1096 1098 -1
1098 80.29654194000291 153.02591365421657 -272.71255590128857 1097 1099 -1
1099 80.46382653766449 152.9466211180173 -272.75459852519685 1098 1100 -1
1100 80.63123449513427 152.86778659953674 -272.7970097266957 1099 1101 -1
1101 80.79876617505008 152.78945342516968 -272.83985900918736 1100 1102 -1
1102 80.96642364572268 152.71167732483394 -272.8832277893701 1101 1103 -1
1103 81.13420320588386 152.63449295073798 -272.92717745009907 1102 1104 -1
1104 81.30210271255166 152.55794566237756 -272.97177831218477 1103 1105 -1
1105 81.47011956679499 152.4820853098973 -273.01710496647297 1104 1106 -1
1106 81.63825024586791 152.40696609543795 -273.0632365223719 1105 1107 -1
1107 81.80648749107233 152.33262631472948 -273.1102337618907 1106 1108 -1
1108 81.97482427762463 152.25911442066564 -273.15816733476964 1107 1109 -1
1109 82.14325255541283 152.18648500355917 -273.2071139968451 1108 1110 -1
1110 82.31176237451625 152.11479468843945 -273.257152013416 1109 1111 -1
1111 82.48034072013657 152.04408380123587 -273.3083392765792 1110 1112 -1
1112 82.6489738333986 151.97440373965077 -273.36074506829823 1111 1113 -1
1113 82.81764608440182 151.9058098693608 -273.4144419628922 1112 1114 -1
1114 82.98633955815045 151.8383680473999 -273.46951358438673 1113 1115 -1
1115 83.1550337500149 151.77211641863224 -273.52600876113735 1114 1116 -1
1116 83.32370650444345 151.7071084210378 -273.58399277751766 1115 1117 -1
1117 83.49233339840876 151.6433977255352 -273.6435293923989 1116 1118 -1
1118 83.66088618274583 151.58105854849094 -273.70470497498525 1117 1119 -1
1119 83.82933601795926 151.52012868107158 -273.76756033076816 1118 1120 -1
1120 83.99765143774545 151.46065909133105 -273.8321500578991 1119 1121 -1
1121 84.16579847958147 151.40270285227547 -273.8985292330608 1120 1122 -1
1122 84.33373824261356 151.34632963104505 -273.9667702495516 1121 1123 -1
1123 84.5014318982703 151.29158616818023 -274.0369162127821 1122 1124 -1
1124 84.66883984073888 151.23851290819462 -274.1090009753595 1123 1125 -1
1125 84.83591910649143 151.1871588955083 -274.18306646095334 1124 1126 -1
1126 85.00261994058478 151.13759248054765 -274.2591743824061 1125 1127 -1
1127 85.1688956327467 151.0898541178058 -274.3373522039761 1126 1128 -1
1128 85.3347005894735 151.04397416330926 -274.4176143989539 1127 1129 -1
1129 85.5 151.0 -274.5 1128 -1 -1
