0 -17.0 -17.0 -140.0 -1 1 -1
1 -16.5 -17.0 -139.5 0 2 -1
2 -16.5 -17.0 -139.0 1 3 -1
3 -16.5 -17.0 -138.5 2 4 -1
4 -16.5 -16.5 -138.0 3 5 -1
5 -16.5 -16.5 -137.5 4 6 -1
6 -16.0 -16.5 -137.0 5 7 -1
7 -16.0 -16.5 -136.5 6 8 -1
8 -15.5 -16.5 -136.0 7 9 -1
9 -15.5 -16.5 -135.5 8 10 -1
10 -15.0 -16.5 -135.0 9 11 -1
11 -15.5 -16.0 -134.5 10 12 -1
12 -15.0 -16.0 -134.0 11 13 -1
13 -15.0 -16.0 -133.5 12 14 -1
14 -15.0 -15.5 -133.0 13 15 -1
15 -15.0 -15.5 -132.5 14 16 -1
16 -14.5 -16.0 -132.0 15 17 -1
17 -14.5 -16.0 -131.5 16 18 -1
18 -14.5 -16.0 -131.0 17 19 -1
19 -14.0 -16.0 -130.5 18 20 -1
20 -14.0 -15.5 -130.0 19 21 -1
21 -14.0 -15.5 -129.5 20 22 -1
22 -14.0 -15.5 -129.0 21 23 -1
23 -14.0 -15.5 -128.5 22 24 -1
24 -14.5 -15.0 -128.0 23 25 -1
25 -14.0 -15.5 -127.5 24 26 -1
26 -14.5 -15.0 -127.0 25 27 -1
27 -14.0 -15.0 -126.5 26 28 -1
28 -14.0 -15.0 -126.0 27 29 -1
29 -14.5 -14.5 -125.5 28 30 -1
30 -14.0 -14.5 -125.0 29 31 -1
31 -14.0 -14.5 -124.5 30 32 -1
32 -14.0 -14.5 -124.0 31 33 -1
33 -14.5 -14.0 -123.5 32 34 -1
34 -14.5 -14.0 -123.0 33 35 36
35 -15.0 -13.5 -122.5 34 37 -1
36 -14.0 -14.0 -122.5 34 38 -1
37 -15.5 -13.0 -122.0 35 39 -1
38 -13.5 -14.0 -122.0 36 40 -1
39 -15.5 -13.0 -121.5 37 41 -1
40 -13.0 -14.0 -122.0 38 42 -1
41 -16.0 -13.0 -121.0 39 43 -1
42 -12.5 -14.0 -122.0 40 44 -1
43 -16.5 -13.0 -120.5 41 45 -1
44 -12.0 -14.0 -121.5 42 46 -1
45 -17.0 -13.0 -120.0 43 47 -1
46 -11.5 -14.5 -121.5 44 48 -1
47 -17.5 -13.0 -119.5 45 49 -1
48 -11.0 -14.5 -121.5 46 50 -1
49 -18.0 -13.0 -119.0 47 51 -1
50 -10.5 -14.5 -121.5 48 52 -1
51 -18.5 -13.5 -118.5 49 53 -1
52 -10.0 -15.0 -121.5 50 54 -1
53 -19.0 -13.5 -118.0 51 55 -1
54 -9.5 -15.0 -121.5 52 56 -1
55 -19.5 -13.5 -117.5 53 57 -1
56 -9.0 -15.5 -121.5 54 58 -1
57 -20.0 -13.5 -117.0 55 59 -1
58 -8.5 -15.0 -121.0 56 60 -1
59 -20.5 -14.0 -117.0 57 61 -1
60 -8.0 -15.5 -121.5 58 62 -1
61 -21.0 -14.0 -116.5 59 63 -1
62 -7.5 -15.5 -121.5 60 64 -1
63 -21.5 -14.5 -116.0 61 65 -1
64 -7.0 -15.0 -121.0 62 66 -1
65 -22.0 -14.5 -115.5 63 67 -1
66 -6.5 -15.0 -121.0 64 68 -1
67 -22.5 -14.5 -115.0 65 69 -1
68 -6.0 -15.0 -121.0 66 70 -1
69 -23.0 -14.5 -115.0 67 71 -1
70 -5.5 -15.0 -120.5 68 72 -1
71 -23.5 -14.5 -114.5 69 73 -1
72 -5.0 -15.0 -120.5 70 74 -1
73 -24.0 -14.5 -114.0 71 75 -1
74 -4.5 -15.0 -120.5 72 76 -1
75 -24.5 -15.0 -114.0 73 77 -1
76 -4.0 -14.5 -120.0 74 78 -1
77 -25.0 -15.0 -113.5 75 79 -1
78 -3.5 -14.5 -120.0 76 80 -1
79 -25.5 -15.0 -113.5 77 81 -1
80 -3.0 -15.0 -120.0 78 82 -1
81 -26.0 -15.0 -113.0 79 83 -1
82 -2.5 -15.0 -120.0 80 84 -1
83 -26.5 -15.0 -112.5 81 85 -1
84 -2.0 -15.0 -120.0 82 86 -1
85 -27.0 -15.0 -112.5 83 87 -1
86 -1.5 -15.0 -120.0 84 88 -1
87 -27.5 -15.0 -112.0 85 89 -1
88 -1.0 -15.0 -120.0 86 90 -1
89 -28.0 -15.0 -111.5 87 91 -1
90 -0.5 -14.5 -119.5 88 92 -1
91 -28.5 -15.0 -111.5 89 93 -1
92 0.0 -15.0 -119.5 90 94 -1
93 -29.0 -15.5 -111.5 91 95 -1
94 0.5 -14.5 -119.0 92 96 -1
95 -29.5 -15.5 -111.0 93 97 -1
96 1.0 -14.5 -119.0 94 98 -1
97 -30.0 -15.5 -110.5 95 99 -1
98 1.5 -14.5 -118.5 96 100 -1
99 -30.5 -15.5 -110.5 97 101 -1
100 2.0 -14.5 -118.5 98 102 -1
101 -31.0 -15.5 -110.0 99 103 -1
102 2.5 -14.5 -118.5 100 104 -1
103 -31.5 -15.5 -110.0 101 105 -1
104 3.0 -14.5 -118.0 102 106 -1
105 -32.0 -15.0 -109.5 103 107 -1
106 3.5 -14.0 -118.0 104 108 -1
107 -32.5 -15.0 -109.5 105 109 -1
108 4.0 -14.0 -117.5 106 110 -1
109 -33.0 -15.0 -109.0 107 111 -1
110 4.5 -14.0 -117.5 108 112 -1
111 -33.5 -15.0 -109.0 109 113 -1
112 5.0 -14.0 -117.0 110 114 -1
113 -34.0 -15.0 -108.5 111 115 -1
114 5.5 -13.5 -117.0 112 116 -1
115 -34.5 -15.0 -108.5 113 117 -1
116 6.0 -13.5 -116.5 114 118 -1
117 -35.0 -15.0 -108.5 115 119 -1
118 6.5 -13.5 -116.0 116 120 -1
119 -35.5 -14.5 -108.0 117 121 -1
120 7.0 -13.0 -116.0 118 122 -1
121 -36.0 -14.5 -108.0 119 123 -1
122 7.5 -13.0 -115.5 120 124 -1
123 -36.5 -14.0 -107.5 121 125 -1
124 8.0 -13.0 -115.0 122 126 -1
125 -37.0 -14.0 -107.0 123 127 -1
126 8.5 -12.5 -115.0 124 128 -1
127 -37.5 -13.5 -107.0 125 129 -1
128 9.0 -12.5 -114.5 126 130 -1
129 -38.0 -13.5 -106.5 127 131 -1
130 9.5 -12.0 -114.0 128 132 -1
131 -38.5 -13.5 -106.5 129 133 -1
132 10.0 -11.5 -113.5 130 134 -1
133 -39.0 -13.5 -106.5 131 135 -1
134 10.5 -11.5 -113.5 132 136 -1
135 -39.5 -13.0 -106.0 133 137 -1
136 11.0 -11.0 -113.0 134 138 -1
137 -40.0 -13.0 -105.5 135 139 -1
138 11.5 -10.5 -112.5 136 140 -1
139 -40.5 -13.0 -105.5 137 141 -1
140 12.0 -10.5 -112.0 138 142 -1
141 -41.0 -13.0 -105.0 139 143 -1
142 12.5 -10.0 -111.5 140 144 -1
143 -41.5 -12.5 -105.0 141 145 -1
144 13.0 -9.5 -111.0 142 146 -1
145 -42.0 -12.5 -104.5 143 147 -1
146 13.5 -9.5 -111.0 144 148 -1
147 -42.5 -12.5 -104.5 145 149 -1
148 14.0 -9.0 -110.5 146 150 -1
149 -43.0 -12.0 -104.0 147 151 -1
150 14.5 -8.5 -110.0 148 152 -1
151 -43.5 -12.0 -104.0 149 153 -1
152 15.0 -8.0 -109.5 150 154 -1
153 -44.0 -12.0 -103.5 151 155 -1
154 15.5 -7.5 -109.5 152 156 -1
155 -44.5 -12.0 -103.5 153 157 -1
156 16.0 -7.0 -109.0 154 158 -1
157 -45.0 -11.5 -103.0 155 159 -1
158 16.5 -6.5 -108.5 156 160 -1
159 -45.5 -11.0 -102.5 157 161 -1
160 17.0 -6.0 -108.5 158 162 -1
161 -46.0 -11.0 -102.0 159 163 -1
162 17.5 -5.5 -108.0 160 164 -1
163 -46.5 -11.0 -102.0 161 165 -1
164 17.5 -5.0 -107.5 162 166 -1
165 -47.0 -11.0 -102.0 163 167 -1
166 18.0 -4.5 -107.5 164 168 -1
167 -47.5 -11.0 -101.5 165 169 -1
168 18.5 -4.5 -107.5 166 170 -1
169 -48.0 -10.5 -101.0 167 171 -1
170 19.0 -4.0 -107.0 168 172 -1
171 -48.5 -10.5 -101.0 169 173 -1
172 19.5 -3.5 -107.0 170 174 -1
173 -49.0 -10.5 -100.5 171 175 -1
174 20.0 -3.0 -106.5 172 176 -1
175 -49.5 -10.5 -100.5 173 177 -1
176 20.5 -2.5 -106.5 174 178 -1
177 -50.0 -10.0 -100.5 175 179 -1
178 21.0 -2.0 -106.5 176 180 -1
179 -50.5 -10.0 -100.0 177 181 -1
180 21.5 -1.5 -106.5 178 182 -1
181 -51.0 -9.5 -100.0 179 183 -1
182 22.0 -1.5 -106.0 180 184 -1
183 -51.5 -9.0 -99.5 181 185 -1
184 22.5 -1.0 -106.0 182 186 -1
185 -52.0 -9.0 -99.0 183 187 -1
186 22.5 -0.5 -106.0 184 188 -1
187 -52.0 -9.0 -98.5 185 189 -1
188 23.0 0.0 -106.0 186 190 -1
189 -52.5 -9.0 -98.0 187 191 -1
190 23.5 0.5 -105.5 188 192 -1
191 -53.0 -8.5 -97.5 189 193 -1
192 23.5 1.0 -105.5 190 194 -1
193 -53.5 -8.0 -97.0 191 195 -1
194 24.0 1.5 -105.5 192 196 -1
195 -54.0 -8.0 -96.5 193 197 -1
196 24.5 2.0 -105.0 194 198 -1
197 -55.5 -7.0 -96.0 195 199 200
198 24.5 2.5 -105.0 196 202 -1
199 -56.0 -7.0 -96.0 197 203 -1
200 -55.0 -6.5 -95.5 197 204 -1
201 -55.0 -8.5 -96.0 197 205 -1
202 24.5 3.0 -105.0 198 206 -1
203 -56.5 -6.5 -96.5 199 207 -1
204 -55.5 -6.0 -95.0 200 208 -1
205 -55.0 -9.0 -95.5 201 209 -1
206 25.0 3.5 -105.0 202 210 -1
207 -57.0 -6.5 -96.5 203 211 -1
208 -55.0 -5.5 -94.5 204 212 -1
209 -55.0 -9.5 -95.5 205 213 -1
210 25.5 4.0 -105.0 206 214 -1
211 -57.5 -6.0 -96.5 207 215 -1
212 -55.0 -5.0 -94.0 208 216 -1
213 -54.5 -10.0 -95.5 209 217 -1
214 25.5 4.5 -105.0 210 218 -1
215 -58.0 -6.0 -96.5 211 219 -1
216 -55.0 -4.5 -93.5 212 220 -1
217 -54.5 -10.5 -95.5 213 221 -1
218 26.0 5.0 -105.0 214 222 -1
219 -58.5 -5.5 -96.5 215 223 -1
220 -55.0 -4.0 -93.0 216 224 -1
221 -54.5 -11.0 -95.5 217 225 -1
222 26.5 5.5 -104.5 218 226 -1
223 -59.0 -5.5 -96.5 219 227 -1
224 -55.0 -3.5 -92.5 220 228 -1
225 -54.5 -11.5 -95.0 221 229 -1
226 27.0 6.0 -104.5 222 230 -1
227 -59.5 -5.5 -96.5 223 231 -1
228 -55.0 -3.0 -92.0 224 232 -1
229 -55.0 -12.0 -94.5 225 233 -1
230 27.5 6.5 -104.5 226 234 -1
231 -60.0 -5.0 -96.5 227 235 -1
232 -54.5 -2.5 -91.5 228 236 -1
233 -54.5 -12.5 -94.5 229 237 -1
234 28.0 7.0 -104.0 230 238 -1
235 -60.5 -5.0 -96.5 231 239 -1
236 -55.0 -2.0 -91.0 232 240 -1
237 -55.0 -13.0 -94.0 233 241 -1
238 28.5 7.5 -103.5 234 242 -1
239 -61.0 -4.5 -96.5 235 243 -1
240 -55.0 -1.5 -90.5 236 244 -1
241 -55.5 -13.5 -94.0 237 245 -1
242 28.5 8.0 -103.5 238 246 -1
243 -61.5 -4.5 -96.5 239 247 -1
244 -55.0 -1.5 -90.0 240 248 -1
245 -55.5 -14.0 -94.0 241 249 -1
246 29.0 8.5 -103.5 242 250 -1
247 -62.0 -4.5 -96.5 243 251 -1
248 -55.0 -1.5 -89.5 244 252 -1
249 -55.5 -14.5 -93.5 245 253 -1
250 29.5 8.5 -103.0 246 254 -1
251 -62.5 -4.0 -96.5 247 255 -1
252 -55.0 -1.0 -89.0 248 256 -1
253 -55.5 -15.0 -93.0 249 257 -1
254 30.0 9.0 -103.0 250 258 -1
255 -63.0 -4.0 -96.5 251 259 -1
256 -55.5 -0.5 -88.5 252 260 -1
257 -55.5 -15.5 -92.5 253 261 -1
258 30.5 9.5 -102.5 254 262 -1
259 -63.5 -4.0 -96.5 255 263 -1
260 -55.0 0.0 -88.0 256 264 -1
261 -55.5 -16.0 -92.5 257 265 -1
262 31.0 10.0 -102.5 258 266 -1
263 -64.0 -4.0 -96.5 259 267 -1
264 -55.5 0.0 -87.5 260 268 -1
265 -55.5 -16.5 -92.0 261 269 -1
266 31.5 10.0 -102.0 262 270 -1
267 -64.5 -3.5 -97.0 263 271 -1
268 -55.5 0.5 -87.0 264 272 -1
269 -55.0 -17.0 -91.5 265 273 -1
270 32.0 10.5 -102.0 266 274 -1
271 -65.0 -3.0 -97.0 267 275 -1
272 -55.5 1.0 -86.5 268 276 -1
273 -54.5 -17.5 -91.0 269 277 -1
274 32.5 11.0 -101.5 270 278 -1
275 -65.5 -3.0 -96.5 271 279 -1
276 -55.5 1.5 -86.0 272 280 -1
277 -54.5 -18.0 -90.5 273 281 -1
278 33.0 11.5 -101.5 274 282 -1
279 -66.0 -3.0 -96.5 275 283 -1
280 -55.5 1.5 -85.5 276 284 -1
281 -54.5 -18.5 -90.0 277 285 -1
282 33.5 11.5 -101.5 278 286 -1
283 -66.5 -2.5 -97.0 279 287 -1
284 -55.5 2.0 -85.0 280 288 -1
285 -55.0 -19.0 -90.5 281 289 -1
286 34.0 12.0 -101.5 282 290 -1
287 -67.0 -2.0 -97.0 283 291 -1
288 -55.5 2.5 -84.5 284 292 -1
289 -54.5 -19.5 -90.0 285 293 -1
290 34.5 12.5 -101.5 286 294 -1
291 -67.5 -2.0 -96.5 287 295 -1
292 -55.5 3.0 -84.0 288 296 -1
293 -54.0 -20.0 -89.5 289 297 -1
294 35.0 13.0 -101.5 290 298 -1
295 -68.0 -1.5 -96.5 291 299 -1
296 -55.5 3.0 -83.5 292 300 -1
297 -54.0 -20.5 -89.0 293 301 302
298 35.5 13.5 -101.0 294 303 -1
299 -68.5 -1.0 -97.0 295 304 -1
300 -56.0 3.0 -83.0 296 305 -1
301 -54.0 -21.0 -89.0 297 -1 -1
302 -53.5 -20.5 -88.5 297 -1 -1
303 36.0 13.5 -101.0 298 306 -1
304 -69.0 -0.5 -97.0 299 307 -1
305 -56.0 3.5 -82.5 300 308 -1
306 36.5 14.0 -101.0 303 309 -1
307 -69.5 0.0 -97.0 304 310 -1
308 -56.0 3.5 -82.0 305 311 -1
309 37.0 14.0 -100.5 306 312 -1
310 -70.0 0.0 -96.5 307 313 -1
311 -56.0 4.0 -81.5 308 314 -1
312 37.5 14.5 -100.5 309 315 -1
313 -70.5 0.5 -96.5 310 316 -1
314 -56.0 4.5 -81.0 311 317 -1
315 38.0 15.0 -100.5 312 318 -1
316 -71.0 0.5 -96.0 313 319 -1
317 -56.0 5.0 -80.5 314 320 -1
318 38.5 15.0 -100.5 315 321 -1
319 -71.5 1.0 -96.0 316 322 -1
320 -56.0 5.0 -80.0 317 323 -1
321 39.0 15.5 -100.5 318 324 -1
322 -72.0 1.5 -96.5 319 325 -1
323 -56.0 5.5 -79.5 320 326 -1
324 39.5 15.5 -100.0 321 327 -1
325 -72.5 2.0 -96.5 322 328 -1
326 -56.0 5.5 -79.0 323 329 -1
327 40.0 15.5 -100.0 324 330 -1
328 -73.0 2.5 -96.5 325 331 -1
329 -56.0 6.0 -78.5 326 332 -1
330 40.5 16.0 -100.0 327 333 -1
331 -73.5 3.0 -96.5 328 334 -1
332 -56.0 6.5 -78.0 329 335 -1
333 41.0 16.0 -100.0 330 336 -1
334 -74.0 3.5 -96.5 331 337 -1
335 -56.0 6.5 -77.5 332 338 -1
336 41.5 16.0 -100.0 333 339 -1
337 -74.5 4.0 -96.5 334 340 -1
338 -56.0 7.0 -77.0 335 341 -1
339 42.0 16.5 -100.0 336 342 -1
340 -75.0 4.0 -96.5 337 343 -1
341 -56.0 7.0 -76.5 338 344 -1
342 42.5 16.5 -100.0 339 345 -1
343 -75.5 4.5 -96.5 340 346 -1
344 -56.0 7.5 -76.0 341 347 -1
345 43.0 17.0 -100.0 342 348 -1
346 -76.0 4.5 -96.0 343 349 -1
347 -56.0 8.0 -75.5 344 350 -1
348 43.5 17.5 -100.0 345 351 -1
349 -76.5 5.0 -96.5 346 352 -1
350 -56.0 8.0 -75.0 347 353 -1
351 44.0 17.5 -100.0 348 354 -1
352 -77.0 5.5 -96.5 349 355 -1
353 -56.0 8.0 -74.5 350 356 -1
354 44.5 18.0 -100.0 351 357 -1
355 -77.5 6.0 -96.5 352 -1 -1
356 -56.0 8.5 -74.0 353 358 -1
357 45.0 18.0 -100.0 354 359 -1
358 -56.0 8.5 -73.5 356 360 -1
359 45.5 18.5 -100.0 357 361 -1
360 -56.0 9.0 -73.0 358 362 -1
361 46.0 18.5 -100.0 359 363 -1
362 -56.0 9.0 -72.5 360 364 -1
363 46.5 19.0 -100.0 361 365 -1
364 -55.5 9.5 -72.0 362 366 -1
365 47.0 19.0 -100.0 363 367 -1
366 -55.5 9.5 -71.5 364 368 -1
367 47.5 19.5 -100.5 365 369 -1
368 -55.5 10.0 -71.0 366 370 -1
369 48.0 19.5 -100.0 367 371 -1
370 -55.5 10.0 -70.5 368 372 -1
371 48.5 19.5 -100.0 369 373 -1
372 -55.5 10.5 -70.0 370 374 -1
373 49.0 20.0 -100.0 371 375 -1
374 -55.5 10.5 -69.5 372 376 -1
375 49.5 20.0 -100.5 373 377 -1
376 -55.0 11.0 -69.0 374 378 -1
377 50.0 20.5 -100.0 375 379 -1
378 -55.0 11.5 -68.5 376 380 -1
379 50.5 21.0 -100.0 377 381 -1
380 -55.0 11.5 -68.0 378 382 -1
381 51.0 21.0 -100.0 379 383 -1
382 -55.0 11.5 -67.5 380 384 -1
383 51.5 21.0 -100.0 381 385 -1
384 -55.0 12.0 -67.0 382 386 -1
385 52.0 21.5 -100.0 383 387 -1
386 -55.0 12.0 -66.5 384 388 -1
387 52.5 21.5 -100.0 385 389 -1
388 -54.5 12.5 -66.0 386 390 -1
389 53.0 21.5 -100.0 387 391 -1
390 -54.5 12.5 -65.5 388 392 -1
391 53.5 22.0 -100.0 389 393 -1
392 -54.5 12.5 -65.0 390 394 -1
393 54.0 22.0 -100.0 391 395 -1
394 -54.5 13.0 -64.5 392 396 -1
395 54.5 22.5 -100.5 393 397 -1
396 -54.0 13.0 -64.0 394 398 -1
397 55.0 23.0 -100.5 395 399 -1
398 -54.0 13.0 -63.5 396 400 -1
399 55.5 23.0 -100.0 397 401 -1
400 -54.0 13.5 -63.0 398 402 -1
401 56.0 23.5 -100.0 399 403 -1
402 -54.0 13.5 -62.5 400 404 -1
403 56.5 24.0 -100.0 401 405 -1
404 -53.5 13.5 -62.0 402 406 -1
405 57.0 24.0 -100.0 403 407 -1
406 -53.5 14.0 -61.5 404 408 -1
407 57.5 24.5 -100.5 405 409 -1
408 -53.5 14.0 -61.0 406 410 -1
409 58.0 25.0 -100.5 407 411 -1
410 -53.5 14.5 -60.5 408 412 -1
411 58.5 25.5 -100.5 409 413 -1
412 -53.0 14.5 -60.0 410 414 -1
413 59.0 26.0 -100.5 411 415 -1
414 -53.0 15.0 -59.5 412 416 -1
415 59.5 26.5 -100.5 413 417 -1
416 -53.0 15.0 -59.0 414 418 -1
417 60.0 27.0 -100.5 415 419 -1
418 -53.0 15.0 -58.5 416 420 -1
419 60.0 27.5 -101.0 417 421 -1
420 -52.5 15.5 -58.0 418 422 -1
421 60.5 28.0 -101.0 419 423 -1
422 -52.5 15.5 -57.5 420 424 -1
423 61.0 28.5 -101.0 421 425 -1
424 -52.0 15.5 -57.0 422 426 -1
425 61.5 29.0 -101.0 423 427 -1
426 -51.5 16.0 -56.5 424 428 -1
427 62.0 29.5 -101.0 425 429 -1
428 -51.5 16.0 -56.0 426 -1 -1
429 62.5 30.0 -101.0 427 430 -1
430 63.0 30.5 -101.0 429 431 -1
431 63.5 31.0 -101.0 430 432 -1
432 64.0 31.5 -101.0 431 433 -1
433 64.5 32.0 -101.0 432 434 -1
434 65.0 32.5 -101.0 433 435 -1
435 65.5 32.5 -101.0 434 436 -1
436 66.0 33.0 -101.0 435 437 -1
437 66.5 33.5 -101.5 436 438 -1
438 67.0 34.0 -101.5 437 439 -1
439 67.5 34.5 -102.0 438 440 -1
440 68.0 35.0 -102.0 439 441 -1
441 68.5 35.5 -102.0 440 442 -1
442 69.0 35.5 -102.0 441 443 -1
443 69.5 36.0 -102.0 442 444 -1
444 70.0 36.5 -102.0 443 445 -1
445 70.5 36.5 -102.0 444 446 -1
446 71.0 37.0 -102.0 445 447 -1
447 71.5 37.5 -102.0 446 448 -1
448 72.0 37.5 -102.0 447 449 -1
449 72.5 38.0 -102.0 448 -1 -1
