0 -13.0 -173.5 1396.0 -1 1 -1
1 -13.5 -173.5 1396.5 0 2 -1
2 -13.5 -173.5 1397.0 1 3 -1
3 -13.5 -174.0 1397.5 2 4 -1
4 -13.5 -174.0 1398.0 3 5 -1
5 -14.0 -173.5 1398.5 4 6 -1
6 -14.0 -173.5 1399.0 5 7 -1
7 -14.0 -173.5 1399.5 6 8 -1
8 -14.5 -173.5 1400.0 7 9 -1
9 -14.5 -174.0 1400.5 8 10 -1
10 -14.5 -174.0 1401.0 9 11 -1
11 -15.0 -173.5 1401.5 10 12 -1
12 -14.5 -174.0 1402.0 11 13 -1
13 -14.5 -174.0 1402.5 12 14 -1
14 -15.0 -173.5 1403.0 13 15 -1
15 -15.0 -173.5 1403.5 14 16 -1
16 -14.5 -174.0 1404.0 15 17 -1
17 -14.5 -174.0 1404.5 16 18 -1
18 -14.5 -174.0 1405.0 17 19 -1
19 -14.5 -173.5 1405.5 18 20 -1
20 -15.0 -173.5 1406.0 19 21 -1
21 -14.5 -173.5 1406.5 20 22 -1
22 -15.0 -173.0 1407.0 21 23 -1
23 -15.0 -173.0 1407.5 22 24 -1
24 -15.0 -173.0 1408.0 23 25 -1
25 -15.0 -173.0 1408.5 24 26 -1
26 -15.0 -172.5 1409.0 25 27 -1
27 -14.5 -172.5 1409.5 26 28 -1
28 -15.0 -172.0 1410.0 27 29 -1
29 -14.5 -172.5 1410.5 28 30 -1
30 -14.0 -172.0 1411.0 29 31 -1
31 -14.5 -171.5 1411.5 30 32 -1
32 -14.0 -171.5 1412.0 31 33 -1
33 -14.0 -171.0 1412.5 32 34 -1
34 -14.0 -170.5 1413.0 33 35 -1
35 -14.0 -170.5 1413.5 34 36 -1
36 -13.5 -170.0 1414.0 35 37 -1
37 -13.5 -170.0 1414.5 36 38 -1
38 -13.5 -169.5 1415.0 37 39 -1
39 -13.5 -169.0 1415.5 38 40 -1
40 -13.0 -168.5 1416.0 39 41 -1
41 -13.5 -168.0 1416.5 40 42 -1
42 -13.5 -167.5 1417.0 41 43 -1
43 -13.5 -167.5 1417.5 42 44 -1
44 -13.5 -167.5 1418.0 43 45 -1
45 -13.5 -167.5 1418.5 44 46 -1
46 -13.0 -167.0 1419.0 45 47 -1
47 -13.0 -167.0 1419.5 46 48 -1
48 -12.5 -167.0 1420.0 47 49 -1
49 -12.5 -166.5 1420.5 48 50 -1
50 -12.5 -166.5 1421.0 49 51 -1
51 -12.5 -166.0 1421.5 50 52 -1
52 -12.5 -166.0 1422.0 51 53 -1
53 -12.5 -166.0 1422.5 52 54 -1
54 -12.0 -165.5 1423.0 53 55 -1
55 -12.0 -165.5 1423.5 54 56 -1
56 -12.0 -165.5 1424.0 55 57 -1
57 -12.0 -165.0 1424.5 56 58 -1
58 -12.0 -165.0 1425.0 57 59 -1
59 -12.0 -165.0 1425.5 58 60 -1
60 -11.5 -165.0 1426.0 59 61 -1
61 -11.5 -165.0 1426.5 60 62 -1
62 -11.5 -165.0 1427.0 61 63 -1
63 -11.5 -165.0 1427.5 62 64 -1
64 -11.5 -165.0 1428.0 63 65 -1
65 -11.5 -165.0 1428.5 64 66 -1
66 -11.0 -164.5 1429.0 65 67 -1
67 -11.0 -164.0 1429.5 66 68 -1
68 -11.0 -164.0 1430.0 67 69 -1
69 -11.0 -164.0 1430.5 68 70 -1
70 -11.0 -164.0 1431.0 69 71 -1
71 -11.0 -163.5 1431.5 70 72 -1
72 -11.0 -163.5 1432.0 71 73 -1
73 -11.0 -163.5 1432.5 72 74 -1
74 -11.0 -163.5 1433.0 73 75 -1
75 -10.5 -163.0 1433.5 74 76 -1
76 -11.0 -163.0 1434.0 75 77 -1
77 -11.5 -163.0 1434.5 76 78 -1
78 -11.0 -163.0 1435.0 77 79 -1
79 -11.5 -162.5 1435.5 78 80 -1
80 -11.5 -162.5 1436.0 79 81 -1
81 -11.5 -162.5 1436.5 80 82 -1
82 -11.5 -162.5 1437.0 81 83 -1
83 -11.5 -162.0 1437.5 82 84 -1
84 -11.5 -162.0 1438.0 83 85 -1
85 -11.5 -162.0 1438.5 84 86 -1
86 -11.5 -162.0 1439.0 85 87 -1
87 -11.5 -162.0 1439.5 86 88 -1
88 -11.5 -162.0 1440.0 87 89 -1
89 -12.0 -161.5 1440.5 88 90 -1
90 -11.5 -161.5 1441.0 89 91 -1
91 -11.5 -161.5 1441.5 90 92 -1
92 -11.5 -161.5 1442.0 91 93 -1
93 -11.5 -161.5 1442.5 92 94 -1
94 -11.0 -161.5 1443.0 93 95 -1
95 -10.5 -161.0 1443.5 94 96 -1
96 -10.5 -161.0 1444.0 95 97 -1
97 -10.0 -160.5 1444.5 96 98 -1
98 -9.5 -160.5 1445.0 97 99 -1
99 -9.0 -160.0 1445.5 98 100 -1
100 -9.0 -159.5 1446.0 99 101 -1
101 -9.0 -159.0 1446.5 100 102 -1
102 -9.5 -158.5 1447.0 101 103 -1
103 -10.0 -158.0 1447.5 102 104 105
104 -10.5 -158.0 1447.5 103 107 -1
105 -10.0 -157.0 1448.0 103 108 -1
106 -9.0 -157.5 1448.0 103 109 -1
107 -11.0 -158.0 1447.5 104 110 -1
108 -9.5 -156.5 1448.5 105 111 -1
109 -8.5 -157.5 1447.5 106 112 -1
110 -11.5 -158.5 1447.5 107 113 -1
111 -10.0 -156.0 1449.0 108 114 -1
112 -8.0 -157.5 1447.5 109 115 -1
113 -12.0 -159.0 1447.0 110 116 -1
114 -10.0 -155.5 1449.0 111 117 -1
115 -7.5 -157.5 1447.0 112 118 -1
116 -12.5 -159.0 1446.5 113 -1 -1
117 -9.5 -155.0 1449.0 114 119 -1
118 -7.0 -157.5 1447.0 115 120 -1
119 -9.5 -154.5 1449.5 117 121 -1
120 -6.5 -157.5 1447.0 118 122 -1
121 -10.0 -154.0 1450.0 119 123 -1
122 -6.0 -157.5 1446.5 120 124 -1
123 -10.5 -153.5 1450.5 121 125 -1
124 -5.5 -157.5 1446.5 122 126 -1
125 -10.5 -153.0 1451.0 123 127 -1
126 -5.0 -157.5 1446.0 124 128 -1
127 -10.5 -152.5 1451.0 125 129 -1
128 -4.5 -157.5 1446.0 126 130 -1
129 -10.5 -152.0 1451.5 127 131 -1
130 -4.0 -158.0 1445.5 128 132 -1
131 -11.0 -151.5 1452.0 129 133 -1
132 -3.5 -158.0 1445.0 130 134 -1
133 -11.0 -151.0 1452.0 131 135 -1
134 -3.0 -158.0 1445.0 132 136 -1
135 -11.5 -150.5 1452.5 133 137 -1
136 -2.5 -157.5 1445.0 134 138 -1
137 -12.0 -150.0 1453.0 135 139 -1
138 -2.0 -158.0 1444.5 136 140 -1
139 -12.0 -149.5 1453.0 137 141 -1
140 -1.5 -158.0 1445.0 138 142 -1
141 -12.0 -149.0 1453.5 139 143 -1
142 -1.0 -158.0 1445.0 140 144 -1
143 -12.0 -148.5 1453.5 141 145 -1
144 -0.5 -158.0 1445.0 142 146 -1
145 -12.5 -148.0 1454.0 143 147 -1
146 0.0 -158.0 1445.0 144 148 -1
147 -12.5 -147.5 1454.0 145 149 -1
148 0.5 -158.0 1445.0 146 150 -1
149 -13.0 -147.0 1454.5 147 151 -1
150 1.0 -158.0 1445.0 148 152 -1
151 -13.5 -146.5 1455.0 149 153 -1
152 1.5 -158.0 1445.0 150 154 -1
153 -13.5 -146.5 1455.5 151 155 -1
154 2.0 -158.0 1445.0 152 156 -1
155 -14.0 -146.0 1456.0 153 157 -1
156 2.5 -158.0 1445.0 154 158 -1
157 -14.0 -145.5 1456.0 155 159 -1
158 3.0 -158.0 1445.0 156 160 -1
159 -14.5 -145.0 1456.5 157 161 162
160 3.5 -158.0 1445.0 158 163 -1
161 -15.0 -145.0 1456.0 159 164 -1
162 -14.5 -145.0 1457.0 159 165 -1
163 4.0 -158.5 1445.0 160 166 -1
164 -15.5 -144.5 1455.5 161 167 -1
165 -14.0 -144.5 1457.5 162 168 -1
166 4.5 -158.5 1445.0 163 169 -1
167 -16.0 -144.5 1455.5 164 170 -1
168 -14.0 -144.0 1458.0 165 171 -1
169 5.0 -158.5 1445.0 166 172 -1
170 -16.5 -144.0 1455.0 167 173 -1
171 -14.5 -144.0 1458.5 168 174 -1
172 5.5 -158.5 1445.0 169 175 -1
173 -17.0 -144.0 1455.0 170 176 -1
174 -14.0 -143.5 1459.0 171 177 -1
175 6.0 -158.5 1445.0 172 178 -1
176 -17.5 -144.0 1455.0 173 179 -1
177 -14.0 -143.5 1459.5 174 180 -1
178 6.5 -158.5 1445.0 175 181 -1
179 -18.0 -144.0 1455.0 176 182 -1
180 -13.5 -143.0 1460.0 177 183 -1
181 7.0 -158.5 1445.0 178 184 -1
182 -18.5 -144.5 1455.5 179 185 -1
183 -13.5 -142.5 1460.5 180 186 -1
184 7.5 -158.5 1445.0 181 187 -1
185 -19.0 -144.5 1456.0 182 188 -1
186 -13.0 -142.5 1461.0 183 189 -1
187 8.0 -158.0 1445.0 184 190 -1
188 -19.5 -144.5 1456.0 185 191 -1
189 -13.0 -142.0 1461.5 186 192 -1
190 8.5 -158.0 1445.0 187 193 -1
191 -20.0 -144.5 1456.0 188 194 -1
192 -13.0 -142.0 1462.0 189 195 -1
193 9.0 -158.0 1445.5 190 196 -1
194 -20.5 -144.5 1456.5 191 197 -1
195 -13.0 -141.5 1462.5 192 198 -1
196 9.5 -158.0 1445.5 193 199 -1
197 -21.0 -144.5 1456.5 194 200 -1
198 -12.5 -141.5 1463.0 195 201 -1
199 10.0 -158.0 1445.5 196 202 -1
200 -21.5 -144.5 1457.0 197 203 -1
201 -12.0 -141.5 1463.5 198 204 -1
202 10.5 -158.0 1445.5 199 205 -1
203 -22.0 -144.5 1457.0 200 206 -1
204 -12.0 -141.0 1464.0 201 207 -1
205 11.0 -157.5 1445.5 202 208 -1
206 -22.5 -144.5 1457.0 203 209 -1
207 -11.5 -141.0 1464.5 204 210 -1
208 11.5 -157.5 1446.0 205 211 -1
209 -23.0 -144.5 1457.0 206 212 -1
210 -11.0 -140.5 1465.0 207 213 -1
211 12.0 -157.5 1446.0 208 214 -1
212 -23.5 -144.5 1457.0 209 215 -1
213 -11.0 -140.5 1465.5 210 216 -1
214 12.5 -157.0 1446.0 211 217 -1
215 -24.0 -144.5 1457.5 212 218 -1
216 -10.5 -140.0 1466.0 213 219 -1
217 13.0 -157.0 1446.0 214 220 -1
218 -24.5 -144.5 1457.5 215 221 -1
219 -10.5 -140.0 1466.5 216 222 -1
220 13.5 -157.0 1446.5 217 223 -1
221 -25.0 -145.0 1458.0 218 224 -1
222 -10.0 -140.0 1467.0 219 225 -1
223 14.0 -157.0 1446.5 220 226 -1
224 -25.5 -145.0 1458.5 221 227 -1
225 -10.0 -140.0 1467.5 222 228 -1
226 14.5 -156.5 1446.5 223 229 -1
227 -26.0 -145.0 1459.0 224 230 -1
228 -9.5 -140.0 1468.0 225 231 -1
229 15.0 -156.5 1446.5 226 232 -1
230 -26.5 -145.0 1459.5 227 233 -1
231 -9.0 -139.5 1468.5 228 234 -1
232 15.5 -156.5 1447.0 229 235 -1
233 -27.0 -145.0 1460.0 230 236 -1
234 -8.5 -139.5 1469.0 231 237 -1
235 16.0 -156.0 1447.0 232 238 -1
236 -27.0 -145.5 1460.5 233 239 -1
237 -8.0 -139.5 1469.5 234 240 -1
238 16.5 -156.0 1447.5 235 241 -1
239 -27.5 -145.5 1461.0 236 242 -1
240 -8.0 -139.5 1470.0 237 243 -1
241 17.0 -155.5 1447.0 238 244 -1
242 -28.0 -145.5 1461.5 239 245 -1
243 -7.5 -139.5 1470.5 240 246 -1
244 17.5 -155.5 1447.5 241 247 -1
245 -28.5 -145.0 1462.0 242 248 -1
246 -7.0 -139.5 1471.0 243 249 -1
247 18.0 -155.0 1447.5 244 250 -1
248 -28.5 -145.5 1462.5 245 251 -1
249 -7.0 -139.5 1471.5 246 252 -1
250 18.5 -155.0 1448.0 247 253 -1
251 -29.0 -145.0 1463.0 248 254 -1
252 -7.0 -140.0 1472.0 249 255 -1
253 19.0 -154.5 1448.0 250 256 -1
254 -29.5 -145.0 1463.5 251 257 -1
255 -6.5 -140.0 1472.5 252 258 -1
256 19.5 -154.0 1448.5 253 259 -1
257 -29.5 -145.0 1464.0 254 260 -1
258 -6.0 -140.0 1473.0 255 261 -1
259 20.0 -153.5 1448.5 256 262 -1
260 -30.0 -145.0 1464.5 257 263 -1
261 -5.5 -140.0 1473.5 258 264 -1
262 20.5 -153.0 1449.0 259 265 -1
263 -30.5 -144.5 1465.0 260 266 -1
264 -5.5 -140.5 1474.0 261 267 -1
265 21.0 -152.5 1449.5 262 268 -1
266 -31.0 -144.5 1465.5 263 269 -1
267 -5.0 -140.5 1474.5 264 270 -1
268 21.5 -152.5 1449.5 265 271 -1
269 -31.0 -144.5 1466.0 266 272 -1
270 -4.5 -141.0 1475.0 267 273 -1
271 22.0 -152.0 1450.0 268 274 -1
272 -31.0 -144.5 1466.5 269 275 -1
273 -4.0 -141.5 1475.5 270 276 -1
274 22.0 -151.5 1450.0 271 277 -1
275 -31.5 -144.0 1467.0 272 278 -1
276 -4.0 -142.0 1476.0 273 279 -1
277 22.5 -151.0 1450.0 274 280 -1
278 -32.0 -144.0 1467.5 275 281 -1
279 -3.5 -142.5 1476.5 276 282 -1
280 23.0 -151.0 1450.5 277 283 -1
281 -32.0 -144.0 1468.0 278 284 -1
282 -3.5 -143.0 1477.0 279 285 -1
283 23.5 -150.5 1450.5 280 286 -1
284 -32.5 -143.5 1468.5 281 287 -1
285 -3.5 -143.5 1477.0 282 288 -1
286 23.5 -150.0 1450.5 283 289 -1
287 -33.0 -143.5 1468.5 284 290 -1
288 -3.0 -144.0 1476.5 285 291 -1
289 24.0 -149.5 1451.0 286 292 -1
290 -33.5 -143.0 1469.0 287 293 -1
291 -3.0 -144.5 1477.0 288 294 -1
292 24.5 -149.0 1451.0 289 295 -1
293 -34.0 -143.0 1469.5 290 296 -1
294 -3.0 -145.0 1477.5 291 297 -1
295 25.0 -148.5 1451.0 292 298 -1
296 -34.5 -142.5 1470.0 293 299 -1
297 -2.5 -145.5 1477.5 294 300 -1
298 25.5 -148.0 1451.0 295 301 -1
299 -35.0 -142.5 1470.5 296 302 -1
300 -2.5 -146.0 1477.0 297 303 -1
301 26.0 -147.5 1451.5 298 304 -1
302 -35.0 -142.5 1471.0 299 305 -1
303 -2.5 -146.5 1476.5 300 306 -1
304 26.5 -147.0 1451.5 301 307 -1
305 -35.5 -142.5 1471.5 302 308 -1
306 -2.0 -147.0 1476.5 303 309 -1
307 26.5 -146.5 1452.0 304 310 -1
308 -36.0 -142.5 1472.0 305 311 -1
309 -1.5 -147.5 1476.0 306 312 -1
310 27.0 -146.0 1452.0 307 313 -1
311 -36.5 -142.5 1472.5 308 314 -1
312 -1.0 -147.5 1476.0 309 315 -1
313 27.5 -145.5 1452.0 310 316 -1
314 -37.0 -142.5 1473.0 311 317 -1
315 -0.5 -148.0 1475.5 312 318 -1
316 28.0 -145.0 1452.5 313 319 -1
317 -37.5 -142.0 1473.5 314 320 -1
318 0.0 -148.5 1475.5 315 321 -1
319 28.0 -144.5 1452.5 316 322 -1
320 -38.0 -142.0 1474.0 317 323 -1
321 0.5 -149.0 1475.0 318 324 -1
322 28.5 -144.0 1452.5 319 325 -1
323 -38.5 -142.0 1474.5 320 326 327
324 1.0 -149.0 1474.5 321 328 -1
325 29.0 -143.5 1452.5 322 329 -1
326 -39.0 -141.5 1474.5 323 330 -1
327 -38.5 -142.5 1475.0 323 331 -1
328 1.5 -149.0 1474.0 324 332 -1
329 29.0 -143.0 1453.0 325 333 -1
330 -39.5 -141.0 1475.0 326 334 -1
331 -39.0 -142.5 1475.5 327 335 -1
332 2.0 -149.5 1474.0 328 336 -1
333 29.5 -142.5 1452.5 329 337 -1
334 -40.0 -140.5 1475.5 330 338 -1
335 -39.5 -142.5 1476.0 331 339 -1
336 2.5 -149.5 1473.5 332 340 -1
337 29.5 -142.0 1452.5 333 341 -1
338 -40.5 -140.0 1475.5 334 342 -1
339 -39.5 -143.0 1476.5 335 343 -1
340 3.0 -149.0 1473.0 336 344 -1
341 30.0 -141.5 1452.5 337 345 -1
342 -41.0 -140.0 1476.0 338 346 -1
343 -40.0 -143.0 1477.0 339 347 -1
344 3.5 -148.5 1472.5 340 348 -1
345 30.5 -141.0 1452.5 341 349 -1
346 -41.5 -139.5 1476.0 342 350 -1
347 -40.0 -143.0 1477.5 343 351 -1
348 4.0 -148.5 1472.0 344 352 -1
349 30.5 -140.5 1453.0 345 353 -1
350 -42.0 -139.0 1476.5 346 354 -1
351 -40.0 -143.5 1478.0 347 355 -1
352 4.5 -148.5 1472.0 348 356 -1
353 31.0 -140.0 1453.0 349 357 -1
354 -42.5 -138.5 1476.5 350 358 -1
355 -40.0 -143.5 1478.5 351 359 -1
356 5.0 -149.0 1472.0 352 360 -1
357 31.0 -139.5 1453.5 353 361 -1
358 -43.0 -138.5 1476.5 354 362 -1
359 -40.0 -144.0 1479.0 355 363 -1
360 5.5 -148.5 1471.5 356 364 -1
361 31.5 -139.0 1453.5 357 365 -1
362 -43.5 -138.5 1477.0 358 366 -1
363 -40.0 -144.0 1479.5 359 367 -1
364 6.0 -148.0 1471.5 360 368 -1
365 31.5 -138.5 1453.5 361 369 -1
366 -44.0 -138.0 1477.0 362 370 -1
367 -40.5 -144.0 1480.0 363 371 -1
368 6.5 -148.0 1471.0 364 372 -1
369 32.0 -138.0 1453.5 365 373 -1
370 -44.5 -137.5 1477.5 366 374 -1
371 -40.5 -144.0 1480.5 367 375 -1
372 7.0 -147.5 1471.0 368 376 -1
373 32.0 -137.5 1453.5 369 377 -1
374 -45.0 -137.5 1477.5 370 378 -1
375 -40.5 -144.0 1481.0 371 379 -1
376 7.5 -147.5 1470.5 372 380 -1
377 32.5 -137.0 1453.5 373 381 -1
378 -45.5 -137.0 1478.0 374 382 -1
379 -40.5 -144.0 1481.5 375 383 -1
380 8.0 -147.0 1470.5 376 384 -1
381 32.5 -136.5 1453.5 377 385 -1
382 -46.0 -137.0 1478.0 378 386 -1
383 -40.5 -144.5 1482.0 379 387 -1
384 8.5 -146.5 1470.5 380 388 -1
385 32.5 -136.0 1453.5 381 389 -1
386 -46.5 -136.5 1478.5 382 390 -1
387 -40.5 -144.5 1482.5 383 391 -1
388 9.0 -146.5 1470.0 384 392 -1
389 33.0 -135.5 1453.5 385 393 -1
390 -47.0 -136.0 1478.5 386 394 -1
391 -40.5 -144.5 1483.0 387 395 -1
392 9.5 -146.0 1470.0 388 396 -1
393 33.0 -135.0 1453.5 389 397 -1
394 -47.5 -135.5 1479.0 390 398 -1
395 -41.0 -144.5 1483.5 391 399 -1
396 10.0 -145.5 1470.5 392 400 -1
397 33.5 -134.5 1453.5 393 401 -1
398 -48.0 -135.0 1479.0 394 402 -1
399 -41.0 -144.5 1484.0 395 403 -1
400 10.5 -145.0 1470.5 396 404 -1
401 34.0 -134.0 1453.0 397 405 -1
402 -48.5 -134.5 1479.5 398 406 -1
403 -41.0 -144.5 1484.5 399 407 -1
404 11.0 -145.0 1470.5 400 408 -1
405 34.0 -133.5 1453.0 401 409 -1
406 -49.0 -134.5 1479.0 402 410 -1
407 -41.0 -144.5 1485.0 403 411 -1
408 11.5 -144.5 1470.5 404 412 -1
409 34.0 -133.0 1453.0 405 413 -1
410 -49.5 -134.0 1479.5 406 -1 -1
411 -41.0 -144.5 1485.5 407 414 -1
412 12.0 -144.0 1470.5 408 415 -1
413 34.5 -132.5 1453.0 409 416 -1
414 -41.5 -144.5 1486.0 411 417 -1
415 12.5 -143.5 1471.0 412 418 -1
416 35.0 -132.0 1453.0 413 419 -1
417 -41.5 -144.5 1486.5 414 420 -1
418 13.0 -143.5 1470.5 415 421 -1
419 35.0 -131.5 1452.5 416 422 -1
420 -41.5 -144.5 1487.0 417 423 -1
421 13.5 -143.5 1471.0 418 424 -1
422 35.5 -131.0 1452.5 419 425 -1
423 -41.5 -145.0 1487.5 420 426 -1
424 14.0 -143.5 1471.0 421 427 -1
425 35.5 -130.5 1452.5 422 428 -1
426 -41.5 -145.0 1488.0 423 429 -1
427 14.5 -143.0 1471.5 424 430 -1
428 36.0 -130.0 1452.5 425 431 -1
429 -41.5 -145.0 1488.5 426 432 -1
430 15.0 -142.5 1472.0 427 433 -1
431 36.5 -129.5 1452.0 428 434 -1
432 -41.5 -145.0 1489.0 429 435 -1
433 15.5 -142.0 1471.5 430 436 -1
434 37.0 -129.0 1452.0 431 437 -1
435 -41.5 -145.0 1489.5 432 438 -1
436 16.0 -142.0 1472.0 433 439 -1
437 37.0 -128.5 1452.0 434 440 -1
438 -42.0 -145.5 1490.0 435 441 -1
439 16.5 -141.5 1472.0 436 442 -1
440 37.5 -128.0 1451.5 437 443 -1
441 -42.0 -145.5 1490.5 438 444 -1
442 17.0 -141.5 1472.5 439 445 -1
443 38.0 -127.5 1451.0 440 446 -1
444 -42.0 -145.5 1491.0 441 447 -1
445 17.5 -141.5 1472.5 442 448 -1
446 38.5 -127.0 1450.5 443 449 -1
447 -42.0 -146.0 1491.5 444 450 -1
448 18.0 -141.5 1473.0 445 451 -1
449 39.0 -127.0 1450.5 446 452 -1
450 -42.0 -146.0 1492.0 447 453 -1
451 18.0 -142.0 1473.5 448 454 -1
452 39.5 -126.5 1450.0 449 455 -1
453 -42.0 -146.5 1492.5 450 456 -1
454 18.5 -142.5 1474.0 451 457 -1
455 40.0 -126.0 1449.5 452 458 -1
456 -42.0 -146.5 1493.0 453 459 -1
457 19.0 -142.5 1474.0 454 460 -1
458 40.5 -126.0 1449.0 455 461 -1
459 -42.0 -147.0 1493.5 456 462 -1
460 19.5 -142.0 1474.0 457 463 -1
461 41.0 -125.5 1449.0 458 464 -1
462 -42.0 -147.0 1494.0 459 465 -1
463 20.0 -142.5 1474.5 460 466 -1
464 41.5 -125.5 1448.5 461 467 -1
465 -42.0 -147.5 1494.5 462 468 -1
466 20.5 -142.5 1474.5 463 469 -1
467 42.0 -125.0 1448.5 464 470 -1
468 -42.0 -147.5 1495.0 465 471 -1
469 21.0 -143.0 1475.0 466 472 -1
470 42.5 -124.5 1448.5 467 473 -1
471 -42.0 -148.0 1495.5 468 474 -1
472 21.0 -143.5 1475.5 469 475 -1
473 43.0 -124.0 1448.5 470 476 -1
474 -42.0 -148.0 1496.0 471 477 -1
475 21.0 -144.0 1476.0 472 478 -1
476 43.5 -124.0 1448.0 473 479 -1
477 -42.0 -148.5 1496.5 474 480 -1
478 20.5 -144.5 1476.5 475 481 -1
479 44.0 -123.5 1448.0 476 482 -1
480 -42.0 -149.0 1497.0 477 -1 -1
481 20.5 -145.0 1476.5 478 483 -1
482 44.5 -123.5 1447.5 479 484 -1
483 20.5 -145.5 1477.0 481 485 -1
484 45.0 -123.5 1447.5 482 486 -1
485 20.5 -146.0 1477.0 483 487 -1
486 45.5 -123.5 1447.0 484 488 -1
487 20.5 -146.5 1477.5 485 489 -1
488 46.0 -123.5 1447.0 486 490 -1
489 20.0 -147.0 1477.5 487 491 -1
490 46.5 -123.5 1446.5 488 492 -1
491 20.0 -147.5 1477.5 489 493 -1
492 47.0 -123.5 1446.5 490 494 -1
493 19.5 -148.0 1477.5 491 495 -1
494 47.5 -123.0 1446.0 492 496 -1
495 19.0 -148.5 1477.5 493 497 -1
496 48.0 -123.5 1446.0 494 498 -1
497 19.0 -149.0 1477.5 495 499 -1
498 48.5 -123.0 1445.5 496 500 -1
499 18.5 -149.5 1478.0 497 501 -1
500 49.0 -123.0 1445.5 498 502 -1
501 18.0 -150.0 1478.0 499 503 -1
502 49.5 -123.0 1445.5 500 504 -1
503 17.5 -150.5 1478.0 501 505 -1
504 50.0 -123.0 1445.5 502 506 -1
505 17.0 -151.0 1478.0 503 507 -1
506 50.5 -123.0 1445.5 504 508 -1
507 17.0 -151.5 1478.0 505 509 -1
508 51.0 -123.0 1445.0 506 510 -1
509 16.5 -152.0 1478.0 507 511 -1
510 51.5 -123.0 1445.0 508 512 -1
511 16.5 -152.5 1477.5 509 513 -1
512 52.0 -123.5 1445.0 510 514 -1
513 16.5 -153.0 1477.5 511 515 -1
514 52.5 -123.0 1444.5 512 516 -1
515 16.0 -153.5 1478.0 513 517 -1
516 53.0 -123.0 1444.5 514 518 -1
517 16.0 -154.0 1477.5 515 519 -1
518 53.5 -123.5 1444.5 516 520 -1
519 16.0 -154.5 1477.5 517 521 -1
520 54.0 -123.0 1444.0 518 522 -1
521 15.5 -155.0 1478.0 519 523 -1
522 54.5 -123.5 1444.0 520 524 -1
523 15.5 -155.5 1478.0 521 525 -1
524 55.0 -123.5 1444.0 522 526 -1
525 15.5 -156.0 1478.0 523 527 -1
526 55.5 -123.5 1444.0 524 528 -1
527 15.5 -156.5 1478.0 525 529 -1
528 56.0 -123.5 1444.0 526 530 -1
529 15.5 -157.0 1478.5 527 531 -1
530 56.5 -123.5 1444.0 528 532 -1
531 15.5 -157.5 1478.5 529 533 -1
532 57.0 -123.5 1443.5 530 534 -1
533 15.5 -158.0 1478.5 531 535 -1
534 57.5 -123.5 1443.5 532 536 -1
535 15.5 -158.5 1478.5 533 537 -1
536 58.0 -123.5 1443.5 534 538 -1
537 15.0 -159.0 1478.5 535 539 -1
538 58.5 -123.5 1443.5 536 540 -1
539 14.5 -159.5 1479.0 537 541 -1
540 59.0 -123.5 1443.5 538 542 -1
541 14.0 -160.0 1479.5 539 543 -1
542 59.5 -123.5 1443.5 540 544 -1
543 13.5 -160.5 1480.0 541 545 -1
544 60.0 -123.5 1443.5 542 546 -1
545 13.0 -161.0 1480.5 543 547 -1
546 60.5 -123.5 1443.5 544 548 -1
547 12.5 -161.5 1481.0 545 549 -1
548 61.0 -123.5 1443.5 546 550 -1
549 12.5 -162.0 1481.5 547 551 -1
550 61.5 -123.5 1443.5 548 552 -1
551 12.0 -162.5 1482.0 549 553 -1
552 62.0 -123.5 1443.5 550 554 -1
553 12.0 -163.0 1482.5 551 555 -1
554 62.5 -123.5 1443.5 552 556 -1
555 12.0 -163.5 1483.0 553 557 -1
556 63.0 -123.5 1443.5 554 558 -1
557 12.5 -164.0 1483.5 555 559 -1
558 63.5 -123.5 1443.5 556 560 -1
559 12.5 -164.5 1484.0 557 561 -1
560 64.0 -123.5 1443.5 558 562 -1
561 12.5 -164.5 1484.5 559 563 -1
562 64.5 -123.5 1443.5 560 564 -1
563 12.5 -164.5 1485.0 561 565 -1
564 65.0 -123.5 1443.5 562 566 -1
565 13.0 -165.0 1485.5 563 567 -1
566 65.5 -123.5 1443.5 564 568 -1
567 13.0 -165.0 1486.0 565 569 -1
568 66.0 -123.5 1443.5 566 570 -1
569 13.0 -165.0 1486.5 567 571 -1
570 66.5 -123.5 1443.5 568 572 -1
571 13.5 -165.0 1487.0 569 573 -1
572 67.0 -123.5 1443.5 570 574 -1
573 13.5 -165.5 1487.5 571 575 -1
574 67.5 -123.5 1443.5 572 576 -1
575 14.0 -165.5 1488.0 573 577 -1
576 68.0 -123.5 1443.5 574 578 -1
577 14.0 -165.5 1488.5 575 579 -1
578 68.5 -123.5 1443.0 576 580 -1
579 14.5 -165.5 1489.0 577 581 -1
580 69.0 -123.5 1443.0 578 582 -1
581 14.5 -165.0 1489.5 579 583 -1
582 69.5 -123.5 1442.5 580 584 -1
583 15.0 -165.5 1490.0 581 585 -1
584 70.0 -123.5 1442.0 582 586 -1
585 15.0 -165.0 1490.5 583 587 -1
586 70.5 -123.5 1442.0 584 588 -1
587 15.5 -165.0 1491.0 585 589 -1
588 71.0 -123.5 1441.5 586 590 -1
589 15.5 -165.0 1491.5 587 591 -1
590 71.5 -123.5 1441.0 588 -1 -1
591 16.0 -165.0 1492.0 589 592 -1
592 16.0 -165.0 1492.5 591 593 -1
593 16.0 -165.0 1493.0 592 594 -1
594 16.0 -164.5 1493.5 593 595 -1
595 16.0 -164.5 1494.0 594 596 -1
596 16.0 -164.5 1494.5 595 597 -1
597 16.0 -164.5 1495.0 596 598 -1
598 16.0 -164.5 1495.5 597 599 -1
599 16.0 -164.5 1496.0 598 600 -1
600 16.0 -164.5 1496.5 599 601 -1
601 16.0 -164.5 1497.0 600 602 -1
602 16.0 -164.0 1497.5 601 603 -1
603 16.0 -164.0 1498.0 602 604 -1
604 16.0 -164.0 1498.5 603 605 -1
605 15.5 -164.0 1499.0 604 606 -1
606 15.5 -164.0 1499.5 605 607 -1
607 15.0 -164.0 1500.0 606 608 -1
608 14.5 -164.5 1500.0 607 609 -1
609 14.0 -164.5 1500.5 608 610 -1
610 13.5 -164.5 1500.5 609 611 -1
611 13.0 -164.5 1500.5 610 612 -1
612 12.5 -164.5 1500.5 611 613 -1
613 12.0 -164.5 1501.0 612 614 -1
614 11.5 -165.0 1501.0 613 615 -1
615 11.0 -165.0 1501.0 614 616 -1
616 10.5 -165.0 1500.5 615 617 -1
617 10.0 -165.0 1500.5 616 618 -1
618 9.5 -165.0 1500.0 617 619 -1
619 9.0 -165.0 1499.5 618 620 -1
620 8.5 -165.5 1499.0 619 621 -1
621 8.0 -165.5 1498.5 620 622 -1
622 7.5 -166.0 1498.0 621 623 -1
623 7.0 -166.0 1497.5 622 624 -1
624 7.0 -166.5 1497.0 623 625 -1
625 6.5 -166.5 1496.5 624 626 -1
626 6.5 -166.5 1496.0 625 627 -1
627 6.5 -167.0 1495.5 626 628 -1
628 6.5 -167.0 1495.0 627 629 -1
629 6.0 -167.0 1494.5 628 630 -1
630 6.0 -167.0 1494.0 629 631 -1
631 6.0 -167.0 1493.5 630 632 -1
632 5.5 -167.0 1493.0 631 633 -1
633 5.5 -167.0 1492.5 632 634 -1
634 5.5 -167.0 1492.0 633 635 -1
635 5.0 -167.0 1491.5 634 636 -1
636 5.0 -167.0 1491.0 635 637 -1
637 5.0 -167.0 1490.5 636 638 -1
638 5.0 -167.0 1490.0 637 639 -1
639 5.0 -167.0 1489.5 638 640 -1
640 5.0 -167.0 1489.0 639 641 -1
641 5.0 -167.0 1488.5 640 642 -1
642 5.0 -167.0 1488.0 641 643 -1
643 4.5 -167.0 1487.5 642 644 -1
644 4.5 -167.0 1487.0 643 645 -1
645 4.5 -167.0 1486.5 644 646 -1
646 4.5 -167.0 1486.0 645 647 -1
647 4.0 -166.5 1485.5 646 648 -1
648 4.0 -166.5 1485.0 647 649 -1
649 3.5 -166.0 1484.5 648 650 -1
650 3.0 -166.0 1484.0 649 651 -1
651 2.5 -165.5 1483.5 650 652 -1
652 2.0 -165.5 1483.0 651 653 -1
653 1.5 -165.5 1483.0 652 654 -1
654 1.0 -165.5 1483.0 653 655 -1
655 0.5 -165.0 1483.5 654 656 -1
656 0.0 -165.0 1483.0 655 657 -1
657 -0.5 -164.5 1483.5 656 658 -1
658 -1.0 -164.0 1484.0 657 659 -1
659 -1.0 -163.5 1484.5 658 660 -1
660 -1.5 -163.0 1485.0 659 661 -1
661 -1.5 -162.5 1485.5 660 662 -1
662 -1.5 -162.5 1486.0 661 663 -1
663 -1.5 -162.5 1486.5 662 664 -1
664 -2.0 -162.0 1487.0 663 665 -1
665 -2.0 -161.5 1487.5 664 666 -1
666 -2.0 -161.5 1488.0 665 667 -1
667 -1.5 -161.5 1488.5 666 668 -1
668 -1.5 -161.0 1489.0 667 669 -1
669 -2.0 -160.5 1489.5 668 670 -1
670 -2.0 -160.5 1490.0 669 671 -1
671 -1.5 -160.5 1490.5 670 672 -1
672 -1.5 -160.0 1491.0 671 673 -1
673 -1.5 -160.0 1491.5 672 674 -1
674 -1.0 -159.5 1492.0 673 675 -1
675 -1.0 -159.0 1492.5 674 676 -1
676 -0.5 -158.5 1493.0 675 -1 -1
