0 -48.5 -138.0 1322.5 -1 1 -1
1 -48.5 -138.0 1323.0 0 2 -1
2 -48.5 -138.0 1323.5 1 3 -1
3 -49.0 -138.0 1324.0 2 4 -1
4 -48.5 -138.0 1324.5 3 5 -1
5 -48.5 -138.0 1325.0 4 6 -1
6 -49.0 -138.5 1325.5 5 7 -1
7 -49.0 -138.0 1326.0 6 8 -1
8 -49.0 -138.5 1326.5 7 9 -1
9 -49.0 -138.5 1327.0 8 10 -1
10 -49.5 -139.0 1327.5 9 11 -1
11 -49.5 -139.0 1328.0 10 12 -1
12 -49.5 -139.5 1328.5 11 13 -1
13 -49.5 -140.0 1329.0 12 14 -1
14 -49.5 -140.5 1329.5 13 15 -1
15 -49.0 -140.0 1330.0 14 16 -1
16 -49.0 -140.5 1330.5 15 17 -1
17 -49.0 -140.5 1331.0 16 18 -1
18 -49.0 -140.5 1331.5 17 19 -1
19 -49.0 -141.0 1332.0 18 20 -1
20 -49.0 -141.0 1332.5 19 21 -1
21 -49.0 -141.5 1333.0 20 22 -1
22 -49.0 -141.5 1333.5 21 23 -1
23 -48.5 -142.0 1334.0 22 24 -1
24 -48.5 -142.0 1334.5 23 25 -1
25 -48.5 -142.5 1335.0 24 26 -1
26 -48.5 -142.5 1335.5 25 27 -1
27 -48.5 -142.5 1336.0 26 28 -1
28 -48.5 -142.5 1336.5 27 29 -1
29 -48.5 -142.5 1337.0 28 30 -1
30 -48.5 -142.5 1337.5 29 31 -1
31 -48.5 -143.0 1338.0 30 32 -1
32 -48.5 -143.0 1338.5 31 33 -1
33 -48.5 -143.0 1339.0 32 34 -1
34 -48.5 -143.0 1339.5 33 35 -1
35 -48.5 -143.0 1340.0 34 36 -1
36 -48.5 -143.0 1340.5 35 37 -1
37 -48.5 -143.0 1341.0 36 38 -1
38 -48.0 -143.0 1341.5 37 39 -1
39 -48.0 -143.5 1342.0 38 40 -1
40 -48.0 -143.5 1342.5 39 41 -1
41 -48.0 -143.5 1343.0 40 42 -1
42 -47.5 -144.5 1343.5 41 43 44
43 -47.5 -144.0 1344.0 42 45 -1
44 -47.0 -145.0 1343.5 42 46 -1
45 -47.5 -143.5 1344.5 43 47 -1
46 -46.5 -145.5 1343.5 44 48 -1
47 -47.5 -143.5 1345.0 45 49 -1
48 -46.0 -146.0 1343.5 46 50 -1
49 -47.0 -143.5 1345.5 47 51 -1
50 -45.5 -146.0 1343.5 48 52 -1
51 -47.0 -143.0 1346.0 49 53 -1
52 -45.0 -146.5 1343.5 50 54 -1
53 -47.0 -143.0 1346.5 51 55 -1
54 -44.5 -146.5 1343.5 52 56 -1
55 -47.0 -142.5 1347.0 53 57 -1
56 -44.0 -146.5 1343.0 54 58 -1
57 -46.5 -143.0 1347.5 55 59 -1
58 -43.5 -146.5 1343.0 56 60 -1
59 -47.0 -142.5 1348.0 57 61 -1
60 -43.0 -147.0 1342.5 58 62 -1
61 -47.0 -142.5 1348.5 59 63 -1
62 -42.5 -147.0 1342.5 60 64 -1
63 -46.5 -142.5 1349.0 61 65 -1
64 -42.0 -147.5 1342.0 62 66 -1
65 -46.5 -142.5 1349.5 63 67 -1
66 -41.5 -147.5 1341.5 64 68 -1
67 -47.0 -142.0 1350.0 65 69 -1
68 -41.0 -147.5 1341.5 66 70 -1
69 -46.5 -142.5 1350.5 67 71 -1
70 -40.5 -147.5 1341.0 68 72 -1
71 -46.5 -142.0 1351.0 69 73 -1
72 -40.0 -148.0 1340.5 70 74 -1
73 -46.0 -142.0 1351.5 71 75 -1
74 -39.5 -148.0 1340.5 72 76 -1
75 -46.0 -142.0 1352.0 73 77 -1
76 -39.0 -148.0 1340.5 74 78 -1
77 -46.0 -142.0 1352.5 75 79 -1
78 -38.5 -147.5 1340.5 76 80 -1
79 -46.5 -141.5 1353.0 77 81 -1
80 -38.0 -148.0 1340.0 78 82 -1
81 -46.5 -141.5 1353.5 79 83 -1
82 -37.5 -147.5 1340.0 80 84 -1
83 -46.5 -141.5 1354.0 81 85 -1
84 -37.0 -148.0 1339.5 82 86 -1
85 -46.5 -141.5 1354.5 83 87 -1
86 -36.5 -148.0 1339.0 84 88 -1
87 -46.5 -141.5 1355.0 85 89 -1
88 -36.0 -147.5 1339.0 86 90 -1
89 -46.5 -141.5 1355.5 87 91 -1
90 -35.5 -147.5 1338.5 88 92 -1
91 -46.5 -141.5 1356.0 89 93 -1
92 -35.0 -147.5 1338.5 90 94 -1
93 -47.0 -141.5 1356.5 91 95 -1
94 -34.5 -147.5 1338.0 92 96 -1
95 -46.5 -141.0 1357.0 93 97 -1
96 -34.0 -147.5 1338.0 94 98 -1
97 -46.5 -141.0 1357.5 95 99 -1
98 -33.5 -147.5 1337.5 96 100 -1
99 -46.5 -141.0 1358.0 97 101 -1
100 -33.0 -147.0 1337.0 98 102 -1
101 -46.5 -141.0 1358.5 99 103 -1
102 -32.5 -147.0 1336.5 100 104 -1
103 -46.0 -140.5 1359.0 101 105 -1
104 -32.0 -147.5 1337.0 102 106 -1
105 -46.0 -140.5 1359.5 103 107 -1
106 -31.5 -147.5 1337.0 104 108 -1
107 -46.5 -140.5 1360.0 105 109 -1
108 -31.0 -147.5 1336.5 106 110 -1
109 -46.5 -140.5 1360.5 107 111 -1
110 -30.5 -147.5 1336.5 108 112 -1
111 -46.5 -140.5 1361.0 109 113 -1
112 -30.0 -147.5 1336.5 110 114 -1
113 -46.5 -140.5 1361.5 111 115 -1
114 -29.5 -147.5 1336.5 112 116 -1
115 -46.5 -140.5 1362.0 113 117 -1
116 -29.0 -147.5 1336.5 114 118 -1
117 -46.5 -140.5 1362.5 115 119 -1
118 -28.5 -147.5 1336.5 116 120 -1
119 -46.5 -140.5 1363.0 117 121 -1
120 -28.0 -147.5 1336.5 118 122 -1
121 -46.5 -140.5 1363.5 119 123 -1
122 -27.5 -148.0 1336.0 120 124 -1
123 -47.0 -140.5 1364.0 121 125 -1
124 -27.0 -148.0 1335.5 122 126 -1
125 -46.5 -140.0 1364.5 123 127 -1
126 -26.5 -148.0 1335.5 124 128 -1
127 -47.0 -140.5 1365.0 125 129 -1
128 -26.0 -148.0 1335.5 126 130 -1
129 -46.5 -140.0 1365.5 127 131 -1
130 -25.5 -148.0 1335.5 128 132 -1
131 -46.5 -140.0 1366.0 129 133 -1
132 -25.0 -147.5 1335.5 130 134 -1
133 -47.0 -140.0 1366.5 131 135 -1
134 -24.5 -147.5 1335.5 132 136 -1
135 -47.0 -140.0 1367.0 133 137 -1
136 -24.0 -147.5 1335.5 134 138 -1
137 -47.0 -139.5 1367.5 135 139 -1
138 -23.5 -147.5 1335.5 136 140 -1
139 -46.5 -139.0 1368.0 137 141 -1
140 -23.0 -147.5 1335.5 138 142 -1
141 -47.0 -139.5 1368.5 139 143 -1
142 -22.5 -147.0 1335.5 140 144 -1
143 -47.0 -139.0 1369.0 141 145 -1
144 -22.0 -147.0 1336.0 142 146 -1
145 -46.5 -138.5 1369.5 143 147 -1
146 -21.5 -147.0 1336.5 144 148 -1
147 -46.5 -138.5 1370.0 145 149 -1
148 -21.0 -146.5 1336.5 146 150 -1
149 -47.0 -138.5 1370.5 147 151 -1
150 -20.5 -146.5 1337.0 148 152 -1
151 -47.0 -138.5 1371.0 149 153 -1
152 -20.0 -146.0 1337.5 150 154 155
153 -47.5 -138.5 1371.5 151 156 -1
154 -19.5 -146.0 1337.5 152 157 -1
155 -20.0 -146.0 1338.5 152 158 -1
156 -47.5 -138.5 1372.0 153 159 -1
157 -19.0 -146.0 1337.5 154 160 -1
158 -20.0 -146.0 1339.0 155 161 -1
159 -48.0 -139.0 1372.5 156 162 -1
160 -18.5 -146.0 1337.5 157 163 -1
161 -20.5 -146.0 1339.5 158 164 -1
162 -47.5 -138.5 1373.0 159 165 -1
163 -18.0 -146.0 1337.0 160 166 -1
164 -20.5 -146.0 1340.0 161 167 -1
165 -48.0 -138.5 1373.5 162 168 -1
166 -17.5 -146.0 1336.5 163 169 -1
167 -20.5 -146.5 1340.5 164 170 -1
168 -48.0 -138.5 1374.0 165 171 -1
169 -17.0 -145.5 1336.5 166 172 -1
170 -21.0 -146.5 1341.0 167 173 -1
171 -48.0 -138.5 1374.5 168 174 -1
172 -16.5 -146.0 1336.0 169 175 -1
173 -21.0 -146.5 1341.5 170 176 -1
174 -48.0 -138.5 1375.0 171 177 -1
175 -16.0 -146.0 1336.0 172 178 -1
176 -21.0 -146.5 1342.0 173 179 -1
177 -48.5 -138.5 1375.5 174 180 -1
178 -15.5 -146.0 1335.5 175 181 -1
179 -21.0 -146.5 1342.5 176 182 -1
180 -48.5 -139.0 1376.0 177 183 -1
181 -15.0 -145.5 1336.0 178 184 -1
182 -21.0 -146.5 1343.0 179 185 -1
183 -48.5 -139.0 1376.5 180 186 -1
184 -14.5 -145.5 1336.0 181 187 -1
185 -21.5 -146.5 1343.5 182 188 -1
186 -49.0 -139.0 1377.0 183 189 -1
187 -14.0 -146.0 1335.5 184 190 -1
188 -21.0 -147.0 1344.0 185 191 -1
189 -49.5 -139.0 1377.5 186 192 -1
190 -13.5 -146.0 1335.5 187 193 -1
191 -21.5 -147.0 1344.5 188 194 -1
192 -49.5 -139.0 1378.0 189 195 -1
193 -13.0 -146.0 1335.5 190 196 -1
194 -22.0 -147.0 1345.0 191 197 -1
195 -50.0 -138.5 1378.5 192 198 -1
196 -12.5 -146.0 1335.0 193 199 -1
197 -21.5 -147.0 1345.5 194 200 -1
198 -50.0 -138.5 1379.0 195 201 -1
199 -12.0 -146.0 1335.0 196 202 -1
200 -22.0 -147.0 1346.0 197 203 -1
201 -50.0 -138.5 1379.5 198 204 -1
202 -11.5 -146.0 1335.5 199 205 -1
203 -21.5 -147.5 1346.5 200 206 -1
204 -50.5 -138.5 1380.0 201 207 -1
205 -11.0 -146.0 1335.0 202 208 -1
206 -21.5 -147.5 1347.0 203 209 -1
207 -51.0 -138.5 1380.5 204 210 -1
208 -10.5 -146.5 1335.0 205 211 -1
209 -21.5 -148.0 1347.5 206 212 -1
210 -50.5 -139.0 1381.0 207 213 -1
211 -10.0 -146.5 1335.0 208 214 -1
212 -22.0 -148.0 1348.0 209 215 -1
213 -51.0 -139.0 1381.5 210 216 -1
214 -9.5 -147.0 1335.0 211 217 -1
215 -22.0 -148.5 1348.5 212 218 -1
216 -51.5 -138.5 1382.0 213 219 -1
217 -9.0 -147.0 1335.0 214 220 -1
218 -22.0 -148.5 1349.0 215 221 -1
219 -51.5 -138.5 1382.5 216 222 -1
220 -8.5 -147.5 1335.0 217 223 -1
221 -22.0 -149.0 1349.5 218 224 -1
222 -51.5 -138.5 1383.0 219 225 -1
223 -8.0 -147.5 1335.0 220 226 -1
224 -22.0 -149.5 1350.0 221 227 -1
225 -52.0 -138.5 1383.5 222 228 -1
226 -7.5 -147.5 1335.0 223 229 -1
227 -22.0 -150.0 1350.5 224 230 -1
228 -52.0 -138.5 1384.0 225 231 -1
229 -7.0 -147.5 1335.0 226 232 -1
230 -22.0 -150.5 1351.0 227 233 -1
231 -52.5 -138.5 1384.5 228 234 -1
232 -6.5 -148.0 1335.0 229 235 -1
233 -21.5 -151.0 1351.5 230 236 -1
234 -53.0 -138.0 1385.0 231 237 -1
235 -6.0 -148.0 1335.0 232 238 -1
236 -21.5 -151.5 1351.5 233 239 -1
237 -53.5 -138.0 1385.5 234 240 -1
238 -5.5 -148.5 1335.5 235 241 -1
239 -21.5 -152.0 1352.0 236 242 -1
240 -54.0 -137.5 1386.0 237 243 -1
241 -5.0 -149.0 1335.0 238 244 -1
242 -21.0 -152.5 1352.5 239 245 -1
243 -54.5 -137.0 1386.5 240 246 -1
244 -4.5 -149.0 1335.0 241 247 -1
245 -20.5 -153.0 1352.5 242 248 -1
246 -55.0 -137.0 1387.0 243 249 -1
247 -4.0 -149.5 1335.0 244 250 -1
248 -20.0 -153.5 1353.0 245 251 -1
249 -55.5 -136.5 1387.5 246 252 -1
250 -3.5 -149.5 1335.0 247 253 -1
251 -20.0 -154.0 1353.0 248 254 -1
252 -56.0 -136.0 1388.0 249 255 -1
253 -3.0 -149.5 1335.0 250 256 -1
254 -20.0 -154.5 1353.0 251 257 -1
255 -56.5 -136.0 1388.5 252 258 -1
256 -2.5 -149.5 1335.0 253 259 -1
257 -20.0 -155.0 1353.5 254 260 -1
258 -57.0 -135.5 1389.0 255 261 -1
259 -2.0 -150.0 1335.0 256 262 -1
260 -19.5 -155.5 1353.5 257 263 -1
261 -57.5 -135.5 1389.5 258 264 -1
262 -1.5 -150.5 1335.0 259 265 -1
263 -19.5 -156.0 1354.0 260 266 -1
264 -58.0 -135.5 1390.0 261 267 -1
265 -1.0 -150.5 1334.5 262 268 -1
266 -19.0 -156.5 1354.0 263 269 -1
267 -58.0 -135.5 1390.5 264 270 -1
268 -0.5 -151.0 1334.0 265 271 -1
269 -18.5 -157.0 1354.0 266 272 -1
270 -58.5 -135.5 1391.0 267 273 -1
271 0.0 -151.0 1334.0 268 274 -1
272 -18.0 -157.5 1354.5 269 275 -1
273 -59.0 -135.5 1391.5 270 276 -1
274 0.5 -151.0 1333.5 271 277 -1
275 -17.5 -158.0 1354.0 272 278 -1
276 -59.5 -135.5 1392.0 273 279 -1
277 1.0 -151.0 1333.5 274 280 -1
278 -17.0 -158.0 1354.0 275 281 -1
279 -59.5 -135.5 1392.5 276 282 -1
280 1.5 -151.5 1333.0 277 283 -1
281 -16.5 -158.0 1354.5 278 284 -1
282 -60.0 -135.5 1393.0 279 285 -1
283 2.0 -151.5 1332.5 280 286 -1
284 -16.0 -158.5 1354.0 281 287 -1
285 -60.0 -136.0 1393.5 282 288 -1
286 2.5 -151.0 1332.5 283 289 -1
287 -15.5 -158.5 1354.0 284 290 -1
288 -60.5 -136.0 1394.0 285 291 -1
289 3.0 -151.0 1332.0 286 292 -1
290 -15.0 -158.5 1354.0 287 293 -1
291 -60.5 -136.5 1394.5 288 294 -1
292 3.0 -151.0 1331.5 289 295 -1
293 -14.5 -159.0 1353.5 290 296 -1
294 -60.5 -136.5 1395.0 291 297 -1
295 3.5 -151.0 1331.0 292 298 -1
296 -14.0 -159.0 1353.5 293 299 -1
297 -61.0 -136.5 1395.5 294 300 -1
298 3.5 -151.5 1330.5 295 301 -1
299 -13.5 -159.0 1353.5 296 302 -1
300 -61.5 -136.5 1396.0 297 303 -1
301 3.5 -151.5 1330.0 298 304 -1
302 -13.0 -159.5 1353.0 299 305 -1
303 -62.0 -137.0 1396.5 300 306 -1
304 4.0 -151.5 1329.5 301 307 -1
305 -12.5 -159.5 1353.0 302 308 -1
306 -62.5 -137.5 1397.0 303 309 -1
307 4.0 -151.5 1329.0 304 310 -1
308 -12.0 -159.0 1353.0 305 311 -1
309 -62.5 -138.0 1397.5 306 312 -1
310 4.5 -151.0 1328.5 307 313 -1
311 -11.5 -159.0 1353.0 308 314 -1
312 -63.0 -138.0 1398.0 309 315 -1
313 5.0 -151.0 1328.0 310 316 -1
314 -11.0 -159.0 1352.5 311 317 -1
315 -63.5 -138.0 1398.5 312 318 319
316 5.0 -150.5 1327.5 313 320 -1
317 -10.5 -159.0 1352.5 314 321 -1
318 -63.0 -138.5 1399.0 315 322 -1
319 -64.0 -137.5 1399.5 315 323 -1
320 5.5 -150.5 1327.0 316 324 -1
321 -10.0 -159.0 1352.0 317 325 -1
322 -62.5 -139.0 1399.0 318 326 -1
323 -64.5 -137.0 1400.0 319 327 -1
324 5.5 -150.0 1326.5 320 328 -1
325 -9.5 -159.0 1352.0 321 329 -1
326 -62.0 -139.0 1398.5 322 330 -1
327 -65.0 -137.0 1400.5 323 331 -1
328 5.5 -149.5 1326.0 324 332 -1
329 -9.0 -159.0 1351.5 325 333 -1
330 -61.5 -139.5 1398.5 326 334 -1
331 -65.5 -136.5 1401.0 327 335 -1
332 6.0 -149.0 1325.5 328 336 -1
333 -8.5 -158.5 1351.5 329 337 -1
334 -61.5 -140.0 1398.5 330 338 -1
335 -65.5 -137.0 1401.5 331 339 -1
336 6.0 -148.5 1325.0 332 340 -1
337 -8.0 -158.5 1351.5 333 341 -1
338 -61.0 -140.5 1398.5 334 342 -1
339 -66.0 -136.5 1402.0 335 343 -1
340 6.0 -148.0 1325.0 336 344 -1
341 -7.5 -158.0 1351.5 337 345 -1
342 -60.5 -141.0 1398.5 338 346 -1
343 -66.5 -136.0 1402.5 339 347 -1
344 6.5 -147.5 1324.5 340 348 -1
345 -7.0 -158.0 1351.0 341 349 -1
346 -60.0 -141.0 1398.5 342 350 -1
347 -67.0 -136.0 1403.0 343 351 -1
348 6.5 -147.0 1324.0 344 352 -1
349 -6.5 -157.5 1351.5 345 353 -1
350 -59.5 -141.5 1398.5 346 354 -1
351 -67.0 -135.5 1403.5 347 355 -1
352 7.0 -146.5 1323.5 348 356 -1
353 -6.0 -157.0 1351.5 349 357 -1
354 -59.0 -142.0 1399.0 350 358 -1
355 -67.0 -135.0 1404.0 351 359 -1
356 7.0 -146.0 1323.5 352 360 -1
357 -5.5 -157.0 1351.0 353 361 -1
358 -58.5 -142.0 1399.0 354 362 -1
359 -67.5 -135.0 1404.5 355 363 -1
360 7.5 -145.5 1323.0 356 364 -1
361 -5.0 -157.0 1350.5 357 365 -1
362 -58.0 -142.0 1399.0 358 366 -1
363 -68.0 -134.5 1405.0 359 367 -1
364 7.5 -145.0 1323.0 360 368 -1
365 -4.5 -156.5 1350.5 361 369 -1
366 -57.5 -142.5 1399.0 362 370 -1
367 -68.0 -134.5 1405.5 363 371 -1
368 7.5 -144.5 1322.5 364 372 -1
369 -4.0 -156.0 1350.5 365 373 -1
370 -57.0 -142.5 1399.5 366 374 -1
371 -68.0 -134.0 1406.0 367 375 -1
372 8.0 -144.0 1322.0 368 376 -1
373 -3.5 -156.0 1350.0 369 377 -1
374 -56.5 -142.5 1399.5 370 378 -1
375 -68.5 -133.5 1406.5 371 379 -1
376 8.0 -143.5 1322.0 372 380 -1
377 -3.0 -155.5 1350.0 373 381 -1
378 -56.0 -142.5 1399.5 374 382 -1
379 -68.5 -133.5 1407.0 375 383 -1
380 8.5 -143.0 1321.5 376 384 -1
381 -2.5 -155.0 1350.0 377 385 -1
382 -55.5 -143.0 1400.0 378 386 -1
383 -69.0 -134.0 1407.5 379 387 -1
384 8.5 -142.5 1321.5 380 388 -1
385 -2.0 -154.5 1349.5 381 389 -1
386 -55.0 -143.0 1400.5 382 390 -1
387 -69.0 -133.5 1408.0 383 391 -1
388 8.5 -142.0 1321.0 384 392 -1
389 -1.5 -154.0 1349.5 385 393 -1
390 -54.5 -143.5 1400.5 386 394 -1
391 -69.5 -133.5 1408.5 387 395 -1
392 9.0 -141.5 1321.0 388 396 -1
393 -1.0 -153.5 1349.0 389 397 -1
394 -54.0 -143.5 1401.0 390 398 -1
395 -69.5 -133.5 1409.0 391 399 -1
396 9.0 -141.0 1320.5 392 400 -1
397 -0.5 -153.0 1349.0 393 401 -1
398 -53.5 -144.0 1401.5 394 402 -1
399 -69.5 -133.5 1409.5 395 403 -1
400 9.5 -140.5 1320.0 396 404 -1
401 -0.5 -152.5 1349.0 397 405 -1
402 -53.0 -144.0 1402.0 398 406 -1
403 -70.0 -133.5 1410.0 399 407 -1
404 10.0 -140.0 1320.0 400 408 -1
405 0.0 -152.0 1349.0 401 409 -1
406 -52.5 -144.5 1402.0 402 410 -1
407 -70.0 -133.5 1410.5 403 411 -1
408 10.5 -139.5 1320.0 404 412 -1
409 0.0 -151.5 1349.0 405 413 -1
410 -52.0 -144.5 1402.5 406 414 -1
411 -70.0 -133.5 1411.0 407 415 -1
412 11.0 -139.0 1320.0 408 416 -1
413 0.5 -151.0 1348.5 409 417 -1
414 -51.5 -145.0 1402.5 410 418 -1
415 -70.0 -133.5 1411.5 411 419 -1
416 11.5 -138.5 1319.5 412 420 -1
417 0.5 -150.5 1348.5 413 421 -1
418 -51.0 -145.5 1402.5 414 422 -1
419 -70.5 -134.0 1412.0 415 423 -1
420 11.5 -138.0 1319.0 416 424 -1
421 1.0 -150.0 1348.5 417 425 -1
422 -50.5 -146.0 1403.0 418 426 -1
423 -70.5 -133.5 1412.5 419 427 -1
424 12.0 -137.5 1319.0 420 428 -1
425 1.0 -149.5 1348.5 421 429 -1
426 -50.0 -146.0 1403.5 422 430 -1
427 -71.0 -134.0 1413.0 423 431 -1
428 12.0 -137.0 1318.5 424 432 -1
429 1.0 -149.0 1348.5 425 433 -1
430 -49.5 -146.5 1403.5 426 434 -1
431 -71.5 -134.0 1413.5 427 435 -1
432 12.0 -136.5 1318.0 428 436 -1
433 1.5 -148.5 1349.0 429 437 -1
434 -49.5 -147.0 1403.5 430 438 -1
435 -71.5 -134.0 1414.0 431 439 -1
436 12.0 -136.0 1318.0 432 -1 -1
437 2.0 -148.0 1349.0 433 440 -1
438 -49.0 -147.5 1404.0 434 441 -1
439 -72.0 -134.5 1414.5 435 442 -1
440 2.5 -147.5 1349.0 437 443 -1
441 -48.5 -148.0 1404.5 438 -1 -1
442 -72.5 -134.5 1415.0 439 444 -1
443 3.0 -147.0 1349.0 440 445 -1
444 -73.0 -134.5 1415.5 442 446 -1
445 3.0 -146.5 1349.0 443 447 -1
446 -73.5 -135.0 1416.0 444 448 -1
447 3.0 -146.0 1349.5 445 449 -1
448 -73.5 -135.0 1416.5 446 450 -1
449 3.5 -145.5 1350.0 447 451 -1
450 -73.5 -135.0 1417.0 448 452 -1
451 4.0 -145.0 1350.0 449 453 -1
452 -74.0 -135.0 1417.5 450 454 -1
453 4.5 -144.5 1350.5 451 455 -1
454 -74.0 -135.0 1418.0 452 456 -1
455 4.5 -144.0 1351.0 453 457 -1
456 -74.5 -135.0 1418.5 454 -1 -1
457 4.5 -143.5 1351.5 455 458 -1
458 5.0 -143.5 1352.0 457 459 -1
459 5.0 -143.0 1352.5 458 460 -1
460 5.5 -143.0 1353.0 459 461 -1
461 5.0 -142.5 1353.5 460 462 -1
462 5.0 -142.5 1354.0 461 463 -1
463 5.0 -142.0 1354.5 462 464 -1
464 5.0 -142.0 1355.0 463 465 -1
465 4.5 -142.0 1355.5 464 466 -1
466 4.5 -141.5 1356.0 465 467 -1
467 4.0 -141.5 1356.5 466 468 -1
468 4.0 -141.5 1357.0 467 469 -1
469 3.5 -141.5 1357.5 468 470 -1
470 3.5 -141.5 1358.0 469 471 -1
471 3.0 -141.5 1358.5 470 472 -1
472 2.5 -141.5 1359.0 471 473 -1
473 2.5 -141.5 1359.5 472 474 -1
474 2.0 -141.5 1360.0 473 475 -1
475 1.5 -141.5 1360.0 474 476 -1
476 1.0 -141.5 1360.5 475 477 -1
477 0.5 -141.5 1360.5 476 478 -1
478 0.0 -141.5 1361.0 477 479 -1
479 -0.5 -141.5 1361.5 478 480 -1
480 -1.0 -142.0 1362.0 479 481 -1
481 -1.5 -142.0 1362.5 480 482 -1
482 -2.0 -142.0 1363.0 481 483 -1
483 -2.5 -142.0 1363.0 482 484 -1
484 -3.0 -142.5 1363.0 483 485 -1
485 -3.5 -142.5 1363.5 484 486 -1
486 -4.0 -142.5 1363.5 485 487 -1
487 -4.5 -142.5 1363.5 486 488 -1
488 -5.0 -142.5 1364.0 487 489 -1
489 -5.5 -142.5 1364.0 488 490 -1
490 -6.0 -142.5 1364.5 489 491 -1
491 -6.5 -142.5 1364.5 490 492 -1
492 -7.0 -142.5 1364.5 491 493 -1
493 -7.5 -142.5 1364.5 492 494 -1
494 -8.0 -142.5 1364.5 493 495 -1
495 -8.5 -142.5 1364.5 494 496 -1
496 -9.0 -142.5 1364.0 495 497 -1
497 -9.5 -142.5 1364.0 496 498 -1
498 -10.0 -142.5 1364.0 497 499 -1
499 -10.5 -142.0 1364.5 498 500 -1
500 -11.0 -142.0 1364.5 499 501 -1
501 -11.5 -141.5 1364.5 500 502 -1
502 -12.0 -141.5 1364.5 501 503 -1
503 -12.5 -141.5 1364.5 502 504 -1
504 -13.0 -141.0 1364.5 503 505 -1
505 -13.5 -141.0 1364.5 504 506 -1
506 -14.0 -140.5 1365.0 505 507 -1
507 -14.5 -140.5 1365.0 506 508 -1
508 -15.0 -140.0 1365.0 507 509 -1
509 -15.5 -140.0 1365.5 508 510 -1
510 -16.0 -139.5 1366.0 509 511 -1
511 -16.5 -139.0 1366.5 510 512 -1
512 -17.0 -138.5 1367.0 511 513 -1
513 -17.0 -138.0 1367.5 512 514 -1
514 -17.0 -138.0 1368.0 513 515 -1
515 -17.5 -137.5 1368.5 514 516 -1
516 -17.5 -137.5 1369.0 515 517 -1
517 -17.5 -137.0 1369.5 516 518 -1
518 -17.5 -137.0 1370.0 517 519 -1
519 -17.5 -136.5 1370.5 518 520 -1
520 -17.5 -136.5 1371.0 519 521 -1
521 -17.5 -136.0 1371.5 520 522 -1
522 -17.0 -136.0 1372.0 521 523 -1
523 -17.0 -136.0 1372.5 522 524 -1
524 -17.0 -136.0 1373.0 523 525 -1
525 -16.5 -135.5 1373.5 524 526 -1
526 -16.5 -135.5 1374.0 525 527 -1
527 -16.5 -135.5 1374.5 526 528 -1
528 -16.5 -135.5 1375.0 527 529 -1
529 -16.0 -135.5 1375.5 528 530 -1
530 -16.0 -135.5 1376.0 529 531 -1
531 -16.0 -135.5 1376.5 530 532 -1
532 -16.0 -135.5 1377.0 531 533 -1
533 -16.0 -135.5 1377.5 532 534 -1
534 -16.0 -136.0 1378.0 533 535 -1
535 -16.0 -136.0 1378.5 534 536 -1
536 -16.0 -136.0 1379.0 535 537 -1
537 -15.5 -136.0 1379.5 536 538 -1
538 -15.5 -136.0 1380.0 537 539 -1
539 -15.5 -136.5 1380.5 538 540 -1
540 -15.5 -136.5 1381.0 539 541 -1
541 -15.5 -137.0 1381.5 540 542 -1
542 -15.0 -137.5 1382.0 541 543 -1
543 -15.5 -137.5 1382.5 542 544 -1
544 -15.0 -138.0 1383.0 543 545 -1
545 -15.5 -138.0 1383.5 544 546 -1
546 -15.0 -138.5 1384.0 545 547 -1
547 -15.0 -139.0 1384.5 546 -1 -1
