0 74.0 -131.0 854.5 -1 1 -1
1 74.0 -130.5 854.0 0 2 -1
2 74.0 -130.0 853.5 1 3 -1
3 73.5 -129.5 853.5 2 4 -1
4 73.0 -129.5 853.5 3 5 -1
5 72.5 -129.5 854.0 4 6 -1
6 72.0 -129.5 854.0 5 7 -1
7 71.5 -129.5 854.0 6 8 -1
8 71.0 -129.5 854.5 7 9 -1
9 70.5 -129.5 854.5 8 10 -1
10 70.0 -129.0 854.5 9 11 -1
11 69.5 -129.0 854.5 10 12 -1
12 69.0 -129.0 854.5 11 13 -1
13 68.5 -128.5 854.5 12 14 -1
14 68.0 -128.5 854.5 13 15 -1
15 67.5 -128.5 855.0 14 16 -1
16 67.0 -128.5 855.0 15 17 -1
17 66.5 -128.5 855.0 16 18 -1
18 66.0 -129.0 855.5 17 19 -1
19 65.5 -128.5 855.0 18 20 -1
20 65.0 -128.5 855.5 19 21 -1
21 64.5 -128.5 855.5 20 22 -1
22 64.0 -128.5 856.0 21 23 -1
23 63.5 -128.5 856.0 22 24 -1
24 63.0 -128.5 856.0 23 25 -1
25 62.5 -128.5 856.0 24 26 -1
26 62.0 -129.0 856.5 25 27 -1
27 61.5 -129.0 856.5 26 28 -1
28 61.0 -128.5 856.0 27 29 -1
29 60.5 -128.5 856.0 28 30 -1
30 60.0 -128.5 856.0 29 31 -1
31 59.5 -128.5 856.0 30 32 -1
32 59.0 -128.5 856.0 31 33 -1
33 58.5 -128.5 856.0 32 34 -1
34 58.0 -128.0 855.5 33 35 -1
35 57.5 -128.0 855.5 34 36 -1
36 57.0 -127.5 855.5 35 37 -1
37 56.5 -127.5 855.0 36 38 -1
38 56.0 -127.0 855.0 37 39 -1
39 55.5 -127.0 854.5 38 40 -1
40 55.0 -126.5 854.0 39 41 -1
41 54.5 -126.0 854.0 40 42 -1
42 54.0 -125.5 853.5 41 43 -1
43 53.5 -125.5 853.0 42 44 -1
44 53.0 -125.0 852.5 43 45 -1
45 52.5 -124.5 852.0 44 46 -1
46 52.0 -124.0 851.5 45 47 -1
47 52.0 -123.5 851.0 46 48 -1
48 51.5 -123.0 850.5 47 49 -1
49 51.0 -122.5 850.0 48 50 -1
50 51.0 -122.0 849.5 49 51 -1
51 51.0 -121.5 849.0 50 52 -1
52 50.5 -121.0 848.5 51 53 -1
53 50.0 -120.5 848.0 52 54 -1
54 49.5 -120.0 847.5 53 55 -1
55 49.5 -119.5 847.0 54 56 -1
56 49.0 -119.5 846.5 55 57 -1
57 49.0 -119.0 846.0 56 58 -1
58 48.5 -118.5 845.5 57 59 -1
59 48.5 -118.0 845.0 58 60 -1
60 48.5 -118.0 844.5 59 61 -1
61 48.0 -117.5 844.0 60 62 -1
62 48.0 -117.5 843.5 61 63 -1
63 47.5 -117.0 843.0 62 64 -1
64 47.0 -116.5 842.5 63 65 -1
65 47.0 -116.5 842.0 64 66 -1
66 46.5 -116.0 841.5 65 67 -1
67 46.5 -116.0 841.0 66 68 -1
68 46.0 -115.5 840.5 67 69 -1
69 45.5 -115.5 840.0 68 70 -1
70 45.5 -115.0 839.5 69 71 -1
71 45.0 -114.5 839.0 70 72 -1
72 45.0 -114.0 838.5 71 73 -1
73 45.0 -114.0 838.0 72 74 -1
74 44.5 -114.0 837.5 73 75 -1
75 44.5 -113.5 837.0 74 76 -1
76 44.0 -113.5 836.5 75 77 -1
77 44.0 -113.0 836.0 76 78 -1
78 44.0 -113.0 835.5 77 79 -1
79 44.0 -113.0 835.0 78 80 -1
80 43.5 -113.0 834.5 79 81 -1
81 44.0 -112.5 834.0 80 82 -1
82 43.5 -112.5 833.5 81 83 -1
83 43.5 -112.5 833.0 82 84 -1
84 43.5 -112.5 832.5 83 85 -1
85 43.5 -112.5 832.0 84 86 -1
86 43.0 -112.0 831.5 85 87 -1
87 43.5 -112.0 831.0 86 88 -1
88 43.5 -112.0 830.5 87 89 -1
89 43.0 -111.5 830.0 88 90 -1
90 43.0 -112.0 829.5 89 91 -1
91 42.5 -112.0 829.0 90 92 -1
92 42.0 -112.0 828.5 91 93 -1
93 41.5 -112.0 828.0 92 94 -1
94 41.0 -112.5 827.5 93 95 -1
95 40.5 -112.5 827.0 94 96 -1
96 40.0 -112.5 826.5 95 97 -1
97 39.5 -113.0 826.0 96 98 -1
98 39.0 -113.0 825.5 97 99 -1
99 38.5 -113.0 825.5 98 100 -1
100 38.0 -113.0 825.0 99 101 -1
101 37.5 -113.0 824.5 100 102 -1
102 37.0 -113.5 824.0 101 103 -1
103 36.5 -113.5 823.5 102 104 -1
104 36.0 -113.5 823.5 103 105 -1
105 35.5 -114.0 823.0 104 106 -1
106 35.5 -114.5 822.5 105 107 -1
107 35.0 -115.0 822.0 106 108 -1
108 34.5 -115.5 822.0 107 109 -1
109 34.0 -116.0 822.0 108 110 -1
110 33.5 -116.5 822.5 109 111 -1
111 33.0 -117.0 822.0 110 112 -1
112 33.0 -117.5 822.0 111 113 -1
113 32.5 -118.0 822.0 112 114 -1
114 32.0 -118.5 822.0 113 115 -1
115 32.0 -119.0 822.0 114 116 -1
116 31.5 -119.5 822.0 115 117 -1
117 31.0 -120.0 822.0 116 118 -1
118 31.0 -120.5 822.0 117 119 -1
119 30.5 -121.0 822.0 118 120 -1
120 30.0 -121.5 822.5 119 121 -1
121 30.0 -122.0 822.0 120 122 -1
122 29.5 -122.5 822.0 121 123 -1
123 29.0 -123.0 822.5 122 124 -1
124 29.0 -123.5 822.5 123 125 -1
125 29.0 -124.0 822.5 124 126 -1
126 28.5 -124.5 823.0 125 127 -1
127 28.0 -125.0 823.0 126 128 -1
128 28.0 -125.5 823.0 127 129 -1
129 28.0 -126.0 823.0 128 130 -1
130 28.0 -126.5 823.0 129 131 -1
131 28.0 -127.0 823.0 130 132 -1
132 28.0 -127.5 823.0 131 133 -1
133 27.5 -128.0 823.0 132 134 -1
134 27.5 -128.5 823.0 133 135 -1
135 27.5 -129.0 823.5 134 136 -1
136 27.5 -129.5 823.5 135 137 -1
137 27.5 -130.0 824.0 136 138 -1
138 27.0 -130.5 823.5 137 139 -1
139 27.0 -131.0 823.5 138 140 -1
140 27.0 -131.5 824.0 139 141 -1
141 26.5 -132.0 823.5 140 142 -1
142 27.0 -132.5 824.0 141 143 -1
143 26.5 -133.0 823.5 142 144 -1
144 26.5 -133.5 823.5 143 145 -1
145 26.5 -134.0 823.5 144 146 -1
146 26.5 -134.5 824.0 145 147 -1
147 26.5 -135.0 824.0 146 148 -1
148 26.5 -135.5 824.0 147 149 -1
149 26.5 -136.0 824.0 148 150 -1
150 26.5 -136.5 824.0 149 151 -1
151 26.0 -137.0 824.0 150 152 -1
152 26.0 -137.5 824.0 151 153 -1
153 26.0 -138.0 824.0 152 154 -1
154 26.0 -138.5 824.0 153 155 -1
155 26.0 -139.0 824.0 154 156 -1
156 26.0 -139.5 824.0 155 157 -1
157 26.0 -140.0 823.5 156 158 -1
158 26.0 -140.5 823.5 157 159 -1
159 26.0 -141.0 823.5 158 160 -1
160 26.0 -141.5 823.5 159 161 -1
161 26.0 -142.0 823.5 160 162 -1
162 26.0 -142.5 823.0 161 163 -1
163 26.0 -143.0 823.0 162 164 -1
164 26.0 -143.5 823.0 163 165 -1
165 26.0 -144.0 823.0 164 166 -1
166 26.0 -144.5 823.0 165 167 -1
167 26.0 -145.0 823.0 166 168 -1
168 26.0 -145.5 823.0 167 169 -1
169 26.0 -146.0 823.0 168 170 -1
170 25.5 -146.5 823.0 169 171 -1
171 26.0 -147.0 822.5 170 172 -1
172 26.0 -147.5 822.5 171 173 -1
173 26.0 -148.0 822.0 172 174 -1
174 26.0 -148.5 822.0 173 175 -1
175 25.5 -149.0 822.5 174 176 -1
176 25.5 -149.5 822.5 175 177 -1
177 25.0 -150.0 822.5 176 178 -1
178 25.0 -150.5 822.5 177 179 -1
179 25.5 -151.0 822.0 178 180 -1
180 25.0 -151.5 822.0 179 181 -1
181 25.0 -152.0 822.0 180 182 -1
182 25.0 -152.5 822.0 181 183 -1
183 25.0 -153.0 821.5 182 184 -1
184 25.0 -153.5 821.5 183 185 -1
185 25.0 -154.0 821.5 184 186 -1
186 25.0 -154.5 821.0 185 187 -1
187 25.0 -155.0 820.5 186 188 -1
188 24.5 -155.5 821.0 187 189 -1
189 24.0 -156.0 821.5 188 190 -1
190 24.5 -156.5 821.0 189 191 -1
191 24.5 -157.0 820.5 190 192 -1
192 24.0 -157.5 820.5 191 193 -1
193 24.0 -158.0 820.5 192 194 -1
194 24.0 -158.5 820.0 193 195 -1
195 24.0 -159.0 819.5 194 196 -1
196 23.5 -159.5 819.5 195 197 -1
197 23.0 -160.0 819.5 196 198 -1
198 23.0 -160.5 819.0 197 199 -1
199 22.5 -161.0 819.0 198 200 -1
200 22.0 -161.5 819.0 199 201 -1
201 21.5 -162.5 818.0 200 202 -1
202 21.0 -163.0 818.0 201 203 -1
203 20.5 -163.5 817.5 202 204 -1
204 20.5 -164.0 817.0 203 205 -1
205 20.0 -164.5 817.0 204 206 -1
206 19.5 -164.5 817.0 205 207 -1
207 19.0 -165.0 816.5 206 208 -1
208 18.5 -165.5 816.5 207 209 -1
209 18.0 -166.0 816.0 208 210 -1
210 17.5 -166.0 815.5 209 211 -1
211 17.0 -166.5 815.5 210 212 -1
212 16.5 -167.0 815.0 211 213 -1
213 16.0 -167.0 814.5 212 214 -1
214 15.5 -167.5 814.5 213 215 -1
215 15.0 -168.0 814.5 214 216 -1
216 14.5 -168.0 814.0 215 217 -1
217 14.0 -168.5 814.0 216 218 -1
218 13.5 -168.5 813.5 217 219 -1
219 13.0 -169.0 814.0 218 220 -1
220 12.5 -169.0 813.5 219 221 -1
221 12.0 -169.0 813.0 220 222 -1
222 11.5 -169.5 813.5 221 223 -1
223 11.0 -170.0 813.5 222 224 -1
224 10.5 -169.5 813.0 223 225 -1
225 10.0 -169.5 813.0 224 226 -1
226 9.5 -169.5 813.0 225 227 -1
227 9.0 -169.5 813.0 226 228 -1
228 8.5 -169.5 813.0 227 229 -1
229 8.0 -169.5 813.0 228 230 -1
230 7.5 -169.5 812.5 229 231 -1
231 7.0 -169.5 812.5 230 232 -1
232 6.5 -169.5 812.5 231 233 -1
233 6.0 -169.5 812.5 232 234 -1
234 5.5 -169.5 812.5 233 235 -1
235 5.0 -169.5 812.5 234 236 -1
236 4.5 -169.0 812.5 235 237 -1
237 4.0 -169.0 812.5 236 238 -1
238 3.5 -169.0 812.5 237 239 -1
239 3.0 -169.0 812.5 238 240 -1
240 2.5 -169.0 812.5 239 241 -1
241 2.0 -169.0 812.5 240 242 -1
242 1.5 -169.0 812.5 241 243 -1
243 1.0 -169.0 812.0 242 244 -1
244 0.5 -169.0 812.0 243 245 -1
245 0.0 -168.5 812.5 244 246 -1
246 -0.5 -168.5 812.5 245 247 -1
247 -1.0 -168.5 812.0 246 248 -1
248 -1.5 -168.5 812.0 247 249 -1
249 -2.0 -168.5 812.0 248 250 -1
250 -2.5 -168.0 812.0 249 251 -1
251 -3.0 -168.0 812.0 250 252 -1
252 -3.5 -168.0 811.5 251 253 -1
253 -4.0 -167.5 811.5 252 254 -1
254 -4.5 -167.5 811.0 253 255 -1
255 -5.0 -167.5 811.0 254 256 -1
256 -5.5 -167.0 810.5 255 257 -1
257 -6.0 -166.5 810.0 256 258 -1
258 -6.5 -166.0 809.5 257 259 -1
259 -7.0 -165.5 809.5 258 260 -1
260 -7.5 -165.0 809.0 259 261 -1
261 -8.0 -164.5 809.0 260 262 -1
262 -8.0 -164.0 809.0 261 263 -1
263 -8.5 -163.5 809.0 262 264 -1
264 -9.0 -163.0 809.0 263 265 -1
265 -9.5 -162.5 809.0 264 266 -1
266 -10.0 -162.0 809.0 265 267 -1
267 -11.0 -161.0 808.0 266 268 269
268 -11.5 -160.5 808.0 267 271 -1
269 -11.0 -161.5 807.5 267 272 -1
270 -10.5 -161.0 809.0 267 273 -1
271 -11.5 -160.0 808.5 268 274 -1
272 -11.0 -162.0 807.0 269 275 -1
273 -10.0 -161.0 809.5 270 276 -1
274 -12.0 -159.5 808.5 271 277 -1
275 -11.5 -162.5 806.5 272 278 -1
276 -10.0 -160.5 810.0 273 279 -1
277 -12.5 -159.0 808.5 274 280 -1
278 -11.5 -163.0 806.0 275 281 -1
279 -10.0 -160.0 810.5 276 282 -1
280 -12.5 -158.5 809.0 277 283 -1
281 -12.0 -163.5 805.5 278 284 -1
282 -9.5 -160.0 811.0 279 285 -1
283 -12.5 -158.0 809.0 280 286 -1
284 -12.5 -164.0 805.0 281 287 -1
285 -9.5 -160.0 811.5 282 288 -1
286 -12.5 -157.5 809.5 283 289 -1
287 -12.5 -164.5 804.5 284 290 -1
288 -9.0 -160.5 812.0 285 291 -1
289 -13.0 -157.0 810.0 286 292 -1
290 -13.0 -165.0 804.5 287 293 -1
291 -8.5 -160.5 812.5 288 294 -1
292 -13.0 -156.5 810.5 289 295 -1
293 -13.0 -165.5 804.5 290 296 -1
294 -8.5 -160.5 813.0 291 297 -1
295 -13.5 -156.0 810.5 292 298 -1
296 -13.5 -166.0 804.0 293 299 -1
297 -8.5 -160.0 813.5 294 300 -1
298 -14.0 -155.5 810.5 295 301 -1
299 -14.0 -166.5 803.5 296 302 -1
300 -8.5 -159.5 814.0 297 303 -1
301 -14.5 -155.0 811.0 298 304 -1
302 -14.5 -167.0 803.5 299 305 -1
303 -8.5 -159.5 814.5 300 306 -1
304 -15.0 -154.5 811.0 301 307 -1
305 -15.0 -167.5 803.0 302 308 -1
306 -8.5 -159.5 815.0 303 309 -1
307 -15.0 -154.0 811.5 304 310 -1
308 -15.5 -168.0 802.5 305 311 -1
309 -8.5 -159.0 815.5 306 312 -1
310 -15.5 -153.5 812.0 307 313 -1
311 -16.0 -168.5 802.0 308 314 -1
312 -8.5 -158.5 816.0 309 315 -1
313 -15.5 -153.0 812.5 310 316 -1
314 -16.5 -169.0 801.5 311 317 -1
315 -8.5 -158.0 816.5 312 318 -1
316 -15.5 -152.5 813.0 313 319 -1
317 -17.0 -169.0 801.0 314 320 -1
318 -8.5 -158.0 817.0 315 321 -1
319 -16.0 -152.0 813.0 316 322 -1
320 -17.0 -169.0 800.5 317 323 -1
321 -9.0 -157.5 817.5 318 324 -1
322 -16.5 -151.5 813.5 319 325 -1
323 -17.0 -169.5 800.0 320 326 -1
324 -9.0 -157.0 818.0 321 327 -1
325 -16.5 -151.0 814.0 322 328 -1
326 -17.5 -169.5 799.5 323 329 -1
327 -8.5 -157.0 818.5 324 330 -1
328 -17.0 -150.5 814.5 325 331 -1
329 -17.5 -169.5 799.0 326 332 -1
330 -8.0 -157.0 819.0 327 333 -1
331 -17.5 -150.0 815.0 328 334 -1
332 -18.0 -170.0 798.5 329 335 -1
333 -7.5 -156.5 819.5 330 336 -1
334 -17.5 -150.0 815.5 331 337 -1
335 -18.0 -170.0 798.0 332 338 -1
336 -7.5 -156.5 820.0 333 339 -1
337 -18.0 -149.5 816.0 334 340 -1
338 -18.0 -169.5 797.5 335 341 -1
339 -7.0 -156.5 820.5 336 342 -1
340 -18.5 -149.0 816.5 337 343 -1
341 -18.0 -169.5 797.0 338 344 -1
342 -7.0 -156.5 821.0 339 345 -1
343 -18.5 -149.0 817.0 340 346 -1
344 -17.5 -169.0 796.5 341 347 -1
345 -7.0 -156.5 821.5 342 348 -1
346 -19.0 -148.5 817.5 343 349 -1
347 -17.5 -169.0 796.0 344 350 -1
348 -7.5 -156.5 822.0 345 351 -1
349 -19.5 -148.0 818.0 346 352 -1
350 -18.0 -169.0 795.5 347 353 -1
351 -7.5 -156.5 822.5 348 354 -1
352 -20.0 -147.5 818.5 349 355 -1
353 -18.0 -169.0 795.0 350 356 -1
354 -7.5 -156.5 823.0 351 357 -1
355 -20.5 -147.0 819.0 352 358 -1
356 -18.0 -169.0 794.5 353 359 -1
357 -8.0 -156.5 823.5 354 360 -1
358 -21.0 -146.5 819.5 355 361 -1
359 -18.0 -168.5 794.0 356 362 -1
360 -8.0 -156.5 824.0 357 363 -1
361 -21.5 -146.5 820.0 358 364 -1
362 -17.5 -168.0 793.5 359 365 -1
363 -8.0 -156.0 824.5 360 366 -1
364 -22.0 -146.0 820.5 361 367 -1
365 -17.5 -168.0 793.0 362 368 -1
366 -8.0 -156.0 825.0 363 369 -1
367 -22.5 -146.0 821.0 364 370 -1
368 -17.0 -167.5 792.5 365 371 -1
369 -8.0 -156.5 825.5 366 372 -1
370 -22.5 -145.5 821.5 367 373 -1
371 -17.0 -167.5 792.0 368 374 -1
372 -8.5 -156.5 826.0 369 375 -1
373 -23.0 -145.5 822.0 370 376 -1
374 -17.5 -167.5 791.5 371 377 -1
375 -8.5 -156.5 826.5 372 378 -1
376 -23.5 -146.0 822.0 373 379 -1
377 -17.5 -167.0 791.0 374 380 -1
378 -9.0 -156.0 827.0 375 381 -1
379 -24.0 -145.5 822.5 376 382 -1
380 -17.5 -167.0 790.5 377 383 -1
381 -9.0 -156.0 827.5 378 384 -1
382 -24.5 -145.0 823.0 379 385 -1
383 -17.5 -167.0 790.0 380 386 -1
384 -9.0 -156.0 828.0 381 387 -1
385 -24.5 -144.5 823.5 382 388 -1
386 -17.5 -166.5 789.5 383 389 -1
387 -9.0 -156.0 828.5 384 390 -1
388 -24.5 -144.0 824.0 385 391 -1
389 -17.5 -166.5 789.0 386 392 -1
390 -9.0 -156.0 829.0 387 393 -1
391 -25.0 -144.0 824.5 388 394 -1
392 -18.0 -166.5 788.5 389 395 -1
393 -9.0 -156.0 829.5 390 396 -1
394 -25.5 -144.0 825.0 391 397 -1
395 -18.0 -166.0 788.0 392 398 -1
396 -9.5 -155.5 830.0 393 399 -1
397 -26.0 -143.5 825.5 394 400 -1
398 -17.5 -165.5 787.5 395 401 -1
399 -9.5 -155.5 830.5 396 402 -1
400 -26.0 -143.0 826.0 397 403 -1
401 -17.5 -165.0 787.0 398 404 -1
402 -9.5 -155.5 831.0 399 405 -1
403 -26.5 -143.0 826.5 400 406 -1
404 -17.0 -164.5 786.5 401 407 -1
405 -9.5 -155.5 831.5 402 408 -1
406 -27.0 -142.5 827.0 403 409 -1
407 -17.0 -164.0 786.0 404 410 -1
408 -9.5 -155.5 832.0 405 411 -1
409 -27.5 -142.5 827.5 406 412 -1
410 -17.0 -164.0 785.5 407 413 -1
411 -9.5 -155.5 832.5 408 414 -1
412 -28.0 -142.5 827.5 409 415 -1
413 -16.5 -163.5 785.0 410 416 -1
414 -10.0 -155.0 833.0 411 417 -1
415 -28.5 -142.5 828.0 412 418 -1
416 -16.0 -163.5 784.5 413 419 -1
417 -10.0 -155.0 833.5 414 420 -1
418 -28.5 -142.0 828.5 415 421 -1
419 -15.5 -163.0 784.0 416 422 -1
420 -10.0 -155.0 834.0 417 423 -1
421 -29.0 -142.0 829.0 418 424 -1
422 -15.0 -162.5 783.5 419 425 -1
423 -10.0 -155.0 834.5 420 426 -1
424 -29.5 -142.0 829.5 421 427 -1
425 -15.0 -162.5 783.0 422 428 -1
426 -10.0 -155.0 835.0 423 429 -1
427 -30.0 -141.5 830.0 424 430 -1
428 -14.5 -162.5 782.5 425 431 -1
429 -10.0 -154.5 835.5 426 432 -1
430 -30.0 -141.0 830.5 427 433 -1
431 -14.5 -162.5 782.0 428 434 -1
432 -9.5 -154.5 836.0 429 435 -1
433 -30.5 -141.0 831.0 430 436 -1
434 -14.0 -162.0 781.5 431 437 -1
435 -9.5 -154.5 836.5 432 438 -1
436 -31.0 -141.0 831.5 433 439 -1
437 -14.0 -162.0 781.0 434 440 -1
438 -9.5 -154.5 837.0 435 441 -1
439 -31.5 -140.5 832.0 436 442 -1
440 -13.5 -162.0 780.5 437 443 -1
441 -9.5 -154.0 837.5 438 444 -1
442 -32.0 -140.5 832.5 439 445 -1
443 -14.0 -161.5 780.0 440 446 -1
444 -9.0 -154.0 838.0 441 447 -1
445 -32.5 -140.5 833.0 442 448 -1
446 -13.5 -161.5 779.5 443 449 -1
447 -9.0 -154.0 838.5 444 450 -1
448 -33.0 -140.5 833.5 445 451 -1
449 -13.5 -161.5 779.0 446 452 -1
450 -8.5 -154.0 839.0 447 453 -1
451 -33.5 -140.5 834.0 448 454 -1
452 -13.0 -161.5 778.5 449 455 -1
453 -8.5 -154.0 839.5 450 456 -1
454 -34.0 -140.5 834.5 451 457 -1
455 -12.5 -161.5 778.0 452 458 -1
456 -8.0 -153.5 840.0 453 459 -1
457 -34.5 -140.0 835.0 454 460 -1
458 -12.5 -161.5 777.5 455 461 -1
459 -8.0 -153.5 840.5 456 462 -1
460 -35.0 -140.0 835.5 457 463 -1
461 -12.0 -162.0 777.0 458 464 -1
462 -8.0 -153.5 841.0 459 465 -1
463 -35.5 -140.0 836.0 460 466 -1
464 -12.0 -162.5 776.5 461 467 -1
465 -7.5 -153.5 841.5 462 468 -1
466 -35.5 -139.5 836.5 463 469 -1
467 -12.0 -162.5 776.0 464 470 -1
468 -7.5 -153.5 842.0 465 471 -1
469 -36.0 -139.5 837.0 466 472 -1
470 -12.5 -162.5 775.5 467 473 -1
471 -7.0 -153.5 842.5 468 474 -1
472 -36.5 -139.5 837.5 469 475 -1
473 -12.0 -163.0 775.0 470 476 -1
474 -6.5 -153.5 843.0 471 477 -1
475 -37.0 -139.5 838.0 472 478 -1
476 -12.0 -163.0 774.5 473 479 -1
477 -6.5 -153.5 843.5 474 480 -1
478 -37.5 -139.0 838.5 475 481 -1
479 -12.0 -163.0 774.0 476 482 -1
480 -6.0 -153.0 844.0 477 483 -1
481 -38.0 -139.0 839.0 478 484 -1
482 -11.5 -163.5 773.5 479 485 -1
483 -6.0 -153.0 844.5 480 486 -1
484 -38.5 -139.0 839.5 481 487 -1
485 -11.5 -164.0 773.0 482 488 -1
486 -5.5 -153.5 845.0 483 489 -1
487 -39.0 -139.0 840.0 484 490 -1
488 -12.0 -164.0 772.5 485 491 -1
489 -5.5 -153.0 845.5 486 492 -1
490 -39.5 -138.5 840.5 487 493 -1
491 -11.5 -164.5 772.0 488 494 -1
492 -5.0 -153.0 846.0 489 495 -1
493 -40.0 -138.5 841.0 490 496 -1
494 -11.5 -165.0 771.5 491 497 -1
495 -5.0 -153.0 846.5 492 498 -1
496 -40.0 -138.0 841.5 493 499 -1
497 -11.5 -165.5 771.0 494 500 -1
498 -5.0 -152.5 847.0 495 501 -1
499 -40.5 -138.0 842.0 496 502 -1
500 -11.5 -165.5 770.5 497 503 -1
501 -4.5 -152.5 847.5 498 504 -1
502 -41.0 -138.0 842.5 499 505 -1
503 -11.5 -166.0 770.0 500 506 -1
504 -4.5 -152.5 848.0 501 507 -1
505 -41.5 -137.5 843.0 502 508 -1
506 -11.5 -166.5 769.5 503 509 -1
507 -4.5 -152.0 848.5 504 510 -1
508 -42.0 -137.5 843.5 505 511 -1
509 -11.0 -167.0 769.0 506 512 -1
510 -4.5 -152.0 849.0 507 513 -1
511 -42.0 -137.5 844.0 508 514 -1
512 -11.0 -167.5 768.5 509 515 -1
513 -4.0 -152.0 849.5 510 516 -1
514 -42.5 -137.5 844.5 511 517 -1
515 -11.0 -167.5 768.0 512 518 -1
516 -4.0 -151.5 850.0 513 519 -1
517 -43.0 -137.0 845.0 514 520 -1
518 -10.5 -168.0 767.5 515 521 -1
519 -4.0 -151.5 850.5 516 522 -1
520 -43.0 -136.5 845.5 517 523 -1
521 -11.0 -168.5 767.0 518 524 -1
522 -3.5 -152.0 851.0 519 525 -1
523 -43.5 -136.5 846.0 520 526 -1
524 -11.5 -168.5 766.5 521 527 -1
525 -3.5 -151.5 851.5 522 528 -1
526 -44.0 -136.5 846.5 523 529 -1
527 -11.0 -169.0 766.0 524 530 -1
528 -3.5 -151.5 852.0 525 531 -1
529 -44.5 -136.5 847.0 526 532 -1
530 -11.0 -169.5 765.5 527 533 -1
531 -3.0 -151.5 852.5 528 -1 -1
532 -45.0 -136.5 847.5 529 534 -1
533 -11.5 -169.5 765.0 530 535 -1
534 -45.5 -136.5 848.0 532 536 -1
535 -11.0 -170.0 764.5 533 537 -1
536 -46.0 -136.5 848.5 534 538 -1
537 -11.5 -170.0 764.0 535 539 -1
538 -46.5 -136.0 849.0 536 540 -1
539 -11.5 -170.5 763.5 537 541 -1
540 -47.0 -136.0 849.5 538 542 -1
541 -11.5 -170.5 763.0 539 -1 -1
542 -47.5 -136.0 850.0 540 543 -1
543 -48.0 -136.0 850.5 542 544 -1
544 -48.5 -135.5 851.0 543 545 -1
545 -49.0 -135.5 851.5 544 546 -1
546 -49.5 -135.0 852.0 545 547 -1
547 -50.0 -135.0 852.5 546 548 -1
548 -50.5 -135.0 853.0 547 549 -1
549 -50.5 -135.0 853.5 548 550 -1
550 -51.0 -135.0 854.0 549 551 -1
551 -51.5 -135.0 854.5 550 552 -1
552 -52.0 -135.0 855.0 551 553 -1
553 -52.5 -135.0 855.5 552 554 -1
554 -53.0 -134.5 856.0 553 555 -1
555 -53.5 -134.5 856.5 554 556 -1
556 -54.0 -134.5 857.0 555 557 -1
557 -54.5 -134.5 857.5 556 558 559
558 -55.0 -134.0 858.0 557 560 -1
559 -54.0 -135.5 858.0 557 561 -1
560 -55.5 -133.5 858.0 558 562 -1
561 -54.5 -136.0 858.5 559 563 -1
562 -56.0 -133.0 858.0 560 564 -1
563 -55.0 -136.5 859.0 561 565 -1
564 -56.5 -132.5 858.0 562 566 -1
565 -55.0 -137.0 859.5 563 567 -1
566 -57.0 -132.0 858.5 564 568 -1
567 -55.0 -137.5 860.0 565 569 -1
568 -57.5 -131.5 859.0 566 570 -1
569 -55.0 -138.0 860.0 567 571 -1
570 -58.0 -131.0 859.0 568 572 -1
571 -55.0 -138.5 860.0 569 573 -1
572 -58.5 -130.5 859.5 570 574 -1
573 -55.0 -139.0 860.0 571 575 -1
574 -59.0 -130.0 859.5 572 576 -1
575 -55.0 -139.5 860.5 573 577 -1
576 -59.5 -129.5 860.0 574 578 -1
577 -55.0 -140.0 860.5 575 579 -1
578 -60.0 -129.0 860.0 576 580 -1
579 -55.0 -140.5 860.5 577 581 -1
580 -60.5 -128.5 860.5 578 582 -1
581 -55.5 -141.0 861.0 579 583 -1
582 -61.0 -128.5 860.5 580 584 -1
583 -55.5 -141.5 861.0 581 585 -1
584 -61.5 -128.0 861.0 582 586 -1
585 -56.0 -142.0 861.5 583 587 -1
586 -62.0 -127.5 861.0 584 588 -1
587 -56.5 -142.5 861.5 585 589 -1
588 -62.5 -127.5 861.5 586 590 -1
589 -56.5 -143.0 861.5 587 591 -1
590 -63.0 -127.0 861.5 588 592 -1
591 -56.5 -143.5 862.0 589 593 -1
592 -63.5 -127.0 861.5 590 594 -1
593 -56.5 -144.0 862.0 591 595 -1
594 -64.0 -127.0 862.0 592 596 -1
595 -56.5 -144.5 862.5 593 597 -1
596 -64.5 -126.5 862.0 594 598 -1
597 -56.5 -145.0 862.5 595 599 -1
598 -65.0 -126.0 862.0 596 600 -1
599 -56.5 -145.5 862.5 597 601 -1
600 -65.5 -126.0 862.0 598 602 -1
601 -56.5 -146.0 863.0 599 603 -1
602 -66.0 -126.0 862.5 600 604 -1
603 -56.0 -146.5 863.5 601 605 -1
604 -66.5 -125.5 862.5 602 606 -1
605 -56.5 -147.0 863.0 603 607 -1
606 -67.0 -125.5 863.0 604 608 -1
607 -56.5 -147.5 863.0 605 609 -1
608 -67.5 -125.5 863.5 606 610 -1
609 -56.5 -148.0 863.0 607 611 -1
610 -68.0 -125.5 863.5 608 612 -1
611 -56.5 -148.5 863.5 609 613 -1
612 -68.5 -125.0 863.5 610 614 -1
613 -56.0 -149.0 864.0 611 615 -1
614 -69.0 -125.5 864.0 612 616 -1
615 -56.5 -149.5 864.0 613 617 -1
616 -69.5 -125.5 864.0 614 618 -1
617 -56.5 -150.0 864.0 615 619 -1
618 -70.0 -125.0 864.0 616 620 -1
619 -56.5 -150.5 864.0 617 621 -1
620 -70.5 -125.5 864.5 618 622 -1
621 -56.5 -151.0 864.0 619 623 -1
622 -71.0 -125.5 864.5 620 624 -1
623 -56.5 -151.5 864.0 621 625 -1
624 -71.5 -125.0 864.5 622 626 -1
625 -56.5 -152.0 864.0 623 627 -1
626 -72.0 -125.0 865.0 624 628 -1
627 -56.0 -152.5 864.0 625 629 -1
628 -72.5 -125.0 865.5 626 630 -1
629 -56.0 -153.0 864.0 627 631 -1
630 -73.0 -125.0 866.0 628 632 -1
631 -56.0 -153.5 864.0 629 633 -1
632 -73.5 -125.0 866.5 630 634 -1
633 -56.0 -154.0 864.0 631 635 -1
634 -74.0 -125.0 866.5 632 636 -1
635 -55.5 -154.5 864.5 633 637 -1
636 -74.5 -125.0 867.0 634 638 -1
637 -55.5 -155.0 864.5 635 639 -1
638 -75.0 -125.0 866.5 636 640 -1
639 -55.5 -155.5 864.5 637 641 -1
640 -75.5 -125.0 866.5 638 642 -1
641 -55.5 -156.0 864.5 639 643 -1
642 -76.0 -125.5 867.0 640 644 -1
643 -55.5 -156.5 864.5 641 645 -1
644 -76.5 -125.5 867.5 642 646 -1
645 -55.0 -157.0 864.5 643 647 -1
646 -77.0 -125.5 867.5 644 648 -1
647 -54.5 -157.5 864.5 645 649 -1
648 -77.5 -125.5 868.0 646 650 -1
649 -54.5 -158.0 864.5 647 651 -1
650 -78.0 -125.5 868.0 648 652 -1
651 -54.0 -158.5 864.5 649 653 -1
652 -78.5 -125.5 868.0 650 654 -1
653 -54.0 -159.0 864.5 651 655 -1
654 -79.0 -125.5 868.5 652 656 -1
655 -53.5 -159.5 864.5 653 657 -1
656 -79.5 -126.0 868.5 654 658 -1
657 -53.0 -160.0 865.0 655 659 -1
658 -80.0 -126.0 868.5 656 660 -1
659 -52.5 -160.5 865.0 657 661 -1
660 -80.5 -126.5 868.5 658 662 -1
661 -52.0 -161.0 865.0 659 663 -1
662 -81.0 -127.0 868.5 660 -1 -1
663 -52.0 -161.5 865.5 661 664 -1
664 -51.5 -162.0 866.0 663 665 -1
665 -51.0 -162.0 865.5 664 666 -1
666 -50.5 -162.5 866.0 665 667 -1
667 -50.0 -163.0 866.5 666 668 -1
668 -49.5 -163.5 867.0 667 669 -1
669 -49.0 -164.0 867.0 668 670 -1
670 -48.5 -164.5 867.5 669 671 -1
671 -48.0 -164.5 868.0 670 672 -1
672 -47.5 -165.0 868.5 671 673 -1
673 -47.0 -165.5 869.0 672 674 -1
674 -46.5 -165.5 869.5 673 675 -1
675 -46.0 -165.5 870.0 674 676 -1
676 -45.5 -166.0 870.5 675 677 -1
677 -45.5 -166.5 871.0 676 678 -1
678 -45.0 -166.5 871.5 677 679 -1
679 -44.5 -166.5 872.0 678 680 -1
680 -44.5 -167.0 872.5 679 681 -1
681 -44.0 -167.0 873.0 680 682 -1
682 -44.0 -167.5 873.5 681 -1 -1
