0 8.5 -31.5 -88.0 -1 1 -1
1 8.5 -31.0 -88.5 0 2 -1
2 8.0 -30.5 -88.5 1 3 -1
3 8.0 -30.0 -88.5 2 4 -1
4 7.5 -29.5 -88.5 3 5 -1
5 7.0 -29.0 -88.5 4 6 -1
6 7.0 -28.5 -89.0 5 7 -1
7 6.5 -28.0 -88.5 6 8 -1
8 6.5 -27.5 -89.0 7 9 -1
9 6.0 -27.0 -89.0 8 10 -1
10 6.0 -26.5 -89.5 9 11 -1
11 5.5 -26.0 -89.5 10 12 -1
12 5.0 -25.5 -89.5 11 13 -1
13 5.0 -25.0 -89.5 12 14 -1
14 5.0 -24.5 -90.0 13 15 -1
15 4.5 -24.0 -90.0 14 16 -1
16 4.5 -23.5 -90.5 15 17 -1
17 4.0 -23.0 -90.5 16 18 -1
18 4.0 -22.5 -90.5 17 19 -1
19 4.0 -22.0 -90.5 18 20 -1
20 3.5 -21.5 -90.5 19 21 -1
21 3.5 -21.0 -91.0 20 22 -1
22 3.5 -20.5 -91.0 21 23 -1
23 3.0 -20.0 -91.0 22 24 -1
24 3.0 -19.5 -91.5 23 25 -1
25 2.5 -19.0 -91.5 24 26 -1
26 2.5 -18.5 -91.5 25 27 -1
27 2.5 -18.0 -92.0 26 28 -1
28 2.0 -17.5 -92.5 27 29 -1
29 2.0 -17.0 -93.0 28 30 -1
30 1.5 -16.5 -93.0 29 31 -1
31 1.0 -16.0 -93.0 30 32 -1
32 0.5 -15.5 -93.5 31 33 -1
33 0.0 -15.0 -94.0 32 34 -1
34 -0.5 -14.5 -94.5 33 35 -1
35 -1.0 -14.0 -95.0 34 36 -1
36 -1.5 -13.5 -95.5 35 37 -1
37 -2.0 -13.0 -95.5 36 38 -1
38 -2.5 -12.5 -96.0 37 39 -1
39 -3.0 -12.5 -96.5 38 40 -1
40 -3.5 -12.0 -96.5 39 41 -1
41 -4.0 -12.0 -97.0 40 42 -1
42 -4.5 -11.5 -97.5 41 43 -1
43 -5.0 -11.5 -97.5 42 44 -1
44 -5.5 -11.0 -98.0 43 45 -1
45 -6.0 -11.0 -98.0 44 46 -1
46 -6.5 -10.5 -98.0 45 47 -1
47 -7.0 -10.5 -98.5 46 48 -1
48 -7.5 -10.0 -98.5 47 49 -1
49 -8.0 -10.5 -99.0 48 50 -1
50 -8.5 -10.0 -99.0 49 51 -1
51 -9.0 -10.0 -99.5 50 52 -1
52 -9.5 -10.0 -99.5 51 53 -1
53 -10.0 -9.5 -100.0 52 54 -1
54 -10.5 -9.5 -100.0 53 55 -1
55 -11.0 -9.5 -100.0 54 56 -1
56 -11.5 -9.5 -100.5 55 57 -1
57 -12.0 -9.0 -101.0 56 58 -1
58 -12.5 -9.5 -101.0 57 59 -1
59 -13.0 -9.0 -101.5 58 60 -1
60 -13.5 -9.5 -101.5 59 61 -1
61 -14.0 -9.0 -102.0 60 62 -1
62 -14.5 -9.0 -102.0 61 63 -1
63 -15.0 -9.0 -102.5 62 64 -1
64 -15.5 -9.0 -103.0 63 65 -1
65 -16.0 -9.0 -103.0 64 66 -1
66 -16.5 -8.5 -103.5 65 67 -1
67 -17.0 -9.0 -103.5 66 68 -1
68 -17.5 -8.5 -104.0 67 69 -1
69 -18.0 -8.5 -104.5 68 70 -1
70 -18.5 -8.5 -104.5 69 71 -1
71 -19.0 -9.0 -105.0 70 72 -1
72 -19.5 -9.0 -105.5 71 73 -1
73 -20.0 -9.0 -106.0 72 74 -1
74 -20.5 -9.5 -106.0 73 75 -1
75 -21.0 -9.5 -106.5 74 76 -1
76 -21.5 -10.0 -107.0 75 77 -1
77 -22.0 -10.5 -107.5 76 78 -1
78 -22.5 -10.5 -108.0 77 79 -1
79 -23.0 -10.5 -108.0 78 80 -1
80 -23.5 -11.0 -108.5 79 81 -1
81 -24.0 -11.0 -109.0 80 82 -1
82 -24.5 -11.0 -109.5 81 83 -1
83 -25.0 -11.0 -109.5 82 84 -1
84 -25.5 -11.0 -110.0 83 85 -1
85 -26.0 -11.5 -110.5 84 86 -1
86 -26.5 -12.0 -111.0 85 87 -1
87 -27.0 -11.5 -111.0 86 88 -1
88 -27.5 -12.0 -111.5 87 89 -1
89 -28.0 -12.5 -112.0 88 90 -1
90 -28.5 -12.5 -112.0 89 91 -1
91 -29.0 -12.5 -112.5 90 92 -1
92 -29.5 -12.5 -112.5 91 93 -1
93 -30.0 -13.0 -113.0 92 94 -1
94 -30.5 -13.0 -113.0 93 95 -1
95 -31.0 -13.5 -113.5 94 96 -1
96 -31.5 -14.0 -113.5 95 97 -1
97 -32.0 -14.0 -113.5 96 98 99
98 -32.5 -14.5 -113.5 97 100 -1
99 -31.5 -15.0 -114.5 97 101 -1
100 -33.0 -14.5 -113.0 98 102 -1
101 -31.0 -15.0 -115.0 99 103 -1
102 -33.0 -14.5 -112.5 100 104 -1
103 -31.0 -15.5 -115.5 101 105 -1
104 -33.5 -14.0 -112.0 102 106 -1
105 -30.5 -15.5 -116.0 103 107 -1
106 -34.0 -14.0 -112.0 104 108 -1
107 -30.0 -16.0 -116.5 105 109 -1
108 -34.5 -14.5 -112.0 106 110 -1
109 -29.5 -16.0 -117.0 107 111 -1
110 -35.0 -14.5 -112.0 108 112 -1
111 -29.0 -16.5 -117.5 109 113 -1
112 -35.5 -14.5 -111.5 110 114 -1
113 -28.5 -16.5 -118.0 111 115 -1
114 -36.0 -14.5 -111.0 112 116 -1
115 -28.5 -16.5 -118.5 113 117 -1
116 -36.5 -14.5 -111.0 114 118 -1
117 -28.0 -17.0 -119.0 115 119 -1
118 -37.0 -15.0 -111.0 116 120 -1
119 -27.5 -17.5 -119.5 117 121 -1
120 -37.5 -15.0 -111.0 118 122 -1
121 -27.5 -18.0 -120.0 119 123 -1
122 -38.0 -15.0 -110.5 120 124 -1
123 -27.0 -18.5 -120.5 121 125 -1
124 -38.5 -15.0 -110.5 122 126 -1
125 -26.5 -18.5 -120.5 123 127 -1
126 -39.0 -15.0 -110.5 124 128 -1
127 -26.0 -19.0 -121.0 125 129 -1
128 -39.5 -15.0 -110.0 126 130 -1
129 -25.5 -19.5 -121.5 127 131 -1
130 -40.0 -15.0 -109.5 128 132 -1
131 -25.0 -20.0 -121.5 129 133 -1
132 -40.5 -15.0 -109.5 130 134 -1
133 -24.5 -20.5 -122.0 131 135 -1
134 -41.0 -15.0 -109.0 132 136 -1
135 -24.5 -21.0 -122.5 133 137 -1
136 -41.5 -15.0 -108.5 134 138 -1
137 -24.0 -21.5 -123.0 135 139 -1
138 -42.0 -15.0 -108.0 136 140 -1
139 -23.5 -22.0 -123.5 137 141 -1
140 -42.5 -15.0 -107.5 138 142 -1
141 -23.5 -22.5 -124.0 139 143 -1
142 -43.0 -15.5 -107.0 140 144 -1
143 -23.0 -23.0 -124.5 141 145 -1
144 -43.5 -15.5 -106.5 142 146 -1
145 -23.0 -23.5 -124.5 143 147 -1
146 -44.0 -15.5 -106.0 144 148 -1
147 -22.5 -24.0 -125.0 145 149 -1
148 -44.5 -15.5 -105.5 146 150 -1
149 -22.5 -24.5 -125.5 147 151 -1
150 -45.0 -15.5 -105.0 148 152 -1
151 -22.0 -25.0 -126.5 149 153 154
152 -45.5 -15.0 -104.5 150 155 -1
153 -22.5 -24.5 -127.0 151 156 -1
154 -21.5 -25.5 -126.0 151 157 -1
155 -46.0 -15.0 -104.0 152 158 -1
156 -23.0 -25.0 -127.5 153 159 -1
157 -21.0 -26.0 -126.0 154 160 -1
158 -46.0 -15.5 -103.5 155 161 -1
159 -23.5 -24.5 -128.0 156 162 -1
160 -21.0 -26.5 -126.5 157 163 -1
161 -46.5 -15.5 -103.0 158 164 -1
162 -24.0 -25.0 -128.5 159 165 -1
163 -20.5 -27.0 -127.0 160 166 -1
164 -47.0 -15.0 -102.5 161 167 -1
165 -24.5 -25.0 -129.0 162 168 -1
166 -20.0 -27.0 -127.0 163 169 -1
167 -47.5 -15.0 -102.0 164 170 -1
168 -25.0 -25.0 -129.5 165 171 -1
169 -19.5 -27.5 -127.0 166 172 -1
170 -48.0 -15.0 -101.5 167 173 -1
171 -25.5 -25.0 -130.0 168 174 -1
172 -19.5 -28.0 -127.5 169 175 176
173 -48.5 -15.0 -101.0 170 177 -1
174 -26.0 -25.5 -130.5 171 178 -1
175 -20.0 -28.5 -128.0 172 179 -1
176 -19.0 -28.5 -127.0 172 180 -1
177 -48.5 -14.5 -100.5 173 181 -1
178 -26.5 -25.5 -131.0 174 182 -1
179 -20.5 -28.5 -128.5 175 183 -1
180 -18.5 -29.0 -127.0 176 184 -1
181 -49.0 -15.0 -100.0 177 185 -1
182 -27.0 -25.5 -131.5 178 186 -1
183 -21.0 -29.0 -129.0 179 187 -1
184 -18.0 -29.0 -127.0 180 188 -1
185 -49.5 -15.0 -99.5 181 189 -1
186 -27.5 -26.0 -132.0 182 190 -1
187 -21.5 -29.5 -129.5 183 191 -1
188 -17.5 -29.5 -127.0 184 192 -1
189 -49.5 -15.0 -99.0 185 193 -1
190 -28.0 -26.0 -132.5 186 194 -1
191 -22.0 -30.0 -130.0 187 195 -1
192 -17.0 -30.0 -127.0 188 196 -1
193 -50.0 -15.0 -98.5 189 197 -1
194 -28.5 -26.5 -133.0 190 198 -1
195 -22.5 -30.5 -130.5 191 199 -1
196 -16.5 -30.5 -127.0 192 200 -1
197 -50.5 -15.0 -98.0 193 201 -1
198 -28.5 -26.5 -133.5 194 202 -1
199 -23.0 -31.0 -131.0 195 203 -1
200 -16.0 -31.0 -127.0 196 204 -1
201 -51.0 -15.0 -97.5 197 205 -1
202 -29.0 -27.0 -134.0 198 206 -1
203 -23.0 -31.0 -131.5 199 207 -1
204 -16.0 -31.5 -127.0 200 208 -1
205 -51.5 -15.0 -97.0 201 209 -1
206 -29.5 -27.0 -134.5 202 210 -1
207 -23.5 -31.0 -132.0 203 211 -1
208 -15.5 -32.0 -127.0 204 212 -1
209 -52.0 -15.0 -96.5 205 213 -1
210 -29.5 -27.0 -135.0 206 214 -1
211 -24.0 -31.5 -132.5 207 215 -1
212 -15.0 -32.5 -127.0 208 216 -1
213 -52.5 -14.5 -96.0 209 217 -1
214 -30.0 -27.0 -135.5 210 218 -1
215 -24.5 -31.5 -133.0 211 -1 -1
216 -14.5 -32.5 -127.0 212 219 -1
217 -53.0 -14.5 -95.5 213 220 -1
218 -30.5 -27.0 -136.0 214 221 -1
219 -14.0 -33.0 -127.0 216 222 -1
220 -53.5 -14.5 -95.0 217 223 -1
221 -31.0 -27.5 -136.5 218 224 -1
222 -13.5 -33.0 -127.0 219 225 -1
223 -54.0 -14.0 -94.5 220 226 -1
224 -31.5 -27.5 -137.0 221 227 -1
225 -13.0 -33.5 -127.0 222 228 -1
226 -54.5 -14.0 -94.0 223 229 -1
227 -32.0 -27.5 -137.5 224 230 -1
228 -12.5 -33.5 -127.0 225 231 -1
229 -55.0 -14.0 -93.5 226 232 -1
230 -32.0 -27.5 -138.0 227 233 -1
231 -12.0 -33.5 -127.5 228 234 -1
232 -55.0 -14.5 -93.0 229 235 -1
233 -32.5 -27.5 -138.5 230 236 -1
234 -11.5 -34.0 -127.0 231 237 -1
235 -55.5 -14.5 -92.5 232 238 -1
236 -33.0 -27.5 -139.0 233 239 -1
237 -11.0 -34.0 -127.0 234 240 -1
238 -56.0 -14.5 -92.0 235 241 -1
239 -33.5 -27.5 -139.5 236 242 -1
240 -10.5 -34.0 -127.5 237 243 -1
241 -56.5 -14.5 -91.5 238 244 -1
242 -34.0 -27.5 -139.5 239 245 -1
243 -10.0 -34.5 -127.0 240 246 -1
244 -57.0 -14.0 -91.0 241 247 -1
245 -34.5 -27.5 -139.5 242 248 -1
246 -9.5 -34.5 -127.5 243 249 -1
247 -57.0 -14.5 -90.5 244 250 -1
248 -35.0 -27.5 -139.5 245 251 -1
249 -9.0 -35.0 -127.5 246 252 -1
250 -57.5 -14.0 -90.0 247 253 -1
251 -35.5 -28.0 -140.0 248 254 -1
252 -8.5 -35.0 -128.0 249 255 -1
253 -57.5 -14.5 -89.5 250 256 -1
254 -36.0 -28.0 -140.0 251 257 -1
255 -8.0 -35.5 -127.5 252 258 -1
256 -58.0 -14.0 -89.0 253 259 -1
257 -36.5 -28.0 -140.0 254 260 -1
258 -7.5 -35.5 -128.0 255 261 -1
259 -58.5 -13.5 -88.5 256 262 -1
260 -37.0 -28.5 -140.0 257 263 -1
261 -7.0 -35.5 -128.0 258 264 -1
262 -58.5 -14.0 -88.0 259 265 -1
263 -37.5 -28.5 -140.5 260 266 -1
264 -6.5 -36.0 -128.5 261 267 -1
265 -58.5 -14.0 -87.5 262 268 -1
266 -38.0 -28.5 -141.0 263 269 -1
267 -6.0 -36.0 -128.0 264 270 -1
268 -59.0 -13.5 -87.0 265 271 -1
269 -38.5 -28.5 -141.0 266 272 -1
270 -5.5 -36.5 -128.5 267 273 -1
271 -59.0 -14.0 -86.5 268 274 -1
272 -39.0 -29.0 -141.0 269 275 -1
273 -5.0 -36.5 -128.5 270 276 -1
274 -59.5 -13.5 -86.0 271 277 -1
275 -39.5 -29.5 -141.0 272 278 -1
276 -4.5 -36.5 -128.5 273 279 -1
277 -60.0 -13.0 -85.5 274 280 -1
278 -40.0 -30.0 -141.0 275 281 -1
279 -4.0 -36.5 -128.5 276 282 -1
280 -60.5 -12.5 -85.0 277 283 -1
281 -40.5 -30.5 -141.5 278 284 -1
282 -3.5 -36.5 -128.5 279 285 -1
283 -61.0 -12.5 -84.5 280 286 -1
284 -41.0 -30.5 -142.0 281 287 -1
285 -3.0 -36.5 -128.5 282 288 -1
286 -61.5 -12.5 -84.0 283 289 -1
287 -41.5 -31.0 -142.0 284 290 -1
288 -2.5 -36.0 -128.0 285 291 -1
289 -62.0 -12.0 -83.5 286 292 -1
290 -42.0 -31.5 -142.5 287 293 -1
291 -2.0 -36.0 -128.0 288 294 -1
292 -62.0 -11.5 -83.0 289 295 -1
293 -42.5 -32.0 -143.0 290 296 -1
294 -1.5 -36.0 -128.0 291 297 -1
295 -62.5 -11.5 -82.5 292 298 -1
296 -43.0 -32.5 -143.0 293 299 -1
297 -1.0 -36.0 -128.0 294 300 -1
298 -62.5 -11.5 -82.0 295 301 -1
299 -43.5 -33.0 -143.5 296 302 -1
300 -0.5 -36.0 -128.0 297 303 -1
301 -63.0 -11.5 -81.5 298 304 -1
302 -43.5 -33.5 -143.5 299 305 306
303 0.0 -36.0 -128.0 300 307 -1
304 -63.5 -11.5 -81.0 301 308 -1
305 -44.0 -34.0 -143.5 302 309 -1
306 -44.0 -33.0 -144.5 302 310 -1
307 0.5 -36.0 -128.0 303 311 -1
308 -64.0 -11.0 -80.5 304 312 -1
309 -43.5 -34.5 -143.0 305 313 -1
310 -44.0 -33.0 -145.0 306 314 -1
311 1.0 -36.0 -128.0 307 315 -1
312 -64.5 -11.0 -80.0 308 316 -1
313 -43.5 -35.0 -142.5 309 317 -1
314 -44.0 -33.0 -145.5 310 318 -1
315 1.5 -36.0 -128.0 311 319 -1
316 -65.0 -10.5 -79.5 312 320 -1
317 -43.0 -35.5 -142.0 313 321 -1
318 -44.5 -33.5 -146.0 314 322 -1
319 2.0 -36.0 -127.5 315 323 -1
320 -65.0 -10.5 -79.0 316 324 -1
321 -43.0 -35.5 -141.5 317 325 -1
322 -44.5 -34.0 -146.5 318 326 -1
323 2.5 -36.0 -127.5 319 327 -1
324 -65.0 -11.0 -78.5 320 328 -1
325 -42.5 -36.0 -141.0 321 329 -1
326 -44.5 -34.0 -147.0 322 330 -1
327 3.0 -36.0 -127.5 323 331 -1
328 -65.0 -11.5 -78.0 324 332 -1
329 -42.0 -36.5 -141.0 325 -1 -1
330 -45.0 -34.0 -147.5 326 333 -1
331 3.5 -36.0 -127.0 327 334 -1
332 -65.0 -12.0 -77.5 328 335 -1
333 -45.0 -34.5 -148.0 330 336 -1
334 4.0 -36.0 -127.0 331 337 -1
335 -65.5 -11.5 -77.0 332 338 -1
336 -45.5 -35.0 -148.5 333 339 -1
337 4.5 -35.5 -127.5 334 340 -1
338 -66.0 -11.0 -76.5 335 341 -1
339 -45.5 -35.5 -149.0 336 342 -1
340 5.0 -35.5 -127.0 337 343 -1
341 -66.0 -11.0 -76.0 338 344 -1
342 -46.0 -36.0 -149.5 339 345 -1
343 5.5 -35.5 -126.5 340 346 -1
344 -66.5 -10.5 -75.5 341 347 -1
345 -46.0 -36.5 -150.0 342 348 -1
346 6.0 -35.5 -126.5 343 349 -1
347 -66.5 -11.0 -75.0 344 350 -1
348 -46.5 -37.0 -150.5 345 351 -1
349 6.5 -35.5 -126.0 346 352 -1
350 -66.5 -10.5 -74.5 347 353 -1
351 -46.0 -37.0 -151.0 348 354 -1
352 7.0 -35.0 -126.5 349 355 -1
353 -66.5 -11.0 -74.0 350 356 -1
354 -46.5 -37.5 -151.5 351 357 -1
355 7.5 -35.0 -126.0 352 358 -1
356 -66.5 -11.0 -73.5 353 359 -1
357 -46.5 -38.0 -152.0 354 360 -1
358 8.0 -35.0 -125.5 355 361 -1
359 -66.5 -11.5 -73.0 356 362 -1
360 -46.5 -38.0 -152.5 357 363 -1
361 8.5 -34.5 -125.5 358 364 -1
362 -66.5 -12.0 -72.5 359 365 -1
363 -46.5 -38.5 -153.0 360 366 -1
364 9.0 -34.5 -125.0 361 367 -1
365 -67.0 -11.5 -72.0 362 368 -1
366 -46.5 -38.5 -153.5 363 369 -1
367 9.5 -34.0 -124.5 364 370 -1
368 -67.0 -12.0 -71.5 365 371 -1
369 -46.5 -39.0 -154.0 366 372 -1
370 10.0 -34.0 -124.0 367 373 -1
371 -67.0 -12.0 -71.0 368 374 -1
372 -46.5 -39.0 -154.5 369 375 -1
373 10.5 -34.0 -123.5 370 376 -1
374 -67.0 -12.0 -70.5 371 377 -1
375 -46.5 -39.5 -155.0 372 378 -1
376 10.5 -34.0 -123.0 373 379 -1
377 -67.0 -12.0 -70.0 374 380 -1
378 -46.5 -40.0 -155.5 375 381 -1
379 11.0 -33.5 -122.5 376 382 -1
380 -67.0 -12.5 -69.5 377 383 -1
381 -46.5 -40.5 -156.0 378 384 -1
382 11.5 -33.5 -122.5 379 385 -1
383 -67.0 -12.0 -69.0 380 386 -1
384 -46.5 -40.5 -156.5 381 387 -1
385 12.0 -33.0 -122.0 382 388 -1
386 -67.0 -12.5 -68.5 383 389 -1
387 -46.5 -41.0 -157.0 384 390 -1
388 12.5 -33.0 -121.5 385 391 -1
389 -67.5 -12.5 -68.0 386 392 393
390 -46.5 -41.5 -157.5 387 394 -1
391 13.0 -33.0 -121.5 388 395 -1
392 -68.0 -12.0 -67.5 389 396 -1
393 -67.5 -13.0 -67.5 389 397 -1
394 -46.0 -42.0 -158.0 390 398 -1
395 13.5 -33.0 -121.0 391 399 -1
396 -68.0 -11.5 -67.5 392 400 -1
397 -67.0 -13.5 -67.0 393 401 -1
398 -46.0 -42.5 -158.5 394 402 -1
399 14.0 -32.5 -120.5 395 403 -1
400 -68.5 -11.0 -67.0 396 404 -1
401 -66.5 -14.0 -67.0 397 405 -1
402 -46.0 -43.0 -159.0 398 406 -1
403 14.5 -32.5 -120.0 399 407 -1
404 -68.0 -11.0 -66.5 400 408 -1
405 -66.0 -14.5 -67.0 401 409 -1
406 -46.0 -43.5 -159.0 402 410 -1
407 15.0 -33.0 -119.5 403 411 -1
408 -68.5 -10.5 -66.0 404 412 -1
409 -66.0 -15.0 -66.5 405 413 -1
410 -46.0 -44.0 -159.5 406 414 -1
411 15.5 -32.5 -119.5 407 415 -1
412 -69.0 -10.0 -65.5 408 416 -1
413 -65.5 -15.5 -66.5 409 417 -1
414 -45.5 -44.5 -160.0 410 418 -1
415 16.0 -32.5 -119.0 411 419 -1
416 -69.0 -9.5 -65.0 412 420 -1
417 -65.0 -16.0 -66.5 413 421 -1
418 -45.5 -45.0 -160.5 414 422 -1
419 16.5 -32.0 -118.5 415 423 -1
420 -69.0 -9.0 -64.5 416 424 -1
421 -64.5 -16.5 -66.0 417 425 -1
422 -45.5 -45.5 -161.0 418 426 -1
423 17.0 -32.5 -118.0 419 427 -1
424 -69.5 -8.5 -64.0 420 428 -1
425 -64.0 -17.0 -65.5 421 429 -1
426 -45.5 -45.5 -161.5 422 430 -1
427 17.5 -32.0 -117.5 423 431 -1
428 -69.0 -8.5 -63.5 424 432 -1
429 -63.5 -17.5 -65.5 425 433 -1
430 -45.0 -46.0 -162.0 426 434 -1
431 18.0 -32.0 -117.0 427 435 -1
432 -69.5 -8.0 -63.0 428 436 -1
433 -63.0 -17.5 -65.0 429 437 -1
434 -45.0 -46.5 -162.5 430 438 -1
435 18.5 -32.0 -116.5 431 439 -1
436 -70.0 -7.5 -62.5 432 440 -1
437 -62.5 -18.0 -65.0 433 441 -1
438 -44.5 -46.5 -163.0 434 442 -1
439 19.0 -32.0 -116.5 435 443 -1
440 -70.0 -7.5 -62.0 436 444 -1
441 -62.5 -18.5 -65.0 437 445 -1
442 -44.5 -47.0 -163.5 438 446 -1
443 19.5 -32.0 -116.0 439 447 -1
444 -70.5 -7.0 -61.5 440 448 -1
445 -62.0 -19.0 -64.5 441 449 -1
446 -44.5 -47.5 -164.0 442 450 -1
447 20.0 -31.5 -115.5 443 451 -1
448 -70.5 -6.5 -61.0 444 452 -1
449 -61.5 -19.5 -64.0 445 453 -1
450 -44.5 -48.0 -164.5 446 454 -1
451 20.5 -31.5 -115.0 447 455 -1
452 -71.0 -6.5 -60.5 448 456 -1
453 -61.0 -19.5 -64.0 449 457 -1
454 -44.5 -48.5 -165.0 450 458 -1
455 21.0 -31.5 -115.0 451 459 -1
456 -71.5 -6.0 -60.0 452 460 -1
457 -60.5 -20.0 -63.5 453 461 -1
458 -44.0 -48.5 -165.5 454 462 -1
459 21.5 -31.5 -114.5 455 463 -1
460 -72.0 -5.5 -59.5 456 464 -1
461 -60.0 -20.5 -63.5 457 465 -1
462 -44.0 -49.0 -166.0 458 466 -1
463 22.0 -31.5 -114.5 459 467 -1
464 -72.0 -5.5 -59.0 460 468 -1
465 -59.5 -21.0 -63.0 461 469 -1
466 -43.5 -49.0 -166.5 462 470 -1
467 22.5 -31.5 -114.5 463 471 -1
468 -72.5 -5.0 -58.5 464 472 -1
469 -59.0 -21.5 -62.5 465 473 -1
470 -43.5 -49.5 -167.0 466 474 -1
471 23.0 -31.5 -114.0 467 475 -1
472 -72.5 -5.0 -58.0 468 476 -1
473 -58.5 -22.0 -62.5 469 477 -1
474 -43.5 -49.5 -167.5 470 478 -1
475 23.5 -31.0 -113.5 471 479 -1
476 -73.0 -5.0 -57.5 472 480 -1
477 -58.0 -22.0 -62.0 473 481 -1
478 -43.0 -49.5 -168.0 474 482 -1
479 24.0 -31.0 -113.0 475 483 -1
480 -73.5 -4.5 -57.0 476 484 -1
481 -57.5 -22.5 -62.0 477 485 -1
482 -43.0 -50.0 -168.5 478 486 -1
483 24.5 -31.0 -113.0 479 487 -1
484 -73.5 -4.5 -56.5 480 488 -1
485 -57.5 -23.0 -62.0 481 489 -1
486 -43.0 -50.0 -169.0 482 490 -1
487 25.0 -31.0 -112.5 483 491 -1
488 -74.0 -4.0 -56.0 484 492 -1
489 -57.0 -23.5 -62.0 485 493 -1
490 -43.0 -50.5 -169.5 486 494 -1
491 25.5 -31.0 -112.5 487 495 -1
492 -74.5 -3.5 -55.5 488 496 -1
493 -56.5 -24.0 -62.0 489 497 -1
494 -43.0 -51.0 -170.0 490 498 -1
495 26.0 -31.0 -112.0 491 499 -1
496 -75.0 -3.5 -55.0 492 500 -1
497 -56.0 -24.5 -61.5 493 501 -1
498 -42.5 -51.0 -170.5 494 502 -1
499 26.5 -30.5 -111.5 495 503 -1
500 -75.0 -3.5 -54.5 496 504 -1
501 -55.5 -25.0 -61.0 497 505 -1
502 -43.0 -51.5 -171.0 498 506 -1
503 27.0 -30.5 -111.5 499 507 -1
504 -75.5 -3.5 -54.0 500 508 -1
505 -55.0 -25.5 -61.0 501 509 -1
506 -42.5 -51.0 -171.5 502 510 -1
507 27.5 -30.5 -111.0 503 511 -1
508 -76.0 -3.0 -53.5 504 512 -1
509 -54.5 -26.0 -60.5 505 513 -1
510 -42.5 -51.5 -172.0 506 514 -1
511 28.0 -30.5 -111.0 507 515 -1
512 -76.5 -3.0 -53.0 508 516 -1
513 -54.0 -26.5 -60.0 509 517 -1
514 -42.0 -51.5 -172.5 510 518 -1
515 28.5 -30.0 -110.5 511 519 -1
516 -77.0 -3.0 -52.5 512 520 -1
517 -53.5 -27.0 -59.5 513 521 -1
518 -42.0 -51.5 -173.0 514 522 -1
519 29.0 -30.5 -110.5 515 523 -1
520 -77.5 -3.0 -52.5 516 524 -1
521 -53.0 -27.5 -59.0 517 525 -1
522 -42.0 -52.0 -173.5 518 526 -1
523 29.5 -30.0 -110.5 519 527 -1
524 -78.0 -3.0 -52.0 520 528 -1
525 -52.5 -27.5 -59.0 521 529 -1
526 -41.5 -51.5 -174.0 522 530 -1
527 30.0 -30.0 -110.5 523 531 -1
528 -78.5 -2.5 -51.5 524 532 -1
529 -52.0 -27.5 -58.5 525 533 -1
530 -41.5 -52.0 -174.5 526 534 -1
531 30.5 -30.5 -110.0 527 535 -1
532 -79.0 -2.5 -51.0 528 536 -1
533 -51.5 -27.5 -58.5 529 537 -1
534 -41.5 -52.0 -175.0 530 538 -1
535 31.0 -30.0 -110.0 531 539 -1
536 -79.5 -2.5 -50.5 532 540 -1
537 -51.0 -28.0 -58.5 533 541 -1
538 -41.0 -52.0 -175.5 534 542 -1
539 31.5 -30.0 -110.0 535 543 -1
540 -80.0 -2.5 -50.0 536 544 -1
541 -51.0 -28.5 -58.0 537 545 -1
542 -40.5 -52.0 -176.0 538 546 -1
543 32.0 -30.0 -110.0 539 547 -1
544 -80.5 -2.5 -50.0 540 -1 -1
545 -50.5 -28.5 -57.5 541 548 -1
546 -40.5 -52.0 -176.5 542 -1 -1
547 32.5 -30.0 -109.5 543 549 -1
548 -50.0 -29.0 -57.0 545 550 -1
549 33.0 -30.0 -109.5 547 551 -1
550 -49.5 -29.0 -56.5 548 552 -1
551 33.5 -30.0 -109.0 549 553 -1
552 -49.5 -29.5 -56.0 550 554 -1
553 34.0 -30.0 -109.0 551 555 -1
554 -49.0 -29.5 -55.5 552 556 -1
555 34.5 -29.5 -109.5 553 557 -1
556 -49.0 -29.5 -55.0 554 558 -1
557 35.0 -29.5 -109.0 555 559 -1
558 -49.0 -30.0 -54.5 556 560 -1
559 35.5 -29.5 -109.0 557 561 -1
560 -49.0 -30.5 -54.0 558 562 -1
561 36.0 -29.5 -109.0 559 563 -1
562 -49.0 -31.0 -53.5 560 564 -1
563 36.5 -29.0 -109.0 561 565 -1
564 -48.5 -31.5 -53.0 562 566 -1
565 37.0 -29.0 -109.0 563 567 -1
566 -48.5 -32.0 -52.5 564 568 -1
567 37.5 -29.0 -108.5 565 569 -1
568 -48.5 -32.0 -52.0 566 570 -1
569 38.0 -29.0 -108.5 567 571 -1
570 -48.5 -32.5 -51.5 568 572 -1
571 38.5 -28.5 -108.5 569 573 -1
572 -48.0 -33.0 -51.5 570 574 -1
573 39.0 -29.0 -108.0 571 575 -1
574 -48.0 -33.5 -51.0 572 576 -1
575 39.5 -28.5 -108.0 573 577 -1
576 -48.0 -33.5 -50.5 574 578 -1
577 40.0 -28.5 -108.0 575 579 -1
578 -48.0 -34.0 -50.0 576 580 -1
579 40.5 -28.5 -108.0 577 581 -1
580 -48.0 -34.5 -49.5 578 582 -1
581 41.0 -28.0 -108.0 579 583 -1
582 -47.5 -35.0 -49.0 580 584 -1
583 41.5 -28.5 -108.5 581 585 -1
584 -47.5 -35.5 -48.5 582 586 -1
585 42.0 -28.0 -108.5 583 587 -1
586 -47.0 -36.0 -48.0 584 588 -1
587 42.5 -27.5 -108.0 585 589 -1
588 -47.0 -36.5 -47.5 586 590 -1
589 43.0 -28.0 -108.5 587 591 -1
590 -46.5 -37.0 -47.0 588 592 -1
591 43.5 -28.0 -108.5 589 593 -1
592 -46.0 -37.5 -47.0 590 594 -1
593 44.0 -27.5 -108.5 591 595 -1
594 -46.0 -38.0 -46.5 592 596 -1
595 44.5 -27.5 -108.5 593 597 -1
596 -46.0 -38.0 -46.0 594 598 -1
597 45.0 -27.0 -108.5 595 599 -1
598 -46.0 -38.5 -45.5 596 -1 -1
599 45.5 -27.0 -108.5 597 600 -1
600 46.0 -27.0 -109.0 599 601 -1
601 46.5 -26.5 -109.0 600 602 -1
602 47.0 -26.5 -109.0 601 603 -1
603 47.5 -26.0 -109.0 602 604 -1
604 48.0 -26.0 -109.0 603 605 -1
605 48.5 -26.0 -109.5 604 606 -1
606 49.0 -25.5 -109.5 605 607 -1
607 49.5 -25.5 -110.0 606 608 -1
608 50.0 -25.0 -110.0 607 609 -1
609 50.5 -25.0 -110.5 608 610 -1
610 51.0 -24.5 -111.0 609 611 -1
611 51.5 -24.0 -111.0 610 612 -1
612 52.0 -24.0 -111.5 611 613 -1
613 52.5 -23.5 -111.5 612 614 -1
614 53.0 -23.0 -112.0 613 615 -1
615 53.5 -22.5 -112.5 614 616 -1
616 54.0 -22.0 -113.0 615 617 -1
617 54.5 -21.5 -113.5 616 618 -1
618 55.0 -21.0 -114.0 617 619 -1
619 55.5 -20.5 -114.5 618 620 -1
620 56.0 -20.0 -115.0 619 621 -1
621 56.5 -19.5 -115.5 620 622 -1
622 56.5 -19.0 -116.0 621 623 -1
623 57.0 -19.0 -116.5 622 -1 -1
