0 44.5 2.0 -279.0 -1 1 -1
1 44.0 2.0 -279.0 0 2 -1
2 43.5 2.5 -279.5 1 3 -1
3 43.0 3.0 -279.5 2 4 -1
4 42.5 3.5 -279.5 3 5 -1
5 42.0 4.0 -279.5 4 6 -1
6 41.5 4.5 -279.0 5 7 -1
7 41.0 4.5 -279.0 6 8 -1
8 40.5 5.0 -279.0 7 9 -1
9 40.5 5.5 -279.0 8 10 -1
10 40.0 6.0 -279.0 9 11 -1
11 39.5 6.5 -278.5 10 12 -1
12 39.0 7.0 -278.5 11 13 -1
13 39.0 7.5 -278.5 12 14 -1
14 39.0 8.0 -278.0 13 15 -1
15 38.5 8.5 -278.0 14 16 -1
16 38.5 9.0 -277.5 15 17 -1
17 38.0 9.5 -277.5 16 18 -1
18 38.0 10.0 -277.5 17 19 -1
19 38.0 10.5 -277.0 18 20 -1
20 37.5 11.0 -277.0 19 21 -1
21 37.5 11.5 -276.5 20 22 -1
22 37.0 12.0 -276.5 21 23 -1
23 37.0 12.5 -276.0 22 24 -1
24 36.5 13.0 -276.0 23 25 -1
25 36.5 13.5 -276.0 24 26 -1
26 36.5 14.0 -275.5 25 27 -1
27 36.0 14.5 -275.0 26 28 -1
28 36.5 15.0 -275.0 27 29 -1
29 36.0 15.5 -274.5 28 30 -1
30 36.0 16.0 -274.5 29 31 -1
31 36.0 16.5 -274.0 30 32 -1
32 36.0 17.0 -274.0 31 33 -1
33 35.5 17.5 -273.5 32 34 -1
34 36.0 18.0 -273.5 33 35 -1
35 35.5 18.5 -273.0 34 36 -1
36 35.5 19.0 -273.0 35 37 -1
37 35.5 19.5 -272.5 36 38 -1
38 35.0 20.0 -272.5 37 39 -1
39 35.0 20.5 -272.0 38 40 -1
40 35.0 21.0 -271.5 39 41 -1
41 35.0 21.5 -271.0 40 42 -1
42 35.0 22.0 -270.5 41 43 -1
43 35.0 22.5 -270.0 42 44 -1
44 35.0 23.0 -269.5 43 45 -1
45 35.0 23.5 -269.0 44 46 -1
46 34.5 23.5 -268.5 45 47 -1
47 34.5 24.0 -268.0 46 48 -1
48 34.5 24.5 -267.5 47 49 -1
49 34.5 24.5 -267.0 48 50 -1
50 34.5 25.0 -266.5 49 51 -1
51 34.0 25.0 -266.0 50 52 -1
52 34.0 25.0 -265.5 51 53 -1
53 34.0 25.5 -265.0 52 54 -1
54 34.0 26.0 -264.5 53 55 -1
55 33.5 25.5 -264.0 54 56 -1
56 33.5 26.0 -263.5 55 57 -1
57 33.5 26.0 -263.0 56 58 -1
58 33.0 26.0 -262.5 57 59 -1
59 32.5 26.5 -262.0 58 60 -1
60 32.0 26.5 -261.5 59 61 -1
61 32.0 26.5 -261.0 60 62 -1
62 31.5 26.5 -260.5 61 63 -1
63 31.5 26.5 -260.0 62 64 -1
64 31.0 26.0 -259.5 63 65 -1
65 31.0 26.0 -259.0 64 66 -1
66 30.5 25.5 -258.5 65 67 -1
67 30.0 25.5 -258.0 66 68 -1
68 29.5 25.5 -257.5 67 69 -1
69 29.0 25.5 -257.0 68 70 -1
70 28.5 25.5 -256.5 69 71 -1
71 28.0 25.0 -256.0 70 72 -1
72 27.5 25.0 -255.5 71 73 -1
73 27.0 25.0 -255.0 72 74 -1
74 26.5 24.5 -254.5 73 75 -1
75 26.5 24.5 -254.0 74 76 -1
76 26.0 24.0 -253.5 75 77 -1
77 25.5 24.0 -253.0 76 78 -1
78 25.0 23.5 -253.0 77 79 -1
79 24.5 23.5 -252.5 78 80 -1
80 24.0 23.0 -252.0 79 81 -1
81 23.5 22.5 -252.0 80 82 -1
82 23.0 22.0 -252.0 81 83 -1
83 22.5 22.0 -252.0 82 84 -1
84 22.0 21.5 -251.5 83 85 -1
85 21.5 21.0 -251.5 84 86 -1
86 21.0 21.0 -251.0 85 87 -1
87 20.5 20.5 -251.0 86 88 -1
88 20.0 20.5 -251.0 87 89 -1
89 19.5 20.0 -251.0 88 90 -1
90 19.0 20.0 -251.0 89 91 -1
91 18.5 20.0 -250.5 90 92 -1
92 18.0 19.5 -250.5 91 93 -1
93 17.5 19.5 -250.0 92 94 -1
94 17.0 19.0 -250.5 93 95 -1
95 16.5 18.5 -250.5 94 96 -1
96 16.0 18.5 -250.0 95 97 -1
97 15.5 18.0 -250.0 96 98 -1
98 15.0 18.0 -250.0 97 99 -1
99 14.5 17.5 -250.0 98 100 -1
100 14.0 17.0 -250.0 99 101 -1
101 13.5 17.0 -250.0 100 102 -1
102 13.0 16.5 -250.0 101 103 -1
103 12.5 16.5 -250.5 102 104 -1
104 12.0 16.0 -250.5 103 105 -1
105 11.5 16.0 -250.5 104 106 -1
106 11.0 16.0 -251.0 105 107 -1
107 10.5 15.5 -251.0 106 108 -1
108 10.0 15.5 -251.0 107 109 -1
109 9.5 15.0 -251.0 108 110 -1
110 9.0 14.5 -251.0 109 111 -1
111 8.5 14.5 -251.0 110 112 -1
112 8.0 14.5 -251.5 111 113 -1
113 7.5 14.0 -251.0 112 114 -1
114 7.0 14.0 -251.5 113 115 -1
115 6.5 14.0 -252.0 114 116 -1
116 6.0 13.5 -252.0 115 117 -1
117 5.5 13.5 -252.5 116 118 -1
118 5.0 13.5 -252.5 117 119 -1
119 4.5 13.5 -253.0 118 120 -1
120 4.0 13.0 -253.0 119 121 -1
121 3.5 13.0 -253.5 120 122 -1
122 3.0 13.0 -253.5 121 123 -1
123 2.5 13.0 -254.0 122 124 -1
124 2.0 12.5 -254.5 123 125 -1
125 1.5 12.5 -255.0 124 126 -1
126 1.0 12.0 -255.0 125 127 -1
127 0.5 12.0 -255.5 126 128 -1
128 0.0 12.0 -256.0 127 129 -1
129 -0.5 11.5 -256.0 128 130 -1
130 -1.0 11.5 -256.5 129 131 -1
131 -1.5 11.5 -257.0 130 132 -1
132 -2.0 11.5 -257.5 131 133 -1
133 -2.5 11.0 -258.0 132 134 -1
134 -3.0 11.0 -258.5 133 135 -1
135 -3.0 11.5 -259.0 134 136 -1
136 -3.5 11.5 -259.5 135 137 -1
137 -4.0 11.0 -259.5 136 138 -1
138 -4.5 11.0 -260.0 137 139 -1
139 -5.0 10.5 -260.5 138 140 -1
140 -5.5 11.0 -261.0 139 141 -1
141 -5.5 11.0 -261.5 140 142 -1
142 -6.0 11.0 -262.0 141 143 -1
143 -6.5 11.0 -262.5 142 144 -1
144 -7.0 11.0 -263.0 143 145 -1
145 -7.5 10.5 -263.5 144 146 -1
146 -8.0 10.5 -264.0 145 147 -1
147 -8.5 10.5 -264.5 146 148 -1
148 -8.5 10.5 -265.0 147 149 -1
149 -9.0 10.5 -265.5 148 150 -1
150 -9.0 10.5 -266.0 149 151 -1
151 -9.0 11.0 -266.5 150 152 -1
152 -9.5 10.5 -267.0 151 153 -1
153 -9.5 11.0 -267.5 152 154 -1
154 -10.0 11.0 -268.0 153 155 -1
155 -10.5 11.0 -268.5 154 156 -1
156 -11.0 11.0 -269.0 155 157 -1
157 -11.5 11.0 -269.0 156 158 -1
158 -12.0 11.5 -269.5 157 159 -1
159 -12.5 12.0 -270.0 158 160 -1
160 -13.0 12.0 -270.5 159 161 -1
161 -13.5 12.5 -271.0 160 162 -1
162 -14.0 12.5 -271.5 161 163 -1
163 -14.5 13.0 -272.0 162 164 -1
164 -15.0 13.0 -272.5 163 165 -1
165 -15.5 13.5 -272.5 164 166 -1
166 -16.0 13.5 -272.5 165 167 -1
167 -16.5 13.5 -272.5 166 168 -1
168 -17.0 14.0 -272.5 167 169 -1
169 -17.5 14.0 -272.5 168 170 -1
170 -18.0 14.5 -272.5 169 171 -1
171 -18.5 14.5 -272.5 170 172 -1
172 -19.0 15.0 -272.5 171 173 -1
173 -19.5 15.0 -272.5 172 174 -1
174 -20.0 15.5 -272.5 173 175 -1
175 -20.5 16.0 -272.0 174 176 -1
176 -21.0 16.5 -272.5 175 177 -1
177 -21.5 16.5 -272.5 176 178 -1
178 -22.0 17.0 -272.5 177 179 -1
179 -22.5 17.5 -272.5 178 180 -1
180 -23.0 17.5 -272.5 179 181 -1
181 -23.5 18.0 -272.0 180 182 -1
182 -24.0 18.5 -271.5 181 183 -1
183 -24.5 18.5 -271.5 182 184 -1
184 -25.0 20.0 -268.0 183 185 186
185 -25.5 20.5 -267.5 184 188 -1
186 -24.5 20.0 -268.0 184 189 -1
187 -25.5 18.5 -272.0 184 190 -1
188 -25.5 21.0 -267.0 185 191 -1
189 -24.0 19.5 -268.0 186 192 -1
190 -25.5 18.0 -272.5 187 193 -1
191 -25.5 21.0 -266.5 188 194 -1
192 -23.5 19.5 -268.0 189 195 -1
193 -25.5 17.5 -273.0 190 196 -1
194 -26.0 21.5 -266.0 191 197 -1
195 -23.0 19.5 -267.5 192 198 -1
196 -26.0 17.5 -273.5 193 199 -1
197 -26.0 21.5 -265.5 194 200 -1
198 -22.5 19.5 -267.0 195 201 -1
199 -26.0 17.5 -274.0 196 202 -1
200 -26.5 22.0 -265.0 197 203 -1
201 -22.0 19.0 -266.5 198 204 -1
202 -26.0 17.5 -274.5 199 205 -1
203 -26.5 22.5 -264.5 200 206 -1
204 -21.5 19.0 -266.5 201 207 -1
205 -26.5 17.5 -275.0 202 208 -1
206 -26.5 23.0 -264.0 203 209 -1
207 -21.0 18.5 -266.0 204 210 -1
208 -27.0 18.0 -275.5 205 211 -1
209 -27.0 23.0 -263.5 206 212 -1
210 -21.0 18.5 -265.5 207 213 -1
211 -27.0 18.0 -276.0 208 214 -1
212 -27.5 23.0 -263.0 209 215 -1
213 -20.5 18.5 -265.0 210 216 -1
214 -27.5 17.5 -276.5 211 217 -1
215 -28.0 23.0 -262.5 212 218 -1
216 -20.0 18.5 -264.5 213 219 -1
217 -27.5 18.0 -277.0 214 220 -1
218 -28.0 23.5 -262.0 215 221 -1
219 -19.5 18.5 -264.0 216 222 -1
220 -27.5 18.0 -277.5 217 223 -1
221 -28.0 24.0 -261.5 218 224 -1
222 -19.0 18.5 -263.5 219 225 -1
223 -28.0 18.0 -278.0 220 226 -1
224 -28.0 24.5 -261.0 221 227 -1
225 -18.5 18.5 -263.0 222 228 -1
226 -28.5 18.0 -278.5 223 229 -1
227 -28.5 24.5 -260.5 224 230 -1
228 -18.0 18.5 -262.5 225 231 -1
229 -28.5 18.0 -279.0 226 232 -1
230 -28.5 25.0 -260.0 227 233 -1
231 -17.5 18.5 -262.0 228 234 -1
232 -28.5 18.0 -279.5 229 235 -1
233 -28.5 25.0 -259.5 230 236 -1
234 -17.0 18.5 -262.0 231 237 -1
235 -28.5 18.0 -280.0 232 238 -1
236 -28.5 25.5 -259.0 233 239 -1
237 -16.5 18.0 -261.5 234 240 -1
238 -29.0 18.0 -280.5 235 241 -1
239 -29.0 25.5 -258.5 236 242 -1
240 -16.0 18.0 -261.0 237 243 -1
241 -29.0 18.0 -281.0 238 244 -1
242 -29.0 25.5 -258.0 239 245 -1
243 -16.0 18.0 -260.5 240 246 -1
244 -29.0 18.0 -281.5 241 247 -1
245 -29.5 25.5 -257.5 242 248 -1
246 -16.0 18.0 -260.0 243 249 -1
247 -29.5 17.5 -282.0 244 250 -1
248 -29.5 25.5 -257.0 245 251 -1
249 -16.0 18.0 -259.5 246 252 -1
250 -29.5 18.0 -282.5 247 253 -1
251 -29.5 26.0 -256.5 248 254 -1
252 -15.5 18.0 -259.0 249 255 -1
253 -30.0 17.5 -283.0 250 256 -1
254 -30.0 26.0 -256.0 251 257 -1
255 -15.5 18.0 -258.5 252 258 -1
256 -30.0 17.5 -283.5 253 259 -1
257 -30.0 26.0 -255.5 254 260 -1
258 -15.5 18.0 -258.0 255 261 -1
259 -30.0 17.5 -284.0 256 262 -1
260 -30.5 26.0 -255.0 257 263 -1
261 -15.0 17.5 -257.5 258 264 -1
262 -30.0 17.5 -284.5 259 265 -1
263 -30.5 26.0 -254.5 260 266 -1
264 -15.0 18.0 -257.0 261 267 -1
265 -30.0 17.5 -285.0 262 268 -1
266 -30.5 26.5 -254.0 263 269 -1
267 -15.0 18.0 -256.5 264 270 -1
268 -30.0 17.5 -285.5 265 271 -1
269 -30.5 26.5 -253.5 266 272 -1
270 -15.0 18.0 -256.0 267 273 -1
271 -30.0 17.5 -286.0 268 274 -1
272 -31.0 26.5 -253.0 269 275 -1
273 -15.0 18.0 -255.5 270 276 -1
274 -30.0 17.5 -286.5 271 277 -1
275 -31.0 26.5 -252.5 272 278 -1
276 -15.0 18.0 -255.0 273 279 -1
277 -30.0 18.0 -287.0 274 280 -1
278 -31.0 27.0 -252.0 275 281 -1
279 -15.0 18.0 -254.5 276 282 -1
280 -30.0 18.0 -287.5 277 283 -1
281 -31.0 27.0 -251.5 278 284 -1
282 -14.5 18.0 -254.0 279 285 -1
283 -30.0 18.0 -288.0 280 286 -1
284 -31.5 27.0 -251.0 281 287 -1
285 -14.5 18.0 -253.5 282 288 -1
286 -30.0 18.0 -288.5 283 289 -1
287 -31.5 27.5 -250.5 284 290 -1
288 -14.5 18.0 -253.0 285 291 -1
289 -30.0 18.0 -289.0 286 292 -1
290 -32.0 27.0 -250.0 287 293 -1
291 -14.5 18.0 -252.5 288 294 -1
292 -30.0 18.5 -289.5 289 295 -1
293 -32.0 27.5 -249.5 290 296 -1
294 -14.5 18.0 -252.0 291 297 -1
295 -30.0 18.5 -290.0 292 298 -1
296 -32.5 27.5 -249.0 293 299 -1
297 -14.5 18.0 -251.5 294 300 -1
298 -30.0 18.5 -290.5 295 301 -1
299 -33.0 27.5 -248.5 296 302 -1
300 -14.5 18.0 -251.0 297 303 -1
301 -30.0 19.0 -291.0 298 304 -1
302 -33.0 27.5 -248.0 299 305 -1
303 -14.5 18.0 -250.5 300 306 -1
304 -30.0 19.0 -291.5 301 307 -1
305 -33.5 27.5 -247.5 302 308 -1
306 -14.5 18.0 -250.0 303 309 -1
307 -30.0 19.0 -292.0 304 310 -1
308 -33.5 28.0 -247.0 305 311 -1
309 -14.5 17.5 -249.5 306 312 -1
310 -30.0 19.0 -292.5 307 313 -1
311 -33.5 28.0 -246.5 308 314 -1
312 -14.5 17.5 -249.0 309 315 -1
313 -30.5 19.5 -293.0 310 316 -1
314 -34.0 28.0 -246.0 311 317 -1
315 -14.5 17.5 -248.5 312 318 -1
316 -30.0 19.0 -293.5 313 319 -1
317 -34.5 28.0 -245.5 314 320 -1
318 -14.5 17.5 -248.0 315 321 -1
319 -30.0 19.0 -294.0 316 322 -1
320 -34.5 28.5 -245.0 317 323 -1
321 -14.5 17.5 -247.5 318 324 -1
322 -30.5 19.5 -294.5 319 325 -1
323 -35.0 28.5 -244.5 320 326 -1
324 -14.5 17.5 -247.0 321 327 -1
325 -30.5 20.0 -295.0 322 328 -1
326 -35.5 28.5 -244.0 323 329 -1
327 -14.5 17.5 -246.5 324 330 -1
328 -30.0 19.5 -295.5 325 331 -1
329 -35.5 28.5 -243.5 326 332 -1
330 -14.0 17.5 -246.0 327 333 -1
331 -30.5 20.0 -296.0 328 334 -1
332 -36.0 28.5 -243.0 329 335 -1
333 -14.0 17.5 -245.5 330 336 -1
334 -30.0 20.0 -296.5 331 337 -1
335 -36.0 29.0 -242.5 332 338 -1
336 -14.0 17.5 -245.0 333 339 -1
337 -30.5 20.5 -297.0 334 340 -1
338 -36.5 29.0 -242.0 335 341 -1
339 -14.0 17.5 -244.5 336 342 -1
340 -30.0 20.5 -297.5 337 343 -1
341 -37.0 29.0 -241.5 338 344 -1
342 -13.5 17.5 -244.0 339 345 -1
343 -29.5 20.0 -298.0 340 346 -1
344 -37.0 29.5 -241.0 341 347 -1
345 -14.0 18.0 -243.5 342 348 -1
346 -29.5 20.5 -298.5 343 349 -1
347 -37.5 29.5 -240.5 344 350 -1
348 -14.0 18.0 -243.0 345 351 -1
349 -29.5 21.0 -299.0 346 352 -1
350 -37.5 30.0 -240.0 347 353 -1
351 -13.5 18.0 -242.5 348 354 -1
352 -29.5 21.0 -299.5 349 355 -1
353 -38.0 30.0 -239.5 350 356 -1
354 -13.0 18.0 -242.0 351 357 -1
355 -29.0 21.0 -300.0 352 358 -1
356 -38.5 30.0 -239.0 353 359 -1
357 -13.0 18.5 -241.5 354 360 -1
358 -28.5 21.0 -300.5 355 361 -1
359 -38.5 30.5 -238.5 356 362 -1
360 -12.5 18.5 -241.0 357 363 -1
361 -28.5 21.0 -301.0 358 364 -1
362 -39.0 30.5 -238.0 359 365 -1
363 -12.0 19.0 -240.5 360 366 -1
364 -28.0 21.0 -301.5 361 367 -1
365 -39.0 30.5 -237.5 362 368 -1
366 -12.0 19.5 -240.0 363 369 -1
367 -27.5 21.0 -302.0 364 370 -1
368 -39.5 30.5 -237.0 365 371 -1
369 -12.0 19.5 -239.5 366 372 -1
370 -27.5 21.5 -302.5 367 373 -1
371 -40.0 31.0 -236.5 368 374 -1
372 -11.5 20.0 -239.0 369 375 -1
373 -27.5 21.5 -303.0 370 376 -1
374 -40.5 31.0 -236.0 371 377 -1
375 -11.0 20.5 -238.5 372 378 -1
376 -27.0 21.5 -303.5 373 379 -1
377 -40.5 31.0 -235.5 374 380 -1
378 -10.5 21.0 -238.0 375 381 -1
379 -26.5 22.0 -304.0 376 382 -1
380 -41.0 31.5 -235.0 377 383 -1
381 -10.0 21.5 -237.5 378 384 -1
382 -26.5 22.0 -304.5 379 -1 -1
383 -41.5 31.5 -234.5 380 385 -1
384 -9.5 22.0 -237.0 381 386 -1
385 -42.0 31.5 -234.0 383 387 -1
386 -9.0 22.5 -236.5 384 388 -1
387 -42.5 32.0 -233.5 385 389 -1
388 -8.5 23.0 -236.0 386 390 -1
389 -43.0 32.0 -233.0 387 391 -1
390 -8.5 23.5 -235.5 388 392 -1
391 -43.5 32.5 -232.5 389 393 -1
392 -8.0 24.0 -235.0 390 394 -1
393 -43.5 32.5 -232.0 391 395 -1
394 -7.5 24.5 -235.0 392 396 -1
395 -44.0 33.0 -231.5 393 397 -1
396 -7.0 25.0 -234.5 394 398 -1
397 -44.5 33.0 -231.0 395 399 -1
398 -7.0 25.5 -234.0 396 400 -1
399 -44.5 33.0 -230.5 397 401 -1
400 -6.5 26.0 -234.0 398 402 -1
401 -45.0 33.0 -230.0 399 403 -1
402 -6.0 26.5 -233.5 400 404 -1
403 -45.5 33.5 -229.5 401 405 -1
404 -6.0 27.0 -233.0 402 406 -1
405 -45.5 33.5 -229.0 403 407 -1
406 -5.5 27.5 -232.5 404 408 -1
407 -46.0 33.5 -228.5 405 409 -1
408 -5.0 28.0 -232.0 406 410 -1
409 -46.5 34.0 -228.0 407 411 -1
410 -5.0 28.0 -231.5 408 412 -1
411 -46.5 34.5 -227.5 409 413 -1
412 -5.0 28.0 -231.0 410 414 -1
413 -46.5 34.0 -227.0 411 415 -1
414 -5.0 28.5 -230.5 412 416 -1
415 -46.5 34.0 -226.5 413 417 -1
416 -4.5 29.0 -230.0 414 418 -1
417 -47.0 34.0 -226.0 415 419 -1
418 -4.5 28.5 -229.5 416 420 -1
419 -47.5 34.5 -225.5 417 421 -1
420 -4.5 28.5 -229.0 418 422 -1
421 -47.5 34.5 -225.0 419 423 -1
422 -4.5 28.5 -228.5 420 424 -1
423 -47.5 34.5 -224.5 421 425 -1
424 -4.0 29.0 -228.0 422 426 -1
425 -47.5 34.5 -224.0 423 427 -1
426 -4.0 29.0 -227.5 424 428 -1
427 -48.0 35.0 -223.5 425 429 -1
428 -4.0 28.5 -227.0 426 430 -1
429 -48.0 35.0 -223.0 427 431 -1
430 -4.0 28.5 -226.5 428 432 -1
431 -48.0 34.5 -222.5 429 433 -1
432 -3.5 28.5 -226.0 430 434 -1
433 -48.0 34.5 -222.0 431 435 -1
434 -4.0 28.0 -225.5 432 436 -1
435 -48.0 34.5 -221.5 433 437 -1
436 -3.5 28.0 -225.0 434 438 -1
437 -48.0 34.5 -221.0 435 439 -1
438 -3.5 28.0 -224.5 436 440 -1
439 -49.0 35.5 -220.0 437 441 442
440 -3.5 27.5 -224.0 438 443 -1
441 -49.5 35.5 -219.5 439 444 -1
442 -48.5 35.0 -220.0 439 445 -1
443 -3.5 27.5 -223.5 440 446 -1
444 -50.0 35.5 -219.5 441 447 -1
445 -48.5 34.5 -219.5 442 448 -1
446 -3.0 27.5 -223.0 443 449 -1
447 -50.5 35.5 -219.5 444 450 -1
448 -48.5 34.5 -219.0 445 451 -1
449 -3.0 27.0 -222.5 446 452 -1
450 -51.0 36.0 -219.5 447 453 -1
451 -48.5 34.0 -218.5 448 454 -1
452 -3.5 26.5 -222.0 449 455 -1
453 -51.5 36.5 -219.5 450 456 -1
454 -48.5 34.0 -218.0 451 457 -1
455 -4.0 26.0 -222.0 452 458 -1
456 -52.0 37.0 -219.5 453 459 -1
457 -48.5 33.5 -217.5 454 460 -1
458 -4.5 25.5 -222.0 455 461 -1
459 -52.5 37.5 -220.0 456 462 -1
460 -48.0 33.0 -217.5 457 463 -1
461 -4.5 25.0 -221.5 458 464 -1
462 -53.0 37.5 -220.0 459 465 -1
463 -48.0 32.5 -217.0 460 466 -1
464 -4.5 24.5 -221.5 461 467 -1
465 -53.5 38.0 -219.5 462 468 -1
466 -47.5 32.0 -217.0 463 469 -1
467 -4.5 24.0 -221.5 464 470 -1
468 -54.0 38.0 -220.0 465 471 -1
469 -47.5 31.5 -217.0 466 472 -1
470 -4.5 23.5 -221.0 467 473 -1
471 -54.5 38.5 -220.0 468 474 -1
472 -47.0 31.0 -216.5 469 475 -1
473 -4.5 23.0 -221.0 470 476 -1
474 -55.0 39.0 -220.0 471 477 -1
475 -46.5 30.5 -217.0 472 478 -1
476 -4.5 22.5 -221.0 473 479 -1
477 -55.5 39.5 -220.0 474 480 -1
478 -46.0 30.0 -216.5 475 481 -1
479 -4.5 22.0 -221.0 476 482 -1
480 -56.0 39.5 -219.5 477 483 -1
481 -45.5 29.5 -216.5 478 484 -1
482 -4.5 21.5 -221.0 479 485 -1
483 -56.5 39.5 -219.5 480 486 -1
484 -45.0 29.0 -216.5 481 487 -1
485 -4.5 21.0 -221.0 482 488 -1
486 -57.0 40.0 -219.0 483 489 -1
487 -44.5 28.5 -216.0 484 490 -1
488 -4.5 20.5 -221.0 485 491 -1
489 -57.5 40.5 -218.5 486 492 -1
490 -44.5 28.0 -216.0 487 493 -1
491 -4.5 20.0 -221.5 488 494 -1
492 -58.0 41.0 -218.5 489 495 -1
493 -44.0 27.5 -216.0 490 496 -1
494 -4.5 19.5 -222.0 491 497 -1
495 -58.5 41.0 -218.0 492 498 -1
496 -43.5 27.0 -216.0 493 499 -1
497 -4.0 19.0 -222.0 494 500 -1
498 -59.0 41.5 -218.0 495 501 -1
499 -43.5 26.5 -215.5 496 502 -1
500 -3.5 18.5 -222.5 497 503 -1
501 -59.5 41.5 -217.5 498 504 -1
502 -43.0 26.0 -216.0 499 505 -1
503 -3.5 18.0 -223.0 500 506 -1
504 -60.0 42.0 -217.5 501 507 -1
505 -42.5 25.5 -215.5 502 508 -1
506 -3.5 17.5 -223.5 503 509 -1
507 -60.5 42.0 -217.5 504 510 -1
508 -42.0 25.0 -215.5 505 511 -1
509 -3.0 17.5 -224.0 506 512 -1
510 -61.0 42.0 -217.0 507 513 -1
511 -42.0 24.5 -215.0 508 514 -1
512 -3.0 17.0 -224.5 509 515 -1
513 -61.5 42.0 -217.0 510 516 -1
514 -41.5 24.0 -215.0 511 517 -1
515 -2.5 17.0 -225.0 512 518 -1
516 -62.0 41.5 -217.0 513 519 -1
517 -41.0 24.0 -215.0 514 520 -1
518 -2.5 16.5 -225.5 515 521 -1
519 -62.5 42.0 -216.5 516 522 -1
520 -40.5 23.5 -214.5 517 523 -1
521 -2.5 16.5 -226.0 518 524 -1
522 -63.0 42.0 -216.5 519 525 -1
523 -40.0 23.0 -214.0 520 526 -1
524 -2.0 16.5 -226.5 521 527 -1
525 -63.5 42.0 -216.5 522 528 -1
526 -39.5 22.5 -213.5 523 529 -1
527 -1.5 16.5 -227.0 524 530 -1
528 -64.0 42.0 -216.0 525 531 -1
529 -39.0 22.5 -213.5 526 532 -1
530 -1.5 16.5 -227.5 527 533 -1
531 -64.5 42.5 -215.5 528 534 -1
532 -38.5 22.0 -213.0 529 535 -1
533 -1.0 16.5 -228.0 530 536 -1
534 -65.0 42.0 -215.5 531 537 -1
535 -38.5 21.5 -213.0 532 538 -1
536 -0.5 16.5 -228.5 533 539 -1
537 -65.5 42.0 -215.5 534 540 -1
538 -38.0 21.0 -212.5 535 541 -1
539 -0.5 16.5 -229.0 536 542 -1
540 -66.0 42.0 -215.0 537 543 -1
541 -37.5 20.5 -212.0 538 544 -1
542 0.0 16.5 -229.5 539 545 -1
543 -66.5 42.0 -215.0 540 546 -1
544 -37.5 20.5 -211.5 541 547 -1
545 0.5 16.5 -230.0 542 548 -1
546 -67.0 42.0 -214.5 543 549 -1
547 -37.5 20.0 -211.0 544 550 -1
548 1.0 16.5 -230.0 545 551 -1
549 -67.5 42.0 -214.5 546 552 -1
550 -37.5 20.0 -210.5 547 553 -1
551 1.5 16.5 -230.5 548 554 -1
552 -68.0 42.0 -214.0 549 555 -1
553 -37.5 19.5 -210.0 550 556 -1
554 2.0 16.5 -231.0 551 557 -1
555 -68.5 42.0 -214.0 552 558 -1
556 -37.5 19.5 -209.5 553 559 -1
557 2.5 16.5 -231.0 554 560 -1
558 -69.0 42.0 -213.5 555 561 -1
559 -37.5 19.0 -209.0 556 562 -1
560 3.0 16.5 -231.0 557 563 -1
561 -69.5 42.0 -213.0 558 564 -1
562 -37.5 18.5 -208.5 559 565 -1
563 3.5 16.5 -231.0 560 566 -1
564 -70.0 41.5 -213.0 561 567 -1
565 -38.0 18.0 -208.0 562 568 -1
566 4.0 16.5 -231.0 563 569 -1
567 -70.5 42.0 -212.5 564 570 -1
568 -38.0 17.5 -207.5 565 571 -1
569 4.5 16.0 -231.0 566 572 -1
570 -71.0 41.5 -212.5 567 573 -1
571 -38.0 17.0 -207.0 568 574 -1
572 5.0 16.0 -231.0 569 575 -1
573 -71.5 41.5 -212.0 570 576 -1
574 -38.5 16.5 -207.0 571 577 -1
575 5.5 15.5 -231.0 572 578 -1
576 -72.0 41.0 -212.0 573 579 -1
577 -38.5 16.0 -206.5 574 580 -1
578 6.0 15.0 -231.0 575 581 -1
579 -72.5 41.5 -211.5 576 582 -1
580 -39.0 15.5 -206.0 577 583 -1
581 6.5 14.5 -231.0 578 584 -1
582 -73.0 41.5 -211.0 579 585 -1
583 -38.5 15.0 -205.5 580 586 -1
584 7.0 14.5 -231.0 581 587 -1
585 -73.5 41.5 -210.5 582 588 -1
586 -39.0 14.5 -205.0 583 589 -1
587 7.5 14.0 -230.5 584 590 -1
588 -74.0 41.5 -210.0 585 591 -1
589 -39.0 14.0 -204.5 586 592 -1
590 8.0 13.5 -230.5 587 593 -1
591 -74.5 41.0 -210.0 588 -1 -1
592 -39.5 13.5 -204.5 589 594 -1
593 8.0 13.0 -230.5 590 595 -1
594 -40.0 13.0 -204.5 592 596 -1
595 8.5 12.5 -230.0 593 597 -1
596 -40.0 12.5 -204.0 594 598 -1
597 9.0 12.0 -229.5 595 599 -1
598 -40.5 12.0 -204.0 596 600 -1
599 9.0 11.5 -229.5 597 601 -1
600 -40.5 11.5 -204.0 598 602 -1
601 9.0 11.0 -229.0 599 603 -1
602 -40.5 11.0 -203.5 600 604 -1
603 9.0 10.5 -228.5 601 605 -1
604 -41.0 10.5 -203.0 602 606 -1
605 8.5 10.0 -228.0 603 607 -1
606 -41.0 10.0 -202.5 604 608 -1
607 8.5 9.5 -227.5 605 609 -1
608 -41.0 9.5 -202.0 606 610 -1
609 8.0 9.0 -227.0 607 611 -1
610 -41.0 9.0 -201.5 608 612 -1
611 7.5 8.5 -227.0 609 613 -1
612 -41.5 8.5 -201.5 610 614 -1
613 7.0 8.5 -226.5 611 615 -1
614 -41.0 8.0 -201.0 612 616 -1
615 7.0 8.5 -226.0 613 617 -1
616 -41.5 7.5 -201.0 614 618 -1
617 6.5 8.5 -225.5 615 619 -1
618 -42.0 7.0 -201.0 616 -1 -1
619 6.0 8.5 -225.0 617 620 -1
620 6.0 9.0 -224.5 619 621 -1
621 6.0 9.5 -223.5 620 622 -1
622 5.5 9.5 -223.0 621 623 -1
623 6.0 10.0 -222.5 622 624 -1
624 6.5 10.5 -222.0 623 625 -1
625 7.0 11.0 -221.5 624 626 -1
626 7.5 11.0 -221.0 625 627 -1
627 8.0 11.5 -221.0 626 628 -1
628 8.5 11.5 -220.5 627 629 -1
629 9.0 11.5 -220.5 628 630 -1
630 9.5 11.5 -220.5 629 631 -1
631 10.0 11.0 -220.0 630 632 -1
632 10.5 11.0 -220.0 631 633 -1
633 11.0 11.0 -220.0 632 634 -1
634 11.5 10.5 -220.5 633 635 -1
635 12.0 10.0 -220.5 634 636 -1
636 12.5 9.5 -220.5 635 -1 -1
