0 58.5 20.0 -430.0 -1 1 -1
1 58.0 20.0 -430.5 0 2 -1
2 57.5 19.5 -430.0 1 3 -1
3 57.0 19.0 -430.0 2 4 -1
4 56.5 18.5 -430.0 3 5 -1
5 56.0 18.0 -430.0 4 6 -1
6 55.5 18.0 -430.0 5 7 -1
7 55.0 18.0 -430.5 6 8 -1
8 54.5 17.5 -430.5 7 9 -1
9 54.0 17.0 -430.0 8 10 -1
10 53.5 16.5 -430.0 9 11 -1
11 53.0 16.5 -430.5 10 12 -1
12 52.5 16.0 -430.5 11 13 -1
13 52.0 15.5 -430.0 12 14 -1
14 51.5 15.0 -430.5 13 15 -1
15 51.0 14.5 -430.5 14 16 -1
16 50.5 14.5 -430.5 15 17 -1
17 50.0 14.0 -430.5 16 18 -1
18 49.5 13.5 -430.5 17 19 -1
19 49.0 13.0 -430.5 18 20 -1
20 48.5 12.5 -430.5 19 21 -1
21 48.0 12.0 -430.5 20 22 -1
22 47.5 11.5 -430.5 21 23 -1
23 47.0 11.0 -430.5 22 24 -1
24 47.0 10.5 -430.5 23 25 -1
25 46.5 10.0 -431.0 24 26 -1
26 46.0 9.5 -431.0 25 27 -1
27 45.5 9.0 -431.5 26 28 -1
28 45.0 8.5 -431.5 27 29 -1
29 45.0 8.0 -431.5 28 30 -1
30 44.5 7.5 -432.0 29 31 -1
31 44.0 7.0 -432.0 30 32 -1
32 44.0 6.5 -432.5 31 33 -1
33 43.5 6.0 -432.5 32 34 -1
34 43.0 5.5 -432.5 33 35 -1
35 43.0 5.0 -433.0 34 36 -1
36 42.5 4.5 -433.0 35 37 -1
37 42.5 4.0 -433.5 36 38 -1
38 42.0 3.5 -433.5 37 39 -1
39 42.0 3.0 -434.0 38 40 -1
40 41.5 2.5 -434.0 39 41 -1
41 41.0 2.0 -434.0 40 42 -1
42 40.5 1.5 -433.5 41 43 -1
43 40.5 1.0 -434.0 42 44 -1
44 40.5 0.5 -434.5 43 45 -1
45 40.5 0.0 -434.5 44 46 -1
46 40.0 -0.5 -434.5 45 47 -1
47 40.0 -1.0 -435.0 46 48 -1
48 39.5 -1.5 -434.5 47 49 -1
49 39.5 -2.0 -435.0 48 50 -1
50 39.0 -2.5 -435.0 49 51 -1
51 39.0 -3.0 -435.5 50 52 -1
52 38.5 -3.5 -435.5 51 53 -1
53 38.0 -4.0 -435.5 52 54 -1
54 38.0 -4.5 -435.5 53 55 -1
55 38.0 -5.0 -436.0 54 56 -1
56 37.5 -5.5 -436.0 55 57 -1
57 38.0 -6.0 -436.5 56 58 -1
58 37.5 -6.5 -436.5 57 59 -1
59 37.0 -7.0 -436.5 58 60 -1
60 36.5 -7.5 -436.5 59 61 -1
61 36.0 -8.0 -436.5 60 62 -1
62 36.0 -8.5 -437.0 61 63 -1
63 36.0 -9.0 -437.0 62 64 -1
64 35.5 -9.5 -437.0 63 65 -1
65 35.5 -10.0 -437.0 64 66 -1
66 35.0 -10.5 -437.5 65 67 -1
67 35.0 -11.0 -437.5 66 68 -1
68 34.5 -11.5 -437.5 67 69 -1
69 34.5 -12.0 -437.5 68 70 -1
70 34.5 -12.5 -438.0 69 71 -1
71 34.0 -13.0 -438.5 70 72 -1
72 34.0 -13.5 -438.5 71 73 -1
73 33.5 -14.0 -439.0 72 74 -1
74 33.0 -14.5 -439.0 73 75 -1
75 33.0 -15.0 -439.0 74 76 -1
76 32.5 -15.5 -439.0 75 77 -1
77 32.5 -16.0 -438.5 76 78 -1
78 32.5 -16.5 -438.5 77 79 -1
79 32.0 -17.0 -438.5 78 80 -1
80 31.5 -17.5 -439.0 79 81 -1
81 31.5 -18.0 -439.0 80 82 -1
82 31.0 -18.5 -439.0 81 83 -1
83 31.0 -19.0 -439.0 82 84 -1
84 30.5 -19.5 -439.5 83 85 -1
85 30.5 -20.0 -439.5 84 86 -1
86 30.5 -20.5 -439.0 85 87 -1
87 30.0 -21.0 -439.5 86 88 -1
88 29.5 -21.5 -439.5 87 89 -1
89 29.5 -22.0 -439.5 88 90 -1
90 29.5 -22.5 -439.5 89 91 -1
91 29.0 -23.0 -440.0 90 92 -1
92 28.5 -23.5 -440.0 91 93 -1
93 28.5 -24.0 -439.5 92 94 -1
94 28.0 -24.5 -439.5 93 95 -1
95 27.5 -25.0 -439.5 94 96 -1
96 27.5 -25.5 -439.5 95 97 -1
97 27.5 -26.0 -439.5 96 98 -1
98 27.5 -26.5 -439.0 97 99 -1
99 27.0 -27.0 -439.0 98 100 -1
100 27.0 -27.5 -439.0 99 101 -1
101 26.5 -28.0 -439.5 100 102 -1
102 26.0 -28.5 -439.5 101 103 -1
103 25.5 -29.0 -439.5 102 104 -1
104 25.0 -29.5 -439.5 103 105 -1
105 25.0 -30.0 -439.5 104 106 -1
106 24.5 -30.5 -439.5 105 107 -1
107 24.5 -31.0 -439.5 106 108 -1
108 24.5 -31.5 -439.5 107 109 -1
109 24.0 -32.0 -439.5 108 110 -1
110 24.0 -32.5 -439.5 109 111 -1
111 23.5 -33.0 -439.5 110 112 -1
112 23.0 -33.5 -439.5 111 113 -1
113 22.5 -34.0 -440.0 112 114 -1
114 22.5 -34.5 -440.0 113 115 -1
115 22.0 -35.0 -440.0 114 116 -1
116 21.5 -35.5 -440.0 115 117 -1
117 21.0 -36.0 -440.0 116 118 -1
118 20.5 -36.5 -440.0 117 119 -1
119 20.0 -37.0 -440.0 118 120 -1
120 19.5 -37.0 -440.0 119 121 -1
121 19.0 -37.5 -440.5 120 122 -1
122 18.5 -38.0 -440.5 121 123 -1
123 18.0 -38.5 -440.5 122 124 -1
124 17.5 -38.5 -440.5 123 125 -1
125 17.0 -39.0 -440.5 124 126 -1
126 16.5 -39.0 -440.0 125 127 -1
127 16.0 -39.0 -440.0 126 128 -1
128 15.5 -39.5 -440.0 127 129 -1
129 15.0 -40.0 -440.5 128 130 -1
130 14.5 -40.0 -440.5 129 131 -1
131 14.0 -40.0 -440.5 130 132 -1
132 13.5 -40.5 -441.0 131 133 -1
133 13.0 -40.5 -441.0 132 134 -1
134 12.5 -41.0 -441.5 133 135 -1
135 12.0 -40.5 -441.5 134 136 -1
136 11.5 -40.5 -441.5 135 137 -1
137 11.0 -40.5 -441.5 136 138 -1
138 10.5 -41.0 -442.0 137 139 -1
139 10.0 -41.0 -442.0 138 140 -1
140 9.5 -41.5 -442.5 139 141 -1
141 9.0 -41.5 -443.0 140 142 -1
142 9.0 -42.0 -443.5 141 143 -1
143 8.5 -42.5 -444.0 142 144 -1
144 8.0 -43.0 -444.5 143 145 -1
145 7.5 -43.0 -445.0 144 146 -1
146 7.0 -43.0 -445.0 145 147 -1
147 6.5 -43.0 -445.5 146 148 -1
148 6.5 -43.5 -446.0 147 149 -1
149 6.0 -43.5 -446.5 148 150 -1
150 5.5 -43.5 -447.0 149 151 152
151 5.0 -43.5 -447.0 150 153 -1
152 6.0 -44.0 -447.5 150 154 -1
153 4.5 -43.0 -447.5 151 155 -1
154 6.0 -44.0 -448.0 152 156 -1
155 4.0 -43.0 -448.0 153 157 -1
156 6.0 -44.5 -448.5 154 158 -1
157 3.5 -42.5 -448.0 155 159 -1
158 6.0 -44.5 -449.0 156 160 -1
159 3.0 -42.5 -448.5 157 161 -1
160 6.0 -44.5 -449.5 158 162 -1
161 2.5 -42.5 -449.0 159 163 -1
162 6.0 -44.0 -450.0 160 164 -1
163 2.0 -42.5 -449.0 161 165 -1
164 6.5 -44.5 -450.5 162 166 -1
165 1.5 -42.0 -449.0 163 167 -1
166 6.5 -44.5 -451.0 164 168 -1
167 1.0 -41.5 -449.5 165 169 -1
168 6.5 -44.5 -451.5 166 170 -1
169 0.0 -40.5 -449.0 167 171 -1
170 6.5 -44.5 -452.0 168 172 -1
171 -0.5 -40.0 -449.0 169 173 -1
172 6.5 -44.5 -452.5 170 174 -1
173 -1.0 -40.0 -449.5 171 175 -1
174 6.5 -44.0 -453.0 172 176 -1
175 -1.5 -39.5 -449.5 173 177 -1
176 6.5 -44.0 -453.5 174 178 -1
177 -2.0 -38.5 -450.0 175 179 -1
178 6.5 -44.0 -454.0 176 180 -1
179 -2.0 -38.0 -450.0 177 181 -1
180 7.0 -44.0 -454.5 178 182 -1
181 -2.5 -37.5 -450.5 179 183 184
182 7.5 -44.0 -455.0 180 -1 -1
183 -2.0 -37.5 -451.0 181 185 -1
184 -2.5 -36.5 -450.5 181 186 -1
185 -2.0 -38.0 -451.5 183 187 -1
186 -2.5 -36.0 -450.5 184 188 -1
187 -1.5 -38.5 -452.0 185 189 -1
188 -3.0 -35.5 -450.5 186 190 -1
189 -1.5 -39.0 -452.5 187 191 -1
190 -3.0 -35.0 -451.0 188 192 -1
191 -1.0 -39.5 -453.0 189 193 -1
192 -3.0 -34.5 -451.5 190 194 -1
193 -0.5 -39.5 -453.5 191 -1 -1
194 -3.5 -34.0 -451.5 192 195 -1
195 -3.5 -33.5 -452.0 194 196 -1
196 -3.5 -33.0 -452.5 195 197 -1
197 -3.5 -32.5 -452.5 196 198 -1
198 -4.0 -32.0 -452.5 197 199 -1
199 -4.0 -31.5 -452.5 198 200 -1
200 -4.0 -31.0 -452.5 199 201 -1
201 -4.5 -30.5 -452.0 200 202 -1
202 -4.5 -30.0 -452.5 201 203 -1
203 -4.5 -29.5 -452.5 202 204 -1
204 -5.0 -29.0 -452.0 203 205 -1
205 -5.5 -28.5 -452.0 204 206 -1
206 -5.5 -28.0 -452.0 205 207 -1
207 -6.0 -27.5 -451.5 206 208 -1
208 -6.5 -27.0 -451.0 207 209 -1
209 -7.0 -26.5 -451.0 208 210 -1
210 -7.5 -26.0 -450.5 209 211 -1
211 -8.0 -26.0 -450.0 210 212 -1
212 -8.5 -25.5 -450.0 211 213 -1
213 -9.0 -25.0 -450.0 212 214 -1
214 -9.5 -24.5 -449.5 213 215 -1
215 -10.0 -24.0 -449.0 214 216 -1
216 -10.5 -23.5 -449.0 215 217 -1
217 -11.0 -23.0 -449.0 216 218 -1
218 -11.5 -22.5 -448.5 217 219 -1
219 -12.0 -22.0 -448.0 218 220 -1
220 -12.5 -21.5 -447.5 219 221 -1
221 -12.5 -21.5 -447.0 220 222 -1
222 -13.0 -21.0 -446.5 221 223 -1
223 -13.5 -21.0 -446.5 222 224 -1
224 -14.0 -20.5 -446.5 223 225 -1
225 -14.5 -20.0 -446.0 224 226 -1
226 -15.0 -19.5 -446.0 225 227 -1
227 -15.5 -19.0 -445.5 226 228 -1
228 -16.0 -18.5 -445.5 227 229 -1
229 -16.0 -18.0 -445.0 228 230 -1
230 -16.5 -17.5 -444.5 229 231 -1
231 -17.0 -18.0 -445.0 230 232 233
232 -17.5 -18.0 -445.5 231 234 -1
233 -17.5 -17.0 -444.0 231 235 -1
234 -18.0 -18.0 -446.0 232 236 -1
235 -18.0 -16.5 -444.0 233 237 -1
236 -18.0 -18.0 -446.5 234 238 -1
237 -18.0 -16.0 -443.5 235 239 -1
238 -18.5 -18.0 -447.0 236 240 -1
239 -17.5 -16.0 -443.0 237 241 -1
240 -19.0 -17.5 -447.5 238 242 -1
241 -17.5 -15.5 -442.5 239 243 -1
242 -19.5 -18.0 -448.0 240 244 -1
243 -17.5 -15.0 -442.0 241 245 -1
244 -20.0 -17.5 -448.5 242 246 -1
245 -17.5 -15.0 -441.5 243 247 -1
246 -20.5 -17.0 -449.0 244 248 -1
247 -17.5 -14.5 -441.0 245 249 -1
248 -20.5 -17.5 -449.5 246 250 -1
249 -17.5 -14.5 -440.5 247 251 -1
250 -21.0 -17.0 -450.0 248 252 -1
251 -17.5 -14.0 -440.0 249 253 -1
252 -21.5 -16.5 -450.5 250 254 -1
253 -17.5 -13.5 -439.5 251 255 -1
254 -21.5 -16.5 -451.0 252 256 -1
255 -18.0 -13.5 -439.0 253 257 -1
256 -22.0 -16.5 -451.5 254 258 -1
257 -18.5 -13.5 -438.5 255 259 -1
258 -21.5 -17.0 -452.0 256 260 -1
259 -19.0 -13.0 -438.0 257 261 -1
260 -22.0 -16.5 -452.5 258 262 -1
261 -19.5 -12.5 -437.5 259 263 -1
262 -22.0 -16.5 -453.0 260 264 -1
263 -19.5 -12.0 -437.0 261 265 -1
264 -22.0 -16.0 -453.5 262 266 -1
265 -20.0 -11.5 -436.5 263 267 -1
266 -22.0 -15.5 -454.0 264 268 -1
267 -20.0 -11.0 -436.0 265 269 -1
268 -22.0 -15.5 -454.5 266 270 -1
269 -20.5 -11.0 -435.5 267 271 -1
270 -22.0 -15.5 -455.0 268 272 -1
271 -21.0 -10.5 -435.0 269 273 -1
272 -22.0 -15.5 -455.5 270 274 -1
273 -21.0 -10.0 -434.5 271 275 -1
274 -22.5 -15.5 -456.0 272 276 -1
275 -21.5 -9.5 -434.0 273 277 -1
276 -22.5 -15.0 -456.5 274 278 -1
277 -21.5 -9.0 -433.5 275 279 -1
278 -22.5 -14.5 -457.0 276 280 -1
279 -21.5 -8.5 -433.0 277 281 -1
280 -22.5 -14.5 -457.5 278 282 -1
281 -22.0 -8.5 -432.5 279 283 -1
282 -22.5 -14.5 -458.0 280 284 -1
283 -22.5 -8.0 -432.0 281 285 -1
284 -23.0 -14.5 -458.5 282 286 -1
285 -22.5 -7.5 -431.5 283 287 -1
286 -23.0 -14.5 -459.0 284 288 -1
287 -23.0 -7.5 -431.0 285 289 -1
288 -23.0 -14.0 -459.5 286 290 -1
289 -23.5 -7.5 -430.5 287 291 -1
290 -23.0 -14.0 -460.0 288 292 -1
291 -23.5 -7.0 -430.0 289 293 -1
292 -23.0 -14.0 -460.5 290 294 -1
293 -24.0 -7.0 -429.5 291 295 -1
294 -23.0 -13.5 -461.0 292 296 -1
295 -24.5 -6.5 -429.0 293 297 -1
296 -22.5 -13.0 -461.5 294 298 -1
297 -24.5 -6.0 -428.5 295 299 -1
298 -23.0 -13.0 -462.0 296 300 -1
299 -25.0 -6.0 -428.0 297 301 -1
300 -23.0 -13.0 -462.5 298 302 -1
301 -25.0 -5.5 -427.5 299 303 -1
302 -22.5 -12.5 -463.0 300 304 -1
303 -25.5 -5.5 -427.0 301 305 -1
304 -22.5 -12.0 -463.5 302 306 -1
305 -26.0 -5.5 -426.5 303 307 -1
306 -22.5 -12.0 -464.0 304 308 -1
307 -26.0 -5.0 -426.0 305 309 -1
308 -22.5 -12.0 -464.5 306 310 -1
309 -26.5 -5.0 -425.5 307 311 -1
310 -22.5 -11.5 -465.0 308 312 -1
311 -27.0 -5.0 -425.0 309 313 -1
312 -22.5 -11.5 -465.5 310 314 -1
313 -27.0 -4.5 -424.5 311 315 -1
314 -22.0 -11.0 -466.0 312 316 -1
315 -27.5 -4.0 -424.0 313 317 -1
316 -22.0 -11.0 -466.5 314 318 -1
317 -27.5 -4.0 -423.5 315 319 -1
318 -22.0 -11.0 -467.0 316 320 -1
319 -28.0 -3.5 -423.0 317 321 -1
320 -21.5 -10.5 -467.5 318 322 -1
321 -28.0 -3.5 -422.5 319 323 -1
322 -21.5 -10.5 -468.0 320 324 -1
323 -28.5 -3.0 -422.0 321 325 -1
324 -21.0 -10.5 -468.5 322 326 -1
325 -29.0 -3.0 -422.0 323 327 -1
326 -21.0 -10.0 -469.0 324 328 -1
327 -29.5 -3.0 -421.5 325 329 -1
328 -21.0 -10.0 -469.5 326 330 -1
329 -29.5 -2.5 -421.0 327 331 -1
330 -20.5 -10.0 -470.0 328 332 -1
331 -30.0 -2.5 -420.5 329 333 -1
332 -20.5 -10.0 -470.5 330 334 -1
333 -30.5 -2.0 -420.0 331 335 -1
334 -20.0 -9.5 -471.0 332 336 -1
335 -30.5 -2.0 -419.5 333 337 -1
336 -20.0 -9.5 -471.5 334 338 -1
337 -31.0 -1.5 -419.0 335 339 -1
338 -19.5 -9.5 -472.0 336 340 -1
339 -31.0 -1.5 -418.5 337 341 -1
340 -19.5 -9.5 -472.5 338 342 -1
341 -31.5 -1.0 -418.0 339 343 -1
342 -19.0 -9.0 -473.0 340 344 -1
343 -32.0 -1.0 -417.5 341 345 -1
344 -19.0 -9.0 -473.5 342 346 -1
345 -32.5 -1.0 -417.0 343 347 -1
346 -19.0 -9.0 -474.0 344 348 -1
347 -33.0 -0.5 -417.0 345 349 -1
348 -19.0 -9.0 -474.5 346 350 -1
349 -33.5 0.0 -416.5 347 351 -1
350 -18.5 -9.0 -475.0 348 352 -1
351 -34.0 0.0 -416.0 349 353 -1
352 -18.5 -9.0 -475.5 350 354 -1
353 -34.5 0.5 -416.0 351 355 -1
354 -18.5 -9.0 -476.0 352 -1 -1
355 -35.0 1.0 -415.5 353 356 -1
356 -35.5 1.0 -415.5 355 357 -1
357 -36.0 1.5 -415.0 356 358 -1
358 -36.5 2.0 -414.5 357 359 -1
359 -37.0 2.5 -414.0 358 360 -1
360 -37.5 2.5 -413.5 359 361 -1
361 -38.0 3.0 -413.0 360 362 -1
362 -38.5 3.0 -412.5 361 363 -1
363 -39.0 3.0 -412.0 362 364 -1
364 -39.5 3.5 -411.5 363 365 -1
365 -40.0 4.0 -411.0 364 366 -1
366 -40.0 3.5 -410.5 365 367 -1
367 -40.5 4.0 -410.0 366 368 -1
368 -40.5 4.5 -410.0 367 369 -1
369 -40.5 5.0 -409.5 368 370 -1
370 -40.5 5.5 -409.0 369 371 -1
371 -41.0 6.0 -408.5 370 372 -1
372 -42.0 6.0 -407.5 371 373 374
373 -42.5 5.5 -407.5 372 375 -1
374 -41.5 6.5 -407.5 372 376 -1
375 -43.0 5.5 -407.0 373 377 -1
376 -42.0 7.0 -407.0 374 378 -1
377 -43.5 5.5 -406.5 375 379 -1
378 -42.0 7.5 -406.5 376 380 -1
379 -44.0 5.0 -406.0 377 381 -1
380 -42.5 7.5 -406.0 378 382 -1
381 -44.0 5.0 -405.5 379 383 -1
382 -42.5 7.5 -405.5 380 384 -1
383 -44.5 4.5 -405.0 381 385 -1
384 -42.5 8.0 -405.0 382 386 -1
385 -45.0 4.0 -404.5 383 387 -1
386 -42.5 8.5 -404.5 384 388 -1
387 -45.5 4.0 -404.0 385 389 -1
388 -42.5 9.0 -404.0 386 390 -1
389 -46.0 3.5 -404.0 387 391 -1
390 -42.5 9.5 -403.5 388 392 -1
391 -46.5 3.0 -403.5 389 393 -1
392 -42.5 10.0 -403.0 390 394 -1
393 -46.5 3.0 -403.0 391 395 -1
394 -42.5 10.5 -402.5 392 396 -1
395 -46.5 3.0 -402.5 393 397 -1
396 -42.0 11.0 -402.5 394 398 -1
397 -47.0 2.5 -402.0 395 399 -1
398 -42.0 11.5 -402.0 396 400 -1
399 -47.0 2.0 -401.5 397 401 -1
400 -42.0 11.5 -401.5 398 402 -1
401 -47.5 1.5 -401.0 399 403 -1
402 -42.0 11.5 -401.0 400 404 -1
403 -47.5 1.0 -400.5 401 405 -1
404 -42.0 12.0 -400.5 402 406 -1
405 -48.0 0.5 -400.0 403 407 -1
406 -42.5 12.0 -400.0 404 408 -1
407 -48.0 0.0 -399.5 405 409 -1
408 -42.0 12.5 -399.5 406 410 -1
409 -48.0 0.0 -399.0 407 411 -1
410 -42.0 13.0 -399.0 408 412 -1
411 -48.0 -0.5 -398.5 409 413 -1
412 -42.0 13.0 -398.5 410 414 -1
413 -48.0 -1.0 -398.0 411 415 -1
414 -42.0 13.5 -398.0 412 416 -1
415 -48.0 -1.5 -397.5 413 417 -1
416 -42.0 13.5 -397.5 414 418 -1
417 -48.0 -1.5 -397.0 415 419 -1
418 -42.0 14.0 -397.0 416 420 -1
419 -48.0 -2.0 -396.5 417 421 -1
420 -42.0 14.0 -396.5 418 422 -1
421 -48.0 -2.5 -396.0 419 423 -1
422 -42.0 14.5 -396.0 420 424 -1
423 -47.5 -3.0 -395.5 421 425 -1
424 -42.5 14.5 -395.5 422 426 -1
425 -47.5 -3.5 -395.0 423 427 -1
426 -42.0 15.0 -395.0 424 428 -1
427 -47.0 -4.0 -394.5 425 429 -1
428 -42.5 15.0 -394.5 426 430 -1
429 -47.0 -4.5 -394.0 427 431 -1
430 -42.5 15.5 -394.0 428 432 -1
431 -46.5 -5.0 -393.5 429 433 -1
432 -42.5 16.0 -393.5 430 434 -1
433 -46.0 -5.5 -393.0 431 435 -1
434 -43.0 16.0 -393.0 432 436 -1
435 -46.0 -6.0 -392.5 433 437 -1
436 -43.0 16.0 -392.5 434 438 -1
437 -45.5 -6.5 -392.0 435 439 -1
438 -43.0 16.5 -392.0 436 440 -1
439 -45.5 -7.0 -391.5 437 441 -1
440 -43.0 17.0 -391.5 438 442 -1
441 -45.5 -7.0 -391.0 439 443 -1
442 -43.0 17.0 -391.0 440 444 -1
443 -45.5 -7.5 -390.5 441 445 -1
444 -43.5 17.0 -390.5 442 446 -1
445 -45.0 -8.0 -390.0 443 447 -1
446 -43.5 17.5 -390.0 444 448 -1
447 -44.5 -8.5 -389.5 445 449 -1
448 -43.5 18.0 -389.5 446 450 -1
449 -44.5 -9.0 -389.0 447 451 -1
450 -43.5 18.0 -389.0 448 452 -1
451 -44.0 -9.5 -388.5 449 453 -1
452 -43.5 18.5 -388.5 450 454 -1
453 -44.0 -9.5 -388.0 451 455 -1
454 -44.0 18.5 -388.0 452 456 -1
455 -44.0 -9.5 -387.5 453 -1 -1
456 -44.0 19.0 -387.5 454 457 -1
457 -44.0 19.5 -387.0 456 458 -1
458 -44.0 19.5 -386.5 457 459 -1
459 -44.0 20.0 -386.0 458 460 -1
460 -44.5 20.0 -385.5 459 461 -1
461 -44.0 20.5 -385.0 460 462 -1
462 -44.5 20.5 -384.5 461 463 -1
463 -44.5 21.0 -384.0 462 464 -1
464 -44.5 21.0 -383.5 463 465 -1
465 -44.5 21.5 -383.0 464 466 -1
466 -44.5 22.0 -382.5 465 467 -1
467 -44.5 22.0 -382.0 466 468 -1
468 -44.5 22.5 -381.5 467 469 -1
469 -44.5 22.5 -381.0 468 470 -1
470 -44.5 23.0 -380.5 469 471 -1
471 -44.5 23.0 -380.0 470 472 -1
472 -44.5 23.5 -379.5 471 473 -1
473 -44.5 23.5 -379.0 472 474 -1
474 -44.5 24.0 -378.5 473 475 -1
475 -44.5 24.0 -378.0 474 476 -1
476 -44.5 24.5 -377.5 475 477 -1
477 -44.5 24.5 -377.0 476 478 -1
478 -44.5 25.0 -376.5 477 479 -1
479 -44.0 25.0 -376.0 478 480 -1
480 -44.0 25.0 -375.5 479 481 -1
481 -44.0 25.5 -375.0 480 482 -1
482 -44.0 26.0 -374.5 481 483 -1
483 -44.0 26.0 -374.0 482 484 -1
484 -43.5 26.0 -373.5 483 485 -1
485 -43.5 26.5 -373.0 484 486 -1
486 -43.5 26.5 -372.5 485 487 -1
487 -43.0 26.5 -372.0 486 488 -1
488 -43.5 27.0 -371.5 487 489 -1
489 -43.5 27.5 -371.0 488 490 -1
490 -43.0 27.5 -370.5 489 491 -1
491 -43.0 28.0 -370.0 490 492 -1
492 -42.5 27.5 -369.5 491 493 -1
493 -42.5 28.0 -369.0 492 494 -1
494 -42.0 28.0 -368.5 493 495 -1
495 -42.0 28.5 -368.0 494 496 -1
496 -41.5 28.5 -367.5 495 497 -1
497 -41.5 28.5 -367.0 496 498 -1
498 -41.0 28.5 -366.5 497 499 -1
499 -40.5 28.5 -366.0 498 500 -1
500 -40.0 28.5 -365.5 499 501 -1
501 -39.5 28.5 -365.0 500 502 -1
502 -39.0 28.5 -364.5 501 503 -1
503 -38.5 28.5 -364.0 502 504 -1
504 -38.0 28.5 -363.5 503 505 -1
505 -37.5 28.5 -363.0 504 506 -1
506 -37.0 28.0 -362.5 505 507 -1
507 -37.0 27.5 -362.0 506 508 -1
508 -36.5 27.5 -361.5 507 509 -1
509 -36.0 27.5 -361.0 508 510 -1
510 -35.5 27.0 -360.5 509 511 -1
511 -35.0 27.0 -360.0 510 512 -1
512 -34.5 26.5 -359.5 511 513 -1
513 -34.0 26.5 -359.0 512 514 -1
514 -33.5 26.0 -358.5 513 515 -1
515 -33.5 25.5 -358.0 514 516 -1
516 -33.0 25.5 -357.5 515 517 -1
517 -32.5 25.5 -357.5 516 518 -1
518 -32.0 25.0 -357.0 517 519 -1
519 -31.5 25.0 -356.5 518 -1 -1
