0 70.5 -140.0 726.0 -1 1 -1
1 70.5 -140.5 726.5 0 2 -1
2 70.0 -140.5 727.0 1 3 -1
3 70.0 -140.5 727.5 2 4 -1
4 69.5 -140.5 728.0 3 5 -1
5 69.0 -140.5 728.5 4 6 -1
6 68.5 -140.0 728.5 5 7 -1
7 68.0 -140.0 729.0 6 8 -1
8 67.5 -139.5 729.0 7 9 -1
9 67.0 -139.5 729.5 8 10 -1
10 66.5 -139.0 729.5 9 11 -1
11 66.0 -139.0 730.0 10 12 -1
12 66.0 -139.0 730.5 11 13 -1
13 65.5 -138.5 731.0 12 14 -1
14 65.0 -138.0 731.5 13 15 -1
15 64.5 -137.5 732.0 14 16 -1
16 64.0 -137.0 732.0 15 17 -1
17 63.5 -137.0 732.5 16 18 -1
18 63.0 -136.5 733.0 17 19 -1
19 62.5 -136.0 733.5 18 20 -1
20 62.0 -135.5 734.0 19 21 -1
21 62.0 -135.0 734.5 20 22 -1
22 61.5 -135.0 735.0 21 23 -1
23 61.0 -134.5 735.0 22 24 -1
24 60.5 -134.0 735.5 23 25 -1
25 60.0 -133.5 735.5 24 26 -1
26 59.5 -133.5 736.0 25 27 -1
27 59.0 -133.0 736.0 26 28 -1
28 58.5 -132.5 736.5 27 29 -1
29 58.0 -132.0 736.5 28 30 -1
30 57.5 -132.5 737.0 29 31 -1
31 57.0 -132.0 737.0 30 32 -1
32 56.5 -131.5 737.0 31 33 -1
33 56.0 -131.5 737.5 32 34 -1
34 55.5 -131.5 737.5 33 35 -1
35 55.0 -131.5 738.0 34 36 -1
36 54.5 -131.0 738.0 35 37 -1
37 54.0 -130.5 737.5 36 38 -1
38 53.5 -130.5 737.5 37 39 -1
39 53.0 -130.0 737.5 38 40 -1
40 52.5 -130.0 737.5 39 41 -1
41 52.0 -130.0 737.5 40 42 -1
42 51.5 -130.0 737.5 41 43 -1
43 51.0 -130.0 737.5 42 44 -1
44 50.5 -130.0 737.5 43 45 -1
45 50.0 -129.5 737.5 44 46 -1
46 49.5 -129.5 737.5 45 47 -1
47 49.0 -129.5 737.0 46 48 -1
48 48.5 -129.5 737.0 47 49 -1
49 48.0 -130.0 737.0 48 50 -1
50 47.5 -130.0 737.0 49 51 -1
51 47.0 -130.0 737.0 50 52 -1
52 46.5 -130.0 736.5 51 53 -1
53 46.0 -130.0 736.5 52 54 -1
54 45.5 -130.0 736.0 53 55 -1
55 45.0 -130.0 735.5 54 56 -1
56 44.5 -130.0 735.0 55 57 -1
57 44.0 -130.5 735.5 56 58 -1
58 43.5 -130.5 735.0 57 59 -1
59 43.0 -131.0 735.0 58 60 -1
60 42.5 -131.5 734.5 59 61 -1
61 42.0 -132.0 734.0 60 62 -1
62 41.5 -132.5 733.5 61 63 -1
63 41.0 -133.0 733.0 62 64 -1
64 40.5 -133.5 732.5 63 65 -1
65 40.0 -134.0 732.0 64 66 -1
66 40.0 -134.5 731.5 65 67 -1
67 39.5 -135.0 731.5 66 68 -1
68 39.5 -135.5 731.0 67 69 -1
69 39.0 -136.0 731.0 68 70 -1
70 38.5 -136.5 731.0 69 71 -1
71 38.0 -137.0 731.0 70 72 -1
72 38.0 -137.5 730.5 71 73 -1
73 38.0 -138.0 730.0 72 74 -1
74 37.5 -138.5 730.0 73 75 -1
75 37.5 -139.0 729.5 74 76 -1
76 37.0 -139.5 729.5 75 77 -1
77 37.0 -140.0 729.0 76 78 -1
78 36.5 -140.5 729.0 77 79 -1
79 36.5 -141.0 728.5 78 80 -1
80 36.5 -141.5 728.5 79 81 -1
81 36.0 -142.0 728.5 80 82 -1
82 35.5 -142.5 728.5 81 83 -1
83 35.5 -143.0 728.0 82 84 -1
84 35.5 -143.5 727.5 83 85 -1
85 35.0 -144.0 727.5 84 86 -1
86 34.5 -144.5 727.5 85 87 -1
87 34.5 -145.0 727.0 86 88 -1
88 34.0 -145.5 727.0 87 89 -1
89 33.5 -146.0 727.0 88 90 -1
90 33.5 -146.5 726.5 89 91 -1
91 33.0 -147.0 726.5 90 92 -1
92 33.0 -147.5 726.0 91 93 -1
93 32.5 -148.0 726.0 92 94 -1
94 32.0 -148.5 726.0 93 95 -1
95 31.5 -149.0 726.0 94 96 -1
96 31.5 -149.5 725.5 95 97 -1
97 31.0 -150.0 725.5 96 98 -1
98 30.5 -150.5 725.0 97 99 -1
99 30.0 -151.0 724.5 98 100 -1
100 30.0 -151.5 724.0 99 101 -1
101 29.5 -152.0 724.0 100 102 -1
102 29.0 -152.5 724.0 101 103 -1
103 28.5 -153.0 724.0 102 104 -1
104 28.0 -153.5 723.5 103 105 -1
105 27.5 -154.0 723.0 104 106 -1
106 27.0 -154.0 722.5 105 107 -1
107 26.5 -154.5 722.0 106 108 -1
108 26.0 -155.0 722.0 107 109 -1
109 25.5 -155.0 721.5 108 110 -1
110 25.0 -155.5 721.0 109 111 -1
111 24.5 -156.0 720.5 110 112 -1
112 24.0 -156.0 720.0 111 113 -1
113 23.5 -156.5 719.5 112 114 -1
114 23.0 -157.0 719.5 113 115 -1
115 22.5 -157.0 719.0 114 116 -1
116 22.0 -157.5 718.5 115 117 -1
117 21.5 -158.0 718.0 116 118 -1
118 21.0 -158.0 718.0 117 119 -1
119 20.5 -158.0 717.5 118 120 -1
120 20.0 -158.0 717.0 119 121 -1
121 19.5 -158.5 717.0 120 122 -1
122 19.0 -158.5 716.5 121 123 -1
123 18.5 -158.5 716.0 122 124 -1
124 18.0 -159.0 716.0 123 125 -1
125 17.5 -159.0 716.0 124 126 -1
126 17.0 -159.0 715.5 125 127 -1
127 16.5 -159.0 715.5 126 128 -1
128 16.0 -159.0 715.0 127 129 -1
129 15.5 -159.0 715.0 128 130 -1
130 15.0 -159.5 714.5 129 131 -1
131 14.5 -159.5 714.5 130 132 -1
132 14.0 -159.0 714.5 131 133 -1
133 13.5 -159.0 714.5 132 134 -1
134 13.0 -159.5 714.0 133 135 -1
135 12.5 -159.0 714.0 134 136 -1
136 12.0 -159.5 713.5 135 137 -1
137 11.5 -159.5 713.5 136 138 -1
138 11.0 -159.5 713.5 137 139 -1
139 10.5 -159.5 713.5 138 140 -1
140 10.0 -159.5 713.5 139 141 -1
141 9.5 -159.5 713.5 140 142 -1
142 9.0 -159.5 713.5 141 143 -1
143 8.5 -159.5 713.5 142 144 -1
144 8.0 -159.5 713.5 143 145 -1
145 7.5 -159.5 713.0 144 146 -1
146 7.0 -159.5 713.0 145 147 -1
147 6.5 -159.0 713.5 146 148 -1
148 6.0 -159.0 713.5 147 149 -1
149 5.5 -159.0 713.5 148 150 -1
150 5.0 -159.5 713.0 149 151 -1
151 4.5 -159.0 713.0 150 152 -1
152 4.0 -159.0 713.0 151 153 -1
153 3.5 -159.5 713.0 152 154 -1
154 3.0 -159.0 713.5 153 155 -1
155 2.5 -159.0 713.5 154 156 -1
156 2.0 -158.5 714.0 155 157 -1
157 1.5 -158.5 713.5 156 158 -1
158 1.0 -158.0 714.0 157 159 -1
159 0.5 -158.5 713.5 158 160 -1
160 0.0 -158.0 713.5 159 161 -1
161 -0.5 -158.0 713.5 160 162 -1
162 -1.0 -158.0 713.5 161 163 -1
163 -1.5 -157.5 713.5 162 164 -1
164 -2.0 -157.0 713.5 163 165 -1
165 -2.5 -157.0 713.5 164 166 -1
166 -3.0 -157.0 713.5 165 167 -1
167 -3.5 -156.5 713.5 166 168 -1
168 -4.0 -156.0 714.0 167 169 170
169 -3.5 -155.5 714.5 168 172 -1
170 -5.0 -156.0 713.0 168 173 -1
171 -5.5 -155.5 714.5 168 174 -1
172 -3.0 -156.0 715.0 169 175 -1
173 -5.0 -156.0 712.5 170 176 -1
174 -6.0 -155.0 715.0 171 177 -1
175 -2.5 -156.0 715.0 172 178 -1
176 -5.0 -156.5 712.0 173 179 -1
177 -6.5 -155.0 715.5 174 180 -1
178 -2.0 -156.0 715.0 175 181 -1
179 -4.5 -157.0 711.5 176 182 -1
180 -7.0 -155.0 715.5 177 183 -1
181 -1.5 -156.0 715.0 178 184 -1
182 -5.0 -156.5 711.0 179 185 -1
183 -7.5 -154.5 716.0 180 186 -1
184 -1.0 -156.5 715.0 181 187 -1
185 -5.0 -156.5 710.5 182 188 -1
186 -8.0 -154.5 716.5 183 189 -1
187 -0.5 -156.5 715.0 184 190 -1
188 -5.0 -156.5 710.0 185 191 -1
189 -8.5 -154.0 717.0 186 192 -1
190 0.0 -156.5 715.0 187 193 -1
191 -5.0 -156.5 709.5 188 194 -1
192 -9.0 -153.5 717.5 189 195 -1
193 0.5 -157.0 715.0 190 196 -1
194 -5.0 -157.0 709.0 191 197 -1
195 -9.5 -153.5 718.0 192 198 -1
196 1.0 -156.5 715.5 193 199 -1
197 -5.0 -157.0 708.5 194 200 -1
198 -10.0 -153.0 718.5 195 201 -1
199 1.5 -156.0 716.0 196 202 -1
200 -5.5 -157.0 708.0 197 203 -1
201 -10.0 -152.5 719.0 198 204 -1
202 2.0 -155.5 716.5 199 205 -1
203 -5.5 -157.0 707.5 200 206 -1
204 -10.5 -152.5 719.5 201 207 -1
205 2.5 -155.5 716.5 202 208 -1
206 -5.5 -157.0 707.0 203 209 -1
207 -11.0 -152.0 720.0 204 210 -1
208 3.0 -155.0 717.0 205 211 -1
209 -5.5 -157.0 706.5 206 212 -1
210 -11.5 -151.5 720.5 207 213 -1
211 3.5 -155.0 717.0 208 214 -1
212 -5.5 -157.0 706.0 209 215 -1
213 -12.0 -151.5 721.0 210 216 -1
214 4.0 -154.5 717.5 211 217 -1
215 -5.5 -157.0 705.5 212 218 -1
216 -12.5 -151.5 721.5 213 219 -1
217 4.0 -154.5 718.0 214 220 -1
218 -5.5 -157.5 705.0 215 221 -1
219 -13.0 -151.0 722.0 216 222 -1
220 4.0 -154.0 718.5 217 223 -1
221 -5.5 -157.5 704.5 218 224 -1
222 -13.5 -151.0 722.5 219 225 -1
223 4.5 -153.5 719.0 220 226 -1
224 -5.5 -158.0 704.0 221 227 -1
225 -14.0 -151.0 723.0 222 228 -1
226 5.0 -153.5 719.5 223 229 -1
227 -5.5 -158.0 703.5 224 230 -1
228 -14.5 -151.0 723.5 225 231 -1
229 5.0 -153.5 720.0 226 232 -1
230 -5.5 -158.0 703.0 227 233 -1
231 -15.0 -150.5 724.0 228 234 -1
232 5.5 -153.5 720.5 229 235 -1
233 -5.5 -158.0 702.5 230 236 -1
234 -15.5 -150.5 724.5 231 237 -1
235 5.5 -153.5 721.0 232 238 -1
236 -5.5 -158.0 702.0 233 239 -1
237 -16.0 -150.0 725.0 234 240 -1
238 5.5 -153.0 721.5 235 241 -1
239 -5.5 -158.0 701.5 236 242 -1
240 -16.5 -150.0 725.5 237 243 -1
241 5.5 -153.0 722.0 238 244 -1
242 -6.0 -158.0 701.0 239 245 -1
243 -17.0 -150.0 725.5 240 246 -1
244 6.0 -153.0 722.5 241 247 -1
245 -6.0 -158.0 700.5 242 248 -1
246 -17.5 -150.0 726.0 243 249 -1
247 6.0 -153.0 723.0 244 250 -1
248 -6.5 -158.0 700.0 245 251 -1
249 -18.0 -150.0 726.5 246 252 -1
250 6.0 -153.0 723.5 247 253 -1
251 -6.5 -158.0 699.5 248 254 -1
252 -18.5 -149.5 727.0 249 255 -1
253 6.5 -152.5 724.0 250 256 -1
254 -6.5 -158.0 699.0 251 257 -1
255 -19.0 -149.5 727.5 252 258 -1
256 6.5 -152.5 724.5 253 259 -1
257 -6.5 -158.5 698.5 254 260 -1
258 -19.5 -149.5 727.5 255 261 -1
259 6.5 -152.5 725.0 256 262 -1
260 -6.5 -158.5 698.0 257 263 -1
261 -20.0 -149.5 728.0 258 264 -1
262 7.0 -152.5 725.5 259 265 -1
263 -6.5 -158.5 697.5 260 266 -1
264 -20.5 -149.5 728.5 261 267 -1
265 7.0 -152.5 726.0 262 268 -1
266 -7.0 -158.5 697.0 263 269 -1
267 -21.0 -149.5 729.0 264 270 -1
268 7.0 -152.5 726.5 265 271 -1
269 -7.0 -158.5 696.5 266 272 -1
270 -21.5 -149.0 729.0 267 273 -1
271 7.0 -152.5 727.0 268 274 -1
272 -7.0 -158.5 696.0 269 275 -1
273 -22.0 -149.0 729.5 270 276 -1
274 7.0 -152.0 727.5 271 277 -1
275 -7.5 -158.5 695.5 272 278 -1
276 -22.5 -149.0 730.0 273 279 -1
277 7.0 -152.0 728.0 274 280 -1
278 -7.5 -158.5 695.0 275 281 -1
279 -23.0 -149.0 730.5 276 282 -1
280 7.5 -152.0 728.5 277 283 -1
281 -7.5 -159.0 694.5 278 -1 -1
282 -23.5 -149.0 731.0 279 284 -1
283 7.5 -152.5 729.0 280 285 -1
284 -24.0 -148.5 731.0 282 286 -1
285 7.5 -152.5 729.5 283 287 -1
286 -24.5 -148.5 731.5 284 288 -1
287 8.0 -152.0 730.0 285 289 -1
288 -25.0 -148.5 732.0 286 290 -1
289 8.0 -152.5 730.5 287 291 -1
290 -25.5 -148.0 732.5 288 292 -1
291 8.0 -152.5 731.0 289 293 -1
292 -26.0 -148.0 733.0 290 294 -1
293 8.5 -152.5 731.5 291 295 -1
294 -26.5 -147.5 733.5 292 296 -1
295 8.5 -152.5 732.0 293 297 -1
296 -26.5 -148.0 734.0 294 298 -1
297 8.5 -152.5 732.5 295 299 -1
298 -27.0 -147.5 734.5 296 300 -1
299 9.0 -152.5 733.0 297 301 -1
300 -27.5 -147.5 735.0 298 302 -1
301 9.0 -152.5 733.5 299 303 -1
302 -28.0 -147.0 735.5 300 304 -1
303 9.0 -152.0 734.0 301 305 -1
304 -28.5 -146.5 736.0 302 306 -1
305 9.5 -152.5 734.5 303 307 -1
306 -28.5 -147.0 736.5 304 308 -1
307 9.5 -152.0 735.0 305 309 -1
308 -29.0 -146.5 737.0 306 310 -1
309 10.0 -152.5 735.5 307 311 -1
310 -29.5 -146.5 737.5 308 312 -1
311 10.5 -152.5 736.0 309 313 -1
312 -30.0 -146.5 738.0 310 314 -1
313 10.5 -152.0 736.5 311 315 -1
314 -30.5 -146.5 738.5 312 316 -1
315 11.0 -152.0 737.0 313 317 -1
316 -30.5 -146.5 739.0 314 318 -1
317 11.5 -152.0 737.5 315 319 -1
318 -30.5 -146.5 739.5 316 320 -1
319 12.0 -152.0 738.0 317 321 -1
320 -31.0 -146.5 740.0 318 322 -1
321 12.5 -152.0 738.5 319 -1 -1
322 -31.5 -146.0 740.5 320 323 -1
323 -32.0 -146.0 741.0 322 324 -1
324 -32.0 -146.0 741.5 323 325 -1
325 -32.5 -146.0 742.0 324 326 -1
326 -32.5 -146.0 742.5 325 327 -1
327 -33.0 -146.0 743.0 326 328 -1
328 -33.0 -146.0 743.5 327 329 -1
329 -33.5 -145.5 744.0 328 330 -1
330 -34.0 -145.5 744.5 329 331 -1
331 -34.0 -145.5 745.0 330 332 -1
332 -34.5 -145.5 745.5 331 333 -1
333 -34.5 -145.5 746.0 332 334 -1
334 -34.5 -145.5 746.5 333 335 -1
335 -34.5 -145.5 747.0 334 336 -1
336 -35.0 -145.5 747.5 335 337 -1
337 -35.5 -145.0 748.0 336 338 -1
338 -36.0 -145.0 748.5 337 339 -1
339 -36.0 -145.0 749.0 338 340 -1
340 -36.0 -145.0 749.5 339 341 -1
341 -36.0 -145.0 750.0 340 342 -1
342 -36.5 -145.0 750.5 341 343 -1
343 -36.5 -145.0 751.0 342 344 -1
344 -37.0 -144.5 751.5 343 345 -1
345 -37.0 -144.5 752.0 344 346 -1
346 -37.0 -144.5 752.5 345 347 -1
347 -37.5 -144.5 753.0 346 348 -1
348 -37.5 -144.5 753.5 347 349 -1
349 -37.5 -144.5 754.0 348 350 -1
350 -37.5 -144.5 754.5 349 351 -1
351 -38.0 -144.0 755.0 350 352 -1
352 -38.0 -144.0 755.5 351 353 -1
353 -38.0 -144.0 756.0 352 354 -1
354 -38.0 -144.0 756.5 353 355 -1
355 -38.0 -144.0 757.0 354 356 -1
356 -38.0 -144.0 757.5 355 357 -1
357 -38.0 -144.0 758.0 356 358 -1
358 -38.5 -144.0 758.5 357 359 360
359 -39.0 -144.0 758.5 358 361 -1
360 -38.0 -144.0 759.0 358 362 -1
361 -39.5 -144.0 758.5 359 363 -1
362 -38.0 -144.0 759.5 360 364 -1
363 -40.0 -143.5 758.5 361 365 -1
364 -38.0 -144.0 760.0 362 366 -1
365 -40.5 -143.5 759.0 363 367 -1
366 -38.0 -144.0 760.5 364 368 -1
367 -41.0 -143.5 759.0 365 369 -1
368 -37.5 -144.5 761.0 366 370 -1
369 -41.5 -143.0 759.0 367 371 -1
370 -37.5 -144.5 761.5 368 372 -1
371 -42.0 -142.5 759.0 369 373 -1
372 -37.5 -144.5 762.0 370 374 -1
373 -42.5 -142.5 759.0 371 375 -1
374 -37.5 -145.0 762.5 372 376 -1
375 -43.0 -142.5 759.0 373 377 -1
376 -37.5 -145.0 763.0 374 378 -1
377 -43.5 -142.0 759.0 375 379 -1
378 -37.0 -145.0 763.5 376 380 -1
379 -44.0 -141.5 759.0 377 381 -1
380 -37.5 -145.0 764.0 378 382 -1
381 -44.5 -141.5 759.0 379 383 -1
382 -37.0 -145.0 764.5 380 384 -1
383 -45.0 -141.5 759.5 381 385 -1
384 -37.0 -145.0 765.0 382 386 -1
385 -45.5 -141.0 759.5 383 387 -1
386 -37.5 -145.5 765.5 384 388 -1
387 -46.0 -141.0 760.0 385 389 -1
388 -37.0 -145.5 766.0 386 390 -1
389 -46.5 -140.5 760.5 387 391 -1
390 -37.0 -145.5 766.5 388 392 -1
391 -47.0 -140.5 761.0 389 393 -1
392 -36.5 -145.5 767.0 390 394 -1
393 -47.5 -140.0 761.5 391 395 -1
394 -36.5 -145.5 767.5 392 396 -1
395 -48.0 -140.0 761.5 393 397 -1
396 -36.5 -146.0 768.0 394 398 -1
397 -48.5 -139.5 762.0 395 399 -1
398 -36.0 -146.0 768.5 396 400 -1
399 -49.0 -139.5 762.5 397 401 -1
400 -36.0 -146.0 769.0 398 402 -1
401 -49.5 -139.5 763.0 399 403 -1
402 -35.5 -146.5 769.5 400 404 -1
403 -50.0 -139.0 763.5 401 405 -1
404 -35.5 -146.5 770.0 402 406 -1
405 -50.5 -139.0 764.0 403 407 -1
406 -35.0 -147.0 770.5 404 408 -1
407 -51.0 -138.5 764.5 405 409 -1
408 -34.5 -147.0 771.0 406 410 -1
409 -51.5 -138.0 764.5 407 411 -1
410 -34.0 -147.5 771.5 408 412 -1
411 -52.0 -138.0 765.0 409 413 -1
412 -34.0 -147.5 772.0 410 414 -1
413 -52.5 -137.5 765.5 411 415 -1
414 -33.5 -148.0 772.5 412 416 -1
415 -53.0 -137.0 765.5 413 417 -1
416 -33.0 -148.5 773.0 414 418 -1
417 -53.5 -137.0 766.0 415 419 -1
418 -32.5 -149.0 773.5 416 420 -1
419 -53.5 -137.0 766.5 417 421 -1
420 -32.0 -149.0 773.5 418 422 -1
421 -54.0 -136.5 767.0 419 -1 -1
422 -31.5 -149.5 773.5 420 423 -1
423 -31.0 -150.0 773.5 422 424 -1
424 -30.5 -150.5 774.0 423 425 -1
425 -30.0 -151.0 774.0 424 426 -1
426 -29.5 -151.5 774.0 425 427 -1
427 -29.0 -151.5 774.0 426 428 -1
428 -28.5 -152.0 774.0 427 -1 -1
