0 70.5 -140.0 726.0 -1 1 -1
1 70.40702915840731 -140.06665444870166 726.1652065946042 0 2 -1
2 70.30981171391119 -140.12859483937618 726.329855521797 1 3 -1
3 70.20833884412619 -140.1854712937322 726.4937610908064 2 4 -1
4 70.10236463587141 -140.23669125602564 726.656678330411 3 5 -1
5 69.99190564491667 -140.28193402014364 726.8183801353298 4 6 -1
6 69.87678177806896 -140.320546550168 726.9785385517835 5 7 -1
7 69.75705930103206 -140.35213933939383 727.1368494837509 6 8 -1
8 69.63280152466827 -140.37625035554447 727.2929641040992 7 9 -1
9 69.50414923561729 -140.39245829437928 727.4465169803241 8 10 -1
10 69.37133690701987 -140.40042633274493 727.5971483091766 9 11 -1
11 69.23468462877094 -140.39991443799434 727.7445206774116 10 12 -1
12 69.0945479896664 -140.39067848469267 727.8882879745117 11 13 -1
13 68.95144013468533 -140.37284037633236 728.028267672867 12 14 -1
14 68.80585423885042 -140.34649990866777 728.1642968748693 13 15 -1
15 68.65829381373463 -140.31180589185178 728.2962661980947 14 16 -1
16 68.50931077814583 -140.2692543249259 728.4242814356114 15 17 -1
17 68.35937887346427 -140.2191120764342 728.5483842169868 16 18 -1
18 68.20897484667837 -140.16204815710665 728.6688764855456 17 19 -1
19 68.05850203061799 -140.0984741213556 728.7859796223712 18 20 -1
20 67.90831509622828 -140.02904924875727 728.9000920256066 19 21 -1
21 67.75871783080918 -139.9542829335271 729.0115771202848 20 22 -1
22 67.60996004042849 -139.87474217159962 729.1208621848575 21 23 -1
23 67.46223788213244 -139.79099212292513 729.2283957891049 22 24 -1
24 67.31573713902746 -139.70347870543762 729.3345971478171 23 25 -1
25 67.1705776565497 -139.612733387579 729.4399254306571 24 26 -1
26 67.02686720827963 -139.5192094694099 729.5448103880419 25 27 -1
27 66.88469885255041 -139.42332847351338 729.6496696327288 26 28 -1
28 66.74416607096481 -139.32547879512725 729.7549147520863 27 29 -1
29 66.60532032529387 -139.2260664974136 729.8609317762431 28 30 -1
30 66.4682245926589 -139.12545487278692 729.9680885993615 29 31 -1
31 66.33293898247939 -139.0239924405532 730.0767331429013 30 32 -1
32 66.19951857619989 -138.92200822486504 730.1871804082417 31 33 -1
33 66.06793026347792 -138.81968464996544 730.299496350294 32 34 -1
34 65.9380505397883 -138.71705624602995 730.413510533833 33 35 -1
35 65.80975368111352 -138.61414510214797 730.5290521429218 34 36 -1
36 65.6829172397968 -138.51096931014828 730.6459623659154 35 37 -1
37 65.55742228342989 -138.40754350813245 730.7640932970759 36 38 -1
38 65.43315351660564 -138.3038793580572 730.8833068917681 37 39 -1
39 65.31000728737709 -138.19998419511987 731.0034805644548 38 40 -1
40 65.1878709415115 -138.09586553897054 731.1244886342103 39 41 -1
41 65.06663514502205 -137.9915292722091 731.2462128438591 40 42 -1
42 64.9461982593672 -137.88697879229503 731.3685449338017 41 43 -1
43 64.82646249244083 -137.78221591914564 731.4913826382792 42 44 -1
44 64.7073410046263 -137.6772378131736 731.6146331957458 43 45 -1
45 64.5887288609627 -137.57204795410303 731.7381940869961 44 46 -1
46 64.47053575982686 -137.46664540520982 731.8619751276268 45 47 -1
47 64.35267691003078 -137.36102572325217 731.9858897554146 46 48 -1
48 64.23506258905648 -137.2551871141525 732.1098499288377 47 49 -1
49 64.11760544374116 -137.14912911127757 732.2337716180551 48 50 -1
50 64.00022294454564 -137.04284596176774 732.3575710795267 49 51 -1
51 63.88283072453641 -136.93633418026477 732.4811646425251 50 52 -1
52 63.76534805157267 -136.8295933930444 732.6044743424103 51 53 -1
53 63.64769193039414 -136.7226163383615 732.7274133354642 52 54 -1
54 63.52978231153585 -136.61540113421384 732.8499011229682 53 55 -1
55 63.41154375832849 -136.50794711350537 732.9718613793573 54 56 -1
56 63.292888059575134 -136.40024572680966 733.0931966520945 55 57 -1
57 63.173744006315545 -136.29229908445905 733.2138333156126 56 58 -1
58 63.05403568382069 -136.1841056138079 733.3336876721247 57 59 -1
59 62.93367027484377 -136.07565832898138 733.4526511369093 58 60 -1
60 62.81258597684303 -135.9669627529879 733.5706544383829 59 61 -1
61 62.690699986899375 -135.85801706781803 733.6875969134243 60 62 -1
62 62.567924238004515 -135.7488198613969 733.8033679958778 61 63 -1
63 62.44419774339321 -135.63937814616523 733.9178890815181 62 64 -1
64 62.31943353148346 -135.52969320918814 734.0310434027346 63 65 -1
65 62.19354722737537 -135.41976926654067 734.1427129969036 64 66 -1
66 62.0664787159345 -135.3096169629478 734.2528072149229 65 67 -1
67 61.93814339508594 -135.19924378525366 734.3611975456766 66 68 -1
68 61.80845454528245 -135.08866238652723 734.4677486992302 67 69 -1
69 61.677396010497056 -134.97793044455574 734.5724514385737 68 70 -1
70 61.54495597100565 -134.8671308403872 734.6753285596708 69 71 -1
71 61.41109875230254 -134.75635023392718 734.7763757587568 70 72 -1
72 61.27583133136923 -134.6456763482436 734.8756461315484 71 73 -1
73 61.13914290150214 -134.53519641629285 734.9731707326495 72 74 -1
74 61.00101762788923 -134.4249993371666 735.0689759945193 73 75 -1
75 60.8614188864009 -134.31518213352842 735.1630664626088 74 76 -1
76 60.72034626010366 -134.20583448744634 735.255490496324 75 77 -1
77 60.577783867386174 -134.09705029681328 735.3462789101274 76 78 -1
78 60.43371173893881 -133.98892673491497 735.4354590297771 77 79 -1
79 60.2881090377542 -133.88156368867365 735.5230583036523 78 80 -1
80 60.14094461502572 -133.77506991087185 735.6090950260805 79 81 -1
81 59.99220091809726 -133.66955007708168 735.693602098221 80 82 -1
82 59.84186162785159 -133.56510992947028 735.776613369638 81 83 -1
83 59.68990374444904 -133.46186251732024 735.8581563143107 82 84 -1
84 59.53630412374952 -133.35992495971806 735.9382583488555 83 85 -1
85 59.38103970072489 -133.25941873694097 736.0169468005739 84 86 -1
86 59.22408774783722 -133.16046998151324 736.094248875231 85 87 -1
87 59.06542617465292 -133.06320975998244 736.1701916229463 86 88 -1
88 58.90504617717764 -132.96774907326045 736.2447962663801 87 89 -1
89 58.743000925269364 -132.87407670379366 736.318057450916 88 90 -1
90 58.57936645077267 -132.78213313223446 736.3899640184613 89 91 -1
91 58.414220690205624 -132.69185164066897 736.4605089340895 90 92 -1
92 58.24764291889009 -132.60315879515534 736.5296892847374 91 93 -1
93 58.07971327295666 -132.5159748679908 736.5975062100838 92 94 -1
94 57.910512311385475 -132.43021430029725 736.663964795012 93 95 -1
95 57.74012062256587 -132.3457861963428 736.7290739281522 94 96 -1
96 57.56861847829928 -132.26259484129596 736.7928461313079 95 97 -1
97 57.39608553668848 -132.18054023460553 736.8552973647004 96 98 -1
98 57.22260059399917 -132.09951863186254 736.9164468129269 97 99 -1
99 57.048239916687606 -132.01942459150126 736.9763143476858 98 100 -1
100 56.87307910931683 -131.94014919507677 737.0349228179323 99 101 -1
101 56.69719660502721 -131.86157723631524 737.0923045248561 100 102 -1
102 56.52066618764352 -131.78359536324845 737.1484892891244 101 103 -1
103 56.34356018177712 -131.70608916740852 737.2035089330377 102 104 -1
104 56.165939356574896 -131.62895286135662 737.2573767238531 103 105 -1
105 55.98776781053032 -131.55216909720812 737.3099121925763 104 106 -1
106 55.808954912908895 -131.47577712123623 737.3608133666149 105 107 -1
107 55.62941533880924 -131.39982128107968 737.4097709443142 106 108 -1
108 55.44907137587896 -131.32435073155355 737.4564689657612 107 109 -1
109 55.26785428608818 -131.24942020064108 737.5005834149399 108 110 -1
110 55.085705921831156 -131.17509076183495 737.5417811320315 109 111 -1
111 54.90258061804624 -131.1014306014245 737.5797191059597 110 112 -1
112 54.718442356326214 -131.02851981834715 737.6140247803044 111 113 -1
113 54.533280997101386 -130.95644102509476 737.6443455797655 112 114 -1
114 54.34710373559145 -130.88528760601568 737.6703123337675 113 115 -1
115 54.15993979098122 -130.81516315560145 737.6915460892933 114 116 -1
116 53.97184424890847 -130.74618105564878 737.7076640288057 115 117 -1
117 53.7829009833065 -130.6784643777656 737.7182834133848 116 118 -1
118 53.5932253135057 -130.61214539817124 737.7230272922036 117 119 -1
119 53.40296305732835 -130.5473635950062 737.7217682018462 118 120 -1
120 53.21225057158909 -130.4842612744656 737.7150234035983 119 121 -1
121 53.02118338976054 -130.42294714161196 737.7034914451215 120 122 -1
122 52.829812694278154 -130.36351365887347 737.6878590748299 121 123 -1
123 52.638152384762904 -130.30604469399393 737.66879470706 122 124 -1
124 52.4461865651777 -130.25061521240582 737.6469588470737 123 125 -1
125 52.25387584879264 -130.19729468532432 737.6230036439914 124 126 -1
126 52.061163432455395 -130.1461501593747 737.5975740666566 125 127 -1
127 51.86798094906521 -130.09724896046484 737.5713102511353 126 128 -1
128 51.67425226201282 -130.05066844845703 737.5448519808313 127 129 -1
129 51.47990179597187 -130.0064860669455 737.518846238399 128 130 -1
130 51.28487971428882 -129.9647641115034 737.4938251763291 129 131 -1
131 51.08922885890548 -129.92552464390855 737.4697123485216 130 132 -1
132 50.8930219085666 -129.88876947484738 737.446210315863 131 133 -1
133 50.69632895482553 -129.85449850387985 737.42301831505 132 134 -1
134 50.49921865375778 -129.82271017596466 737.3998332796114 133 135 -1
135 50.30175936573739 -129.79340315094166 737.3763499705148 134 136 -1
136 50.10401927467029 -129.76659317562041 737.3522545370766 135 137 -1
137 49.90607361897186 -129.74225546149066 737.3272421835 136 138 -1
138 49.70799879294226 -129.72038479420326 737.3010052776532 137 139 -1
139 49.50987656552867 -129.70097511918783 737.2732365843316 138 140 -1
140 49.31179542950979 -129.6840193620147 737.2436301186785 139 141 -1
141 49.113851890284025 -129.6695091497075 737.2118822015432 140 142 -1
142 48.91615419643094 -129.65745170735525 737.1776732874491 141 143 -1
143 48.718818488741476 -129.64782225475588 737.1407178606133 142 144 -1
144 48.52197084985639 -129.6406224652542 737.1007336989063 143 145 -1
145 48.325747130382574 -129.63600234451076 737.0574420364651 144 146 -1
146 48.13030069621221 -129.63417156923646 737.0105770221769 145 147 -1
147 47.93580586958727 -129.63533175034556 736.9598899073228 146 148 -1
148 47.74245739658637 -129.63967298848024 736.9051530187237 147 149 -1
149 47.55047444818069 -129.6473826700963 736.8461487753871 148 150 -1
150 47.360085435146765 -129.65861067184483 736.7827136530581 149 151 -1
151 47.171529234784664 -129.67348287247907 736.7147203332387 150 152 -1
152 46.9850557472077 -129.69210756666533 736.6420690913649 151 153 -1
153 46.800917229151864 -129.71456490868016 736.564700245111 152 154 -1
154 46.61936199469719 -129.7409046213548 736.4825958833825 153 155 -1
155 46.44062767415861 -129.77114452223313 736.3957803545348 154 156 -1
156 46.26494901384633 -129.80530681290978 736.3043069325914 155 157 -1
157 46.09209635189961 -129.8432928473403 736.2090316991391 156 158 -1
158 45.921452690407044 -129.8850261875459 736.111368076924 157 159 -1
159 45.75239613044864 -129.93049970536043 736.0126177228952 158 160 -1
160 45.58432375681311 -129.97979273255814 735.914019543821 159 161 -1
161 45.41663578197913 -130.0330498415031 735.8168407732311 160 162 -1
162 45.24875296419752 -130.0903964845951 735.7223684975885 161 163 -1
163 45.080133791346576 -130.15205588186467 735.6320216029341 162 164 -1
164 44.91027878490208 -130.2182915029865 735.5474222434208 163 165 -1
165 44.73876749240807 -130.28938539400593 735.4704696003068 164 166 -1
166 44.56554767021479 -130.36549667955322 735.4026892616434 165 167 -1
167 44.391619977270054 -130.44628777413996 735.3425396993877 166 168 -1
168 44.21809253907722 -130.53127077428402 735.2871790321346 167 169 -1
169 44.04588989129518 -130.61994906896848 735.2334937575367 168 170 -1
170 43.87583808059365 -130.71179366103357 735.1783054026522 169 171 -1
171 43.70876292306146 -130.80619885642773 735.1185585039765 170 172 -1
172 43.54555272297613 -130.90244449415346 735.0515381514712 171 173 -1
173 43.386776600824646 -130.99992732372093 734.9761689191815 172 174 -1
174 43.23233809028389 -131.09842564739847 734.8934518836147 173 175 -1
175 43.08204216605568 -131.19782352460322 734.8044124513256 174 176 -1
176 42.93564957837159 -131.29805203214062 734.709961367728 175 177 -1
177 42.79284715518955 -131.39906751371723 734.6109586873041 176 178 -1
178 42.653399880139006 -131.500872057555 734.5080545242497 177 179 -1
179 42.51706650036913 -131.60348949766484 734.4018367033215 178 180 -1
180 42.3835513822104 -131.70694206418403 734.2928823188197 179 181 -1
181 42.25268413657795 -131.8113021416218 734.181604359679 180 182 -1
182 42.12418021083188 -131.91660983783225 734.0684792658095 181 183 -1
183 41.99787967659232 -132.02296031114608 733.9538574163852 182 184 -1
184 41.87355598768336 -132.13042295722488 733.8381166120276 183 185 -1
185 41.75103086192555 -132.23909438337637 733.7215887786313 184 186 -1
186 41.63014423717259 -132.34909059017826 733.6045933304976 185 187 -1
187 41.5106965266336 -132.46049318773035 733.4874506024446 186 188 -1
188 41.392576306764504 -132.57347960402052 733.3704788697495 187 189 -1
189 41.275587160217235 -132.6881293002305 733.253990089557 188 190 -1
190 41.15960980668786 -132.8046326666407 733.1383320483477 189 191 -1
191 41.04448767468312 -132.92312226755934 733.0238437766942 190 192 -1
192 40.930092770281924 -133.0437986633703 732.9109222151169 191 193 -1
193 40.816336253141095 -133.16676562639367 732.7998419713201 192 194 -1
194 40.70326000424412 -133.29206453492833 732.6906900002839 193 195 -1
195 40.59089518834028 -133.41962665106772 732.5834413387764 194 196 -1
196 40.479303950613634 -133.54947784916473 732.4781497382334 195 197 -1
197 40.368521791435924 -133.68155911445754 732.3747957687966 196 198 -1
198 40.25858818308104 -133.8158262428016 732.2733701085715 197 199 -1
199 40.14955171291958 -133.95225632335564 732.1738804695632 198 200 -1
200 40.04145679176294 -134.0908124414428 732.0763203155948 199 201 -1
201 39.93433132136309 -134.23142263953602 731.980648142533 200 202 -1
202 39.82821070442165 -134.37403439164444 731.8868367010776 201 203 -1
203 39.723127219619165 -134.5185901864064 731.7948506944531 202 204 -1
204 39.61910973555531 -134.66502801899895 731.7046468164676 203 205 -1
205 39.516184261630315 -134.8132831387003 731.6161750525561 204 206 -1
206 39.41437618931369 -134.96329180362318 731.5293819867095 205 207 -1
207 39.31369687392078 -135.11497196217755 731.4441919961787 206 208 -1
208 39.21415977059904 -135.268249266303 731.3605320518006 207 209 -1
209 39.11577428353836 -135.42304736226146 731.2783223765097 208 210 -1
210 39.0185457809722 -135.57928834152813 731.1974768631264 209 211 -1
211 38.92247565534748 -135.73689315660693 731.1179035307358 210 212 -1
212 38.827561424611524 -135.89578199695507 731.0395050114888 211 213 -1
213 38.73379671077692 -136.05587489594473 730.9621798245643 212 214 -1
214 38.64117045061704 -136.21709372704117 730.8858277164882 213 215 -1
215 38.5496677824357 -136.37936139292023 730.8103473722363 214 216 -1
216 38.45927080614992 -136.5426010992661 730.7356343546744 215 217 -1
217 38.369958807240984 -136.70673650132252 730.6615815483304 216 218 -1
218 38.281708486506915 -136.8716918230371 730.5880796252924 217 219 -1
219 38.19449419755158 -137.03739194204044 730.5150175042647 218 220 -1
220 38.10828860740516 -137.20376269893416 730.4422828923232 219 221 -1
221 38.02306315140115 -137.37073092298695 730.3697625131359 220 222 -1
222 37.93878482580136 -137.5382225351458 730.2973421700333 221 223 -1
223 37.85542097128326 -137.70616533451528 730.2249082354188 222 224 -1
224 37.772937793578954 -137.8744878289683 730.1523474999066 223 225 -1
225 37.69130059015094 -138.0431191931143 730.0795475645859 224 226 -1
226 37.61047396884129 -138.2119892200539 730.0063972221667 225 227 -1
227 37.53042205756857 -138.3810282709936 729.9327868275228 226 228 -1
228 37.451106567960885 -138.55017180791015 729.8586213521905 227 229 -1
229 37.3724715694639 -138.71939389448605 729.7839123358846 228 230 -1
230 37.29445250463277 -138.88868936720985 729.708725263869 229 231 -1
231 37.21698544585032 -139.05805421948037 729.633124734855 230 232 -1
232 37.1400074718178 -139.2274853198247 729.5571738213982 231 233 -1
233 37.06345658463237 -139.396980317521 729.4809343184235 232 234 -1
234 36.98726973455869 -139.56653721091607 729.4044680940293 233 235 -1
235 36.91138552587505 -139.73615463773757 729.3278353365076 234 236 -1
236 36.83574312901194 -139.9058316332768 729.2510954343097 235 237 -1
237 36.7602822351851 -140.07556753421252 729.17430710552 236 238 -1
238 36.684943009194065 -140.24536188600382 729.0975285255671 237 239 -1
239 36.60966604116266 -140.4152143531755 729.0208174530411 238 240 -1
240 36.534392297951555 -140.58512463182907 728.9442313535156 239 241 -1
241 36.459063074935656 -140.75509236373202 728.8678275212882 240 242 -1
242 36.38361994881393 -140.92511705135118 728.7916631989526 241 243 -1
243 36.30800473210144 -141.09519797321838 728.7157956947141 242 244 -1
244 36.232159429946336 -141.26533409903644 728.6402824973371 243 245 -1
245 36.15602572289429 -141.4355240754271 728.5651820371987 244 246 -1
246 36.07954431902327 -141.60576614618245 728.4905544782382 245 247 -1
247 36.0026589271004 -141.77605757054002 728.4164565944627 246 248 -1
248 35.925311986599645 -141.94639519391572 728.3429476765167 247 249 -1
249 35.84744597867929 -142.11677510410746 728.2700877229775 248 250 -1
250 35.76900341064862 -142.28719253421463 728.1979375366826 249 251 -1
251 35.68992680763389 -142.457641762052 728.1265588166126 250 252 -1
252 35.610158712267435 -142.62811600577004 728.056014244725 251 253 -1
253 35.529641693261205 -142.79860731546924 727.9863675670439 252 254 -1
254 35.44831836376585 -142.96910646067485 727.9176836681802 253 255 -1
255 35.36613141044948 -143.1396028136405 727.8500286383503 254 256 -1
256 35.2830236342603 -143.31008422855837 727.7834698318181 255 257 -1
257 35.198938003912495 -143.48053691687232 727.7180759154413 256 258 -1
258 35.113820976845375 -143.6509430221202 727.6539064585887 257 259 -1
259 35.02767093371568 -143.8212709356473 727.590918774973 258 260 -1
260 34.94050028008147 -143.991484722792 727.5290363906817 259 261 -1
261 34.852321111945884 -144.16154951818248 727.46818168024 260 262 -1
262 34.76314547755944 -144.3314315101427 727.4082757365876 261 263 -1
263 34.672985374879836 -144.50109789251584 727.3492385229138 262 264 -1
264 34.58185275487001 -144.67051680923004 727.290989017351 263 265 -1
265 34.48975953039148 -144.83965729266313 727.2334453506762 264 266 -1
266 34.39671759042979 -145.0084891968243 727.1765249372993 265 267 -1
267 34.30273881937077 -145.17698312632984 727.1201445999399 266 268 -1
268 34.207835121032325 -145.34511036210503 727.0642206885011 267 269 -1
269 34.11201844714533 -145.5128427847003 727.0086691937315 268 270 -1
270 34.01530082996608 -145.68015279606507 726.9534058563427 269 271 -1
271 33.91769441869332 -145.84701324058148 726.8983462723044 270 272 -1
272 33.819211519351974 -146.013397326122 726.8434059950852 271 273 -1
273 33.71986463779451 -146.17927854586043 726.7885006356333 272 274 -1
274 33.61966652545781 -146.34463060153635 726.7335459609087 273 275 -1
275 33.51863022749702 -146.5094273288484 726.6784579917834 274 276 -1
276 33.41676913290099 -146.6736426256304 726.6231531011138 275 277 -1
277 33.314097026172 -146.83725038345034 726.5675481127719 276 278 -1
278 33.210628140128456 -147.00022442325835 726.5115604023875 277 279 -1
279 33.10637696776669 -147.16253821933907 726.4551078283381 278 280 -1
280 33.001356382476196 -147.32416293922034 726.3981070704003 279 281 -1
281 32.895584877486506 -147.4850740012963 726.3404792633587 280 282 -1
282 32.78907901517858 -147.6452443551886 726.2821449817785 281 283 -1
283 32.68185607264576 -147.80464663455965 726.2230258972518 282 284 -1
284 32.573934090676374 -147.9632531293499 726.1630449017276 283 285 -1
285 32.4653319199534 -148.1210357662278 726.1021262358959 284 286 -1
286 32.35606926377081 -148.27796609780975 726.0401956226931 285 287 -1
287 32.24616671654182 -148.4340153011748 725.9771804058373 286 288 -1
288 32.13564579734698 -148.58915418616806 725.913009693172 287 289 -1
289 32.02452897775705 -148.74335321393232 725.847614504413 288 290 -1
290 31.91283970315649 -148.89658252605113 725.7809279227431 289 291 -1
291 31.800600054534087 -149.04880734536212 725.7128788650195 290 292 -1
292 31.687828425633384 -149.2000066933172 725.6434373800889 291 293 -1
293 31.574521056195135 -149.35019606635137 725.5726885086012 292 294 -1
294 31.460665890072406 -149.49939433144488 725.500732239846 293 295 -1
295 31.346249636952194 -149.64762075890422 725.4276658667578 294 296 -1
296 31.23125783489656 -149.79489488055665 725.3535841976565 295 297 -1
297 31.11567490207336 -149.94123636773222 725.2785797848413 296 298 -1
298 30.999477735244543 -150.0866557436148 725.2027355585944 297 299 -1
299 30.88265354170117 -150.23118071805783 725.126148603173 298 300 -1
300 30.765184499061757 -150.37483219289925 725.0489073976755 299 301 -1
301 30.64705091888245 -150.51762950198065 724.9710978756739 300 302 -1
302 30.528232158618714 -150.65959168219808 724.8928048851823 301 303 -1
303 30.408704271076818 -150.800734825465 724.8141114132765 302 304 -1
304 30.288440014422804 -150.94107273667873 724.7351003664506 303 305 -1
305 30.167422530592894 -151.08063080920533 724.6558585039012 304 306 -1
306 30.045627536405195 -151.21942635886194 724.5764687519196 305 307 -1
307 29.9230298632606 -151.35747613221565 724.497014168914 306 308 -1
308 29.799603466253245 -151.49479625896487 724.4175781975758 307 309 -1
309 29.675321815221256 -151.63139076207904 724.3382246733123 308 310 -1
310 29.55020471108509 -151.76722693947548 724.2588823504417 309 311 -1
311 29.424290179663167 -151.90225760250806 724.1794267052065 310 312 -1
312 29.297613534323265 -152.03643258482506 724.0997332970375 311 313 -1
313 29.170211468130972 -152.16970205837202 724.0196777582074 312 314 -1
314 29.042122138485755 -152.3020165134324 723.9391362720904 313 315 -1
315 28.913383478171806 -152.43332367010876 723.8579839194889 314 316 -1
316 28.784034420949958 -152.56356872237663 723.7760941155698 315 317 -1
317 28.65412299060622 -152.69271072747216 723.6933522495433 316 318 -1
318 28.52369395445476 -152.82070137758672 723.6096415668742 317 319 -1
319 28.392793844636127 -152.9474927963979 723.5248483579435 318 320 -1
320 28.261470959131692 -153.07303763124168 723.4388624781217 319 321 -1
321 28.12977381105265 -153.1972827706388 723.3515711646559 320 322 -1
322 27.997753839661996 -153.3201758434626 723.2628652448042 321 323 -1
323 27.865467579955872 -153.4416821092878 723.1726586574498 322 324 -1
324 27.732970026996092 -153.5617574559983 723.0808603751595 323 325 -1
325 27.6003175108415 -153.68035912244636 722.9873854071119 324 326 -1
326 27.467564498510622 -153.7974292951128 722.8921392956115 325 327 -1
327 27.334731519004066 -153.91297347751137 722.795157116319 326 328 -1
328 27.2018090712731 -154.02702515219988 722.6965444298453 327 329 -1
329 27.06878523609542 -154.1396102997908 722.596394816383 328 330 -1
330 26.93564410134529 -154.25072324835534 722.4947676543062 329 331 -1
331 26.802373639683655 -154.36042040404655 722.3917810859342 330 332 -1
332 26.66895886214663 -154.4687272206659 722.287517502224 331 333 -1
333 26.535380182764754 -154.57564013609303 722.1820321540094 332 334 -1
334 26.4016229776227 -154.6812058351809 722.0754222119533 333 335 -1
335 26.267670619234718 -154.78545387956504 721.9677656264867 334 336 -1
336 26.133498832333224 -154.88837294743428 721.8591081619027 335 337 -1
337 25.999093779768945 -154.99001855677045 721.7495440615686 336 338 -1
338 25.864434223065196 -155.09040331842164 721.6391331257595 337 339 -1
339 25.72949593900099 -155.18953250485126 721.5279308789247 338 340 -1
340 25.594263934378493 -155.28745252098625 721.4160163482225 339 341 -1
341 25.45870969898412 -155.38415586162645 721.3034356357482 340 342 -1
342 25.32281532608586 -155.47967827378056 721.1902583953178 341 343 -1
343 25.186558484358482 -155.57403797547363 721.0765427889187 342 344 -1
344 25.049909676535325 -155.667234289197 720.9623391497988 343 345 -1
345 24.91285453751867 -155.759310553657 720.8477146372611 344 346 -1
346 24.775357235219772 -155.85025216692645 720.7327144126876 345 347 -1
347 24.63740197041089 -155.94009755409385 720.6174014402754 346 348 -1
348 24.498959551950527 -156.0288513444732 720.5018272076676 347 349 -1
349 24.36000096716909 -156.11652125798736 720.3860453656479 348 350 -1
350 24.220509317916772 -156.2031387651865 720.2701124745298 349 351 -1
351 24.080439523579408 -156.2886819773085 720.1540790328495 350 352 -1
352 23.93978162548619 -156.37319454982668 720.0380018241049 351 353 -1
353 23.79849625790731 -156.45666711174803 719.9219340878333 352 354 -1
354 23.65655641340075 -156.5391128286854 719.805931001543 353 355 -1
355 23.51394000574707 -156.62055083935005 719.6900459264485 354 356 -1
356 23.370597394814332 -156.70096119415558 719.5743393803248 355 357 -1
357 23.22651726290308 -156.78037810725382 719.4588630295847 356 358 -1
358 23.081657619384288 -156.85879303411537 719.3436775066382 357 359 -1
359 22.935982946503835 -156.93620745315764 719.228843706045 358 360 -1
360 22.789472107858874 -157.01263923342688 719.1144161917002 359 361 -1
361 22.642074796739696 -157.0880722120248 719.0004653471492 360 362 -1
362 22.493763796259888 -157.1625169178102 718.8870514957815 361 363 -1
363 22.34451041353988 -157.2359806228273 718.7742358257768 362 364 -1
364 22.194262574825466 -157.30844663765083 718.6620969702672 363 365 -1
365 22.042989353222133 -157.37991978990766 718.5507020683666 364 366 -1
366 21.890660151520414 -157.4504034476142 718.4401187452922 365 367 -1
367 21.737245777971857 -157.5198824706376 718.3304031294135 366 368 -1
368 21.582735690180126 -157.58831987101755 718.2215740577788 367 369 -1
369 21.427153052661215 -157.65570509350545 718.1136200964564 368 370 -1
370 21.270504428124553 -157.7220115237692 718.0065432636201 369 371 -1
371 21.112797137159376 -157.78721247871826 717.9003450969776 370 372 -1
372 20.954028196473136 -157.85126890405311 717.7950359975322 371 373 -1
373 20.79421615799965 -157.91416399029086 717.6906084986671 372 374 -1
374 20.633373396720348 -157.975874114236 717.5870602926419 373 375 -1
375 20.471510229023707 -158.0363726624627 717.4843909154417 374 376 -1
376 20.308637735097733 -158.09563310657958 717.3825993739115 375 377 -1
377 20.14476775652651 -158.1536290359546 717.2816841380073 376 378 -1
378 19.979910847506787 -158.21033141748887 717.1816449689134 377 379 -1
379 19.814078073404172 -158.2657106682723 717.0824813802702 378 380 -1
380 19.64728886418884 -158.31974801789292 716.9841854386113 379 381 -1
381 19.479557990385043 -158.3724178730634 716.8867534431434 380 382 -1
382 19.31090095151081 -158.4236949211441 716.7901811323246 381 383 -1
383 19.14133396567269 -158.47355416349467 716.6944636817559 382 384 -1
384 18.970873957813737 -158.5219709486657 716.5995957031183 383 385 -1
385 18.79953854663217 -158.5689210053474 716.50557124417 384 386 -1
386 18.62734603019045 -158.614380474994 716.4123837898171 385 387 -1
387 18.454315370241396 -158.65832594404208 716.3200262642683 386 388 -1
388 18.280466175299097 -158.70073447564246 716.2284910342784 387 389 -1
389 18.105818682488074 -158.74158364082544 716.1377699134841 388 390 -1
390 17.93039373820825 -158.7808515490217 716.0478541678303 389 391 -1
391 17.754212777655475 -158.81851687786195 715.9587345220806 390 392 -1
392 17.577297803242182 -158.85455890218157 715.8704011674051 391 393 -1
393 17.399671361965463 -158.88895752215655 715.7828437700309 392 394 -1
394 17.221356521772805 -158.9216932905031 715.6960514809402 393 395 -1
395 17.042376846979728 -158.95274743867247 715.6100129465947 394 396 -1
396 16.862756067962337 -158.9821033533076 715.5247174548582 395 397 -1
397 16.682508949172213 -159.00978912552216 715.4401881353358 396 398 -1
398 16.50163777170088 -159.03589020251425 715.3564916510104 397 399 -1
399 16.320142870003856 -159.06049744763817 715.2736976147888 398 400 -1
400 16.138023647958228 -159.08370277198347 715.1918753265721 399 401 -1
401 15.955278728498914 -159.10559902490283 715.111093836067 400 402 -1
402 15.771906111158204 -159.1262798975701 715.0314220070785 401 403 -1
403 15.587903102047747 -159.1458394573285 714.9529290447788 402 404 -1
404 15.403264669714105 -159.16436959427708 714.8756884288784 403 405 -1
405 15.217990355540135 -159.18197036081816 714.7997643905272 404 406 -1
406 15.032077393728068 -159.198738119809 714.7252256835714 405 407 -1
407 14.845523292363668 -159.21476973269284 714.6521411592234 406 408 -1
408 14.658326031783789 -159.23016250833024 714.580579803814 407 409 -1
409 14.470484268639726 -159.24501415290558 714.5106107662735 408 410 -1
410 14.28199754524923 -159.25942271894402 714.4423033736877 409 411 -1
411 14.092866503721593 -159.27348655143606 714.3757271332346 410 412 -1
412 13.903092860084072 -159.2873004699002 714.3109516366841 411 413 -1
413 13.712675119284922 -159.30088572333435 714.2480450756527 412 414 -1
414 13.521608996399916 -159.31419090118447 714.1870745195852 413 415 -1
415 13.329891393879237 -159.3271603616806 714.1281097565368 414 416 -1
416 13.137520012842558 -159.33973703137463 714.0712262155596 415 417 -1
417 12.94450013952132 -159.3518669061721 714.0164831562291 416 418 -1
418 12.750836726489087 -159.3634944093616 713.9639489462393 417 419 -1
419 12.55653743669861 -159.37456395786248 713.9136919532374 418 420 -1
420 12.36161277574778 -159.38502003794156 713.8657803683853 419 421 -1
421 12.166076216652213 -159.39480729334784 713.820282009483 420 422 -1
422 11.969944314786236 -159.40387062614533 713.7772641035963 421 423 -1
423 11.773236810470346 -159.412155310379 713.7367930494306 422 424 -1
424 11.575976716527485 -159.41960711853466 713.6989341600226 423 425 -1
425 11.378190388014822 -159.42617246055903 713.6637513867017 424 426 -1
426 11.179907248045273 -159.4317978381118 713.6313089770446 425 427 -1
427 10.981168283165667 -159.4364452765718 713.6016167864095 426 428 -1
428 10.782041235618708 -159.44013166471436 713.5745004886395 427 429 -1
429 10.582588578905794 -159.44287803970047 713.5497694173131 428 430 -1
430 10.382865203385167 -159.44470497823502 713.5272342606644 429 431 -1
431 10.18291909892974 -159.4456324632012 713.506707256878 430 432 -1
432 9.982792026053055 -159.44567977568116 713.4880022618884 431 433 -1
433 9.78252016918629 -159.44486540952184 713.4709347045246 432 434 -1
434 9.582134768511942 -159.4432070057429 713.4553214426375 433 435 -1
435 9.381662729054158 -159.44072130429203 713.4409805324959 434 436 -1
436 9.181127207646265 -159.4374241109118 713.4277309223338 435 437 -1
437 8.980548180000106 -159.43333027716724 713.4153920795578 436 438 -1
438 8.779942991443079 -159.42845369198875 713.4037835598608 437 439 -1
439 8.579326896028988 -159.42280728339605 713.3927245253544 438 440 -1
440 8.378713589711346 -159.4164030293859 713.3820332179038 439 441 -1
441 8.178115744142792 -159.40925197728023 713.37152639312 440 442 -1
442 7.9775457440014454 -159.40136068817623 713.3610178032742 441 443 -1
443 7.777015864538117 -159.392740963174 713.3503178892636 442 444 -1
444 7.576539053210301 -159.3834018989334 713.3392347709345 443 445 -1
445 7.3761295838681065 -159.37335113028112 713.3275724412482 444 446 -1
446 7.175803699215031 -159.36259558598053 713.3151300785304 445 447 -1
447 6.975580336394402 -159.35114156284303 713.3017013516265 446 448 -1
448 6.77548192110217 -159.33899481270902 713.2870737298241 447 449 -1
449 6.575537308667317 -159.3261529061396 713.2710092470802 448 450 -1
450 6.375768932301704 -159.31262093277155 713.2533932314393 449 451 -1
451 6.176146207579019 -159.29835769972922 713.2347303087456 450 452 -1
452 5.976606666586896 -159.28330284524947 713.2158005680947 451 453 -1
453 5.7770823856902815 -159.26737796326805 713.197432702369 452 454 -1
454 5.577510283049338 -159.2505309247136 713.1804669884128 453 455 -1
455 5.377844665821575 -159.2326943886712 713.1657755327568 454 456 -1
456 5.178066886630099 -159.21378443762006 713.1543284069805 455 457 -1
457 4.978206182628062 -159.1937573089929 713.1469989234981 456 458 -1
458 4.778350885746049 -159.1725379762162 713.1444628069243 457 459 -1
459 4.578629610531664 -159.15008500362197 713.146897438823 458 460 -1
460 4.379188657235975 -159.1263431512041 713.1545180125997 459 461 -1
461 4.180186210494428 -159.10127444298658 713.1674754244018 460 462 -1
462 3.981796333121516 -159.07483888687065 713.1859340075747 461 463 -1
463 3.7841994493111977 -159.0470122633449 713.2099998510116 462 464 -1
464 3.587590234175137 -159.01776838468274 713.2397901755828 463 465 -1
465 3.392103860459666 -158.98709781717486 713.2750454450822 464 466 -1
466 3.197717134567326 -158.95496731713874 713.3148050555506 465 467 -1
467 3.004310449802345 -158.92134481040057 713.3579726771432 466 468 -1
468 2.8117214481269386 -158.8861758464542 713.4035042328824 467 469 -1
469 2.619751325773012 -158.84940231421922 713.4503650036824 468 470 -1
470 2.4281842442699215 -158.81095658250288 713.49753255372 469 471 -1
471 2.2368020720556245 -158.7707578069239 713.5439822760972 470 472 -1
472 2.045395835693227 -158.72873318694758 713.5886799219655 471 473 -1
473 1.8537819350663636 -158.68479264867304 713.6305496943079 472 474 -1
474 1.661819749330951 -158.63886757514007 713.6685009472309 473 475 -1
475 1.4694280735207106 -158.5908882752678 713.7013844263663 474 476 -1
476 1.2766080456770117 -158.54080591151876 713.7280048269724 475 477 -1
477 1.0834683902582949 -158.48861918969416 713.7472070763893 476 478 -1
478 0.8902427457173427 -158.4343287075547 713.7576754803066 477 479 -1
479 0.6973092121528224 -158.3780414990485 713.7585663535547 478 480 -1
480 0.5051390246997572 -158.31976136361837 713.7502813358271 479 481 -1
481 0.314060389833876 -158.25949798387302 713.7343588428671 480 482 -1
482 0.12426901559540025 -158.19718168563176 713.7121384320307 481 483 -1
483 -0.06418523592384572 -158.13275942226448 713.685051762618 482 484 -1
484 -0.2513130440466873 -158.06611461162467 713.654369821743 483 485 -1
485 -0.43721490410090796 -157.99717505383273 713.621384415912 484 486 -1
486 -0.6219810842933651 -157.92578177484734 713.5872542050264 485 487 -1
487 -0.8057479222347352 -157.85185194971558 713.5531297147785 486 488 -1
488 -0.9886258017221685 -157.7752764445135 713.5200838427131 487 489 -1
489 -1.1706894274715658 -157.69591370885266 713.4891948665187 488 490 -1
490 -1.3519964358156769 -157.61370894433975 713.461460327695 489 491 -1
491 -1.5325479164233469 -157.52860853821096 713.4378512773643 490 492 -1
492 -1.712286728753795 -157.4405871254694 713.4193094410173 491 493 -1
493 -1.8910886048612292 -157.3496519853706 713.4067568115312 492 494 -1
494 -2.068764485483598 -157.25587328525353 713.4010372445667 493 495 -1
495 -2.24506890941439 -157.15939455578206 713.4028621209939 494 496 -1
496 -2.4196949575589004 -157.06040272986598 713.4128678079774 495 497 -1
497 -2.592293190726571 -156.9591426243939 713.4315570322199 496 498 -1
498 -2.762491500620571 -156.8559100713367 713.4592762734765 497 499 -1
499 -2.929911262335071 -156.75103623274686 713.4962245621676 498 500 -1
500 -3.0941572296902202 -156.6448677687953 713.5425300912743 499 501 -1
501 -3.254956960954487 -156.53778740657552 713.5979313417852 500 502 -1
502 -3.412045920882077 -156.43014278465637 713.6621861264214 501 503 -1
503 -3.565167059780356 -156.32226278251665 713.7350496274671 502 504 -1
504 -3.7142347831115368 -156.21444858789596 713.815972808499 503 505 -1
505 -3.8591914241642544 -156.1069558115295 713.9044455848959 504 506 -1
506 -4.0 -156.0 714.0 505 507 508
507 -3.8202086268560747 -156.0301942478138 714.0094119637536 506 510 -1
508 -4.146826922281739 -155.91133158755022 714.1187348022966 506 511 -1
509 -4.062836330181001 -156.03132897781163 713.8414350196081 506 512 -1
510 -3.639935954903842 -156.05843548069032 714.0208721608001 507 513 -1
511 -4.29350679474397 -155.82304195782098 714.238032342051 508 514 -1
512 -4.123252135465183 -156.0623980647734 713.6819186516664 509 515 -1
513 -3.4595239746567747 -156.0846681605585 714.0346726895513 510 516 -1
514 -4.440208650552598 -155.73521903577216 714.3576469200251 511 517 -1
515 -4.1814297811262895 -156.09319178760651 713.5215192160521 512 518 -1
516 -3.2790244273710623 -156.10883814014377 714.0508829872953 513 519 -1
517 -4.586933990789667 -155.6478684062474 714.4775781055212 514 520 -1
518 -4.237449530069306 -156.12371490237038 713.3603018624157 515 521 -1
519 -3.0984936694828193 -156.13088313048465 714.0695824462555 516 522 -1
520 -4.73368403133981 -155.56098970186216 714.597821453335 517 523 -1
521 -4.291390682689325 -156.15397260502988 713.1983272786143 518 524 -1
522 -2.9179934162487853 -156.15074762351463 714.0908429962826 519 525 -1
523 -4.880460149708974 -155.47458571734546 714.7183746353168 520 526 -1
524 -4.343330552414637 -156.18397035697225 713.0356516500626 521 527 -1
525 -2.737590507420432 -156.16837603744946 714.114737128573 522 528 -1
526 -5.027263923197751 -155.38866234550142 714.839237257194 523 529 -1
527 -4.393343595243125 -156.21371372218832 712.8723267211109 524 530 -1
528 -2.5573576565229543 -156.18370834296218 714.1413431234612 525 531 -1
529 -5.174096584714554 -155.30321926574848 714.9604048919879 526 532 -1
530 -4.441504891927427 -156.2432087906943 712.7084012458618 527 533 -1
531 -2.377372516647235 -156.19669440328752 714.1707281501474 528 534 -1
532 -5.320959539993869 -155.2182591009651 715.081875008177 529 535 -1
533 -4.487885840012254 -156.27246157161474 712.543919821527 530 536 -1
534 -2.197718355154656 -156.20728290211855 714.2029613587617 531 537 -1
535 -5.467854319461244 -155.13378613735233 715.2036460595787 532 538 -1
536 -4.532556521573491 -156.30147827236323 712.3789239377825 533 539 -1
537 -2.0184850353615427 -156.21541934525564 714.2381163702057 534 540 -1
538 -5.614782354080141 -155.04980283445056 715.3257153170318 535 541 -1
539 -4.5755841006785625 -156.33026504557145 712.2134517317018 536 542 -1
540 -1.8397667083902227 -156.22106002684276 714.2762546944203 537 543 -1
541 -5.7617449966136665 -154.96631044862755 715.4480793186201 538 544 -1
542 -4.617035295236506 -156.3588283054283 712.0475389239734 539 545 -1
543 -1.6616630554238019 -156.22416249506205 714.3174371100097 540 546 -1
544 -5.908743702660659 -154.88331162474717 715.5707354311027 541 547 -1
545 -4.6569738982463615 -156.38717435343662 711.8812183032036 542 548 -1
546 -1.4842790588484474 -156.22468737521507 714.3617215748677 543 549 -1
547 -6.055780085529719 -154.80081086481712 715.6936820587008 544 550 -1
548 -4.695461908808797 -156.4153095104361 711.7145202457103 545 551 -1
549 -1.307724007516452 -156.22260132917145 714.4091597330067 546 552 -1
550 -6.202855542835737 -154.71880960828597 715.8169157777254 547 553 -1
551 -4.732559525543432 -156.44324009307735 711.5474728812429 548 554 -1
552 -1.1321108216699443 -156.21787755896372 714.4597963478162 549 555 -1
553 -6.349971500284487 -154.63730963402134 715.9404333657342 550 556 -1
554 -4.76832389182161 -156.4709722036591 711.3801019551033 551 557 -1
555 -0.9575571618862052 -156.2104920039166 714.5136739997614 552 558 -1
556 -6.497129453270892 -154.55631348815788 716.0642320204416 553 559 -1
557 -4.802812587741519 -156.4985122313487 711.2124318140227 554 560 -1
558 -0.7841820081776615 -156.20043095234558 714.5708239009883 555 561 -1
559 -6.644330980141358 -154.47582452079635 716.1883093465942 556 562 -1
560 -4.836079358360572 -156.5258661946925 711.0444845177883 557 563 -1
561 -0.6121061392357097 -156.18768764245456 714.6312700671349 558 564 -1
562 -6.791577659698264 -154.3958458631439 716.3126627763746 559 565 -1
563 -4.868177622586269 -156.55304025265445 710.8762807867885 560 566 -1
564 -0.4414506360297071 -156.1722637214925 714.6950275739906 561 567 -1
565 -6.938870882512053 -154.31637844493136 716.4372885401336 562 568 -1
566 -4.899157285814484 -156.5800401986594 710.7078394116996 563 569 -1
567 -0.2723403391413787 -156.15416222003836 714.7621113727042 564 570 -1
568 -7.086212179757968 -154.2374247042963 716.5621836715746 565 571 -1
569 -4.929068663259132 -156.60687205375868 710.5391782023264 566 572 -1
570 -0.10489315697189087 -156.1334044859411 714.832515301624 567 573 -1
571 -7.233603091024366 -154.15898705088554 716.6873451637376 568 574 -1
572 -4.957959435943115 -156.63354158033226 710.3703134317451 569 575 -1
573 0.06077252732124532 -156.1100152006614 714.9062306969331 570 576 -1
574 -7.381045209627013 -154.08106831564578 716.8127701943694 571 577 -1
575 -4.985875868482725 -156.66005445766143 710.2012601877382 572 578 -1
576 0.22454207263875298 -156.08402806369 714.9832393713712 573 579 -1
577 -7.528540201879073 -154.00367188207392 716.9384561721263 574 580 -1
578 -5.0128628493327225 -156.6864162769872 710.0320324596387 575 581 -1
579 0.3863056724437412 -156.05548554961536 715.0635139004822 576 582 -1
580 -7.676089477604597 -153.92679852230538 717.0643991855462 577 583 -1
581 -5.038963932831268 -156.71263253763155 709.8626432195265 578 584 -1
582 0.5459593680690267 -156.02443855191632 715.147018035245 579 585 -1
583 -7.823694606677235 -153.85045052678865 717.1905960710159 580 586 -1
584 -5.064221231769359 -156.73870861872675 709.6931044720849 581 587 -1
585 0.703402990204502 -155.99094284316 715.2337112837808 582 588 -1
586 -7.971357165933369 -153.77463015469735 717.3170436262611 583 589 -1
587 -5.088675239652126 -156.76464973787944 709.5234272916591 584 590 -1
588 0.8585483863541528 -155.95506671491782 715.3235388688116 585 591 -1
589 -8.119078738864218 -153.69933963338326 717.4437386107878 586 592 -1
590 -5.112366344003713 -156.79046119851037 709.353622135671 587 593 -1
591 1.0113147491945027 -155.91688400181079 715.4164406143159 588 594 -1
592 -8.266860915304763 -153.6245811578365 717.5706777463315 589 595 -1
593 -5.13533256608657 -156.81614799884343 709.1836985152049 590 596 -1
594 1.1616271571061025 -155.87647203961646 715.5123536635457 591 597 -1
595 -8.414705439499807 -153.55035813702492 717.6978582692303 592 598 -1
596 -5.157611656819315 -156.8417151803353 709.0136653957502 593 599 -1
597 1.3094204531846307 -155.8339145107641 715.611208588363 594 600 -1
598 -8.562613796918008 -153.47667166559035 717.8252763472708 595 601 -1
599 -5.179239625316205 -156.86716756622369 708.8435310032446 596 602 -1
600 1.454644053794969 -155.78930391363792 715.7129255885253 597 603 -1
601 -8.710587562126294 -153.40352356438044 717.9529284698583 598 604 -1
602 -5.200252321624524 -156.89251003251897 708.6733031140361 599 605 -1
603 1.5972477536878196 -155.74272949883854 715.8174311344419 600 606 -1
604 -8.858628346727212 -153.33091589442208 718.0808112143203 601 607 -1
605 -5.220683883386376 -156.9177472260311 708.5029888539303 602 608 -1
606 1.7372004468053814 -155.6942909768267 715.9246384240463 603 609 -1
607 -9.006737767054116 -153.2588506818238 718.2089211226175 604 610 -1
608 -5.2405677647373805 -156.94288373965475 708.3325948929016 605 611 -1
609 1.8744747997899913 -155.64408630129068 716.0344644378494 606 612 -1
610 -9.154917443833561 -153.18732991727884 718.3372547018612 607 613 -1
611 -5.259936903361476 -156.96792414031523 708.1621274981782 608 614 -1
612 2.009052537017808 -155.5922153380388 716.1468245916711 609 615 -1
613 -9.303169001843226 -153.11635555557714 718.4658084248423 610 616 -1
614 -5.2788231502897665 -156.99287285805298 707.9915924821809 611 617 -1
615 2.1409298754080788 -155.53878233106718 716.2616284081564 612 618 -1
616 -9.45149406956622 -153.0459295151246 718.5945787305722 613 619 -1
617 -5.297257621144549 -157.01773424474624 707.820995282017 614 620 -1
618 2.2701000215667726 -155.48388559447025 716.3787954601582 615 621 -1
619 -9.599894278842024 -152.97605367747133 718.7235620248318 616 622 -1
620 -5.315270731525019 -157.04251257588993 707.6503409900685 617 623 -1
621 2.396577438968734 -155.4276306116612 716.4982341033464 618 624 -1
622 -9.748371360448198 -152.9067305643384 718.852754932302 619 625 -1
623 -5.332892231737585 -157.0672120525192 707.4796343826499 620 626 -1
624 2.520375030652452 -155.3701174755319 716.6198614478682 621 627 -1
625 -9.89692689423041 -152.83796154657824 718.9821536196089 622 628 -1
626 -5.350151240845484 -157.09183680325643 707.3088799468736 623 629 -1
627 2.6415121591447392 -155.31144540460144 716.7435960711792 624 630 -1
628 -10.045562478608849 -152.76974809799958 719.1117542859015 625 631 -1
629 -5.367076280020289 -157.11639088645978 707.1380819058567 626 632 -1
630 2.760020139283527 -155.25171463667462 716.8693538587366 627 633 -1
631 -10.19427975470402 -152.70209194796277 719.2415532111419 628 634 -1
632 -5.3836951832088795 -157.14087826496967 706.9672442266997 629 635 -1
633 2.8759311428840633 -155.19102159541882 716.9970565825815 630 636 -1
634 -10.343080085140123 -152.63499368903584 719.3715464001559 631 637 -1
635 -5.400035396367899 -157.16530286558267 706.7963706772771 632 638 -1
636 2.9892785157935386 -155.1294596285254 717.1266310528049 633 639 -1
637 -10.491963993351039 -152.56845052377014 719.5017290920123 634 640 -1
638 -5.416123954382688 -157.1896685736051 706.6254648397123 635 641 -1
639 3.100107869984697 -155.06712258705454 717.2580009028685 636 642 -1
640 -10.6409318603964 -152.50245891391668 719.6320963680452 637 643 -1
641 -5.4319873070867 -157.21397918824113 706.4545301040433 638 644 -1
642 3.208463887312417 -155.00410030994502 717.3910959971726 639 645 -1
643 -10.789984092713476 -152.43701522982258 719.762643299712 640 646 -1
644 -5.447651263536741 -157.23823839469122 706.283569675648 641 647 -1
645 3.314394275209897 -154.94048017805034 717.5258491738674 642 648 -1
646 -10.939121122047831 -152.37211575186896 719.8933649500588 643 649 -1
647 -5.463141699345523 -157.26244994528474 706.1125866803211 644 650 -1
648 3.4179492814005057 -154.87634705322276 717.6621962941944 645 651 -1
649 -11.08834340535824 -152.30775667194052 720.0242563751593 646 652 -1
650 -5.478483740392738 -157.28661744065795 705.9415840719162 647 653 -1
651 3.5191812430127074 -154.81178325160963 717.8000762564731 648 654 -1
652 -11.237651424695605 -152.24393409492743 720.1553126255313 649 655 -1
653 -5.493702320968522 -157.31074447249551 705.7705647168157 650 656 -1
654 3.6181441715184537 -154.746868546747 717.939430979706 651 657 -1
655 -11.3870456870555 -152.18064404025705 720.286528747527 652 658 -1
656 -5.508822049142338 -157.33483458520567 705.599531388479 653 659 -1
657 3.714893374011103 -154.6816801982411 718.080205361474 654 660 -1
658 -11.53652672420603 -152.11788244345453 720.4178997846969 655 661 -1
659 -5.523867202476715 -157.3588912614966 705.4284867769718 656 662 -1
660 3.8094851105815195 -154.61629300209546 718.2223472144511 657 663 -1
661 -11.686095092490332 -152.05564515773008 720.5494207791297 658 664 -1
662 -5.538861838626221 -157.3829179608365 705.2574335154787 659 665 -1
663 3.9019762869514936 -154.55077935904868 718.3658071854744 660 666 -1
664 -11.835751372604674 -151.9939279555911 720.6810867727612 661 667 -1
665 -5.553829754329706 -157.40691809545652 705.0863741841828 662 668 -1
666 3.9924241810501915 -154.4852093576205 718.5105386607028 663 669 -1
667 -11.985496169351846 -151.93272653047862 720.8128928086597 664 670 -1
668 -5.568794536479194 -157.43089502838353 704.9153113249901 665 671 -1
669 4.08088620187325 -154.4196508688994 718.6564976599909 666 672 -1
670 -12.135330111371234 -151.87203649842488 720.9448339322805 667 673 -1
671 -5.5837795658703 -157.4548521171067 704.7442474581467 668 674 -1
672 4.167419678714159 -154.35416965044388 718.8036427232064 669 675 -1
673 -12.285253850845137 -151.8118533997316 721.0769051926931 670 676 -1
674 -5.598808111530222 -157.47879264532003 704.573185090837 671 677 -1
675 4.2520799504630205 -154.28882965123177 718.9519358479373 672 678 -1
676 -12.435268063181997 -151.7521727006672 721.2091016437802 673 679 -1
677 -5.613903220252914 -157.5027199022859 704.402126728282 674 680 -1
678 4.334923314193177 -154.22369299308474 719.1013404664476 675 681 -1
679 -12.58537344667787 -151.69298979518035 721.3414183454062 676 682 -1
680 -5.629087815160656 -157.5266371317664 704.2310748846561 677 683 -1
681 4.416007698924134 -154.1588196851177 719.2518208383215 678 684 -1
682 -12.735570722155426 -151.63430000663024 721.4738503645577 679 685 -1
683 -5.6443848824482785 -157.55054754322632 704.0600321106974 680 686 -1
684 4.495386944129708 -154.09426859892056 719.4033453539472 681 687 -1
685 -12.885860632581258 -151.5760985895299 721.6063927764542 682 688 -1
686 -5.659817083428354 -157.57445433665222 703.8890009718834 683 689 -1
687 4.573114318394872 -154.03009731770462 719.5558842122559 684 690 -1
688 -13.036243942663102 -151.51838073130278 721.7390406656286 685 691 -1
689 -5.6754071066695015 -157.59836067803738 703.7179840854072 686 692 -1
690 4.64924673636716 -153.96636087321437 719.709406647219 687 693 -1
691 -13.186721438426186 -151.46114155405013 721.871789126979 688 694 -1
692 -5.691177747546585 -157.6222697154992 703.5469841393009 689 695 -1
693 4.7238322751919 -153.90311538971804 719.863888481471 690 696 -1
694 -13.337293926769973 -151.40437611632817 722.0046332667895 691 697 -1
695 -5.707151619070314 -157.64618457695306 703.3760038749693 692 698 -1
696 4.796927769546875 -153.84041279866068 720.019301080867 693 699 -1
697 -13.487962235005767 -151.34807941493332 722.1375682037229 694 700 -1
698 -5.723351286020978 -157.67010836732067 703.2050461078783 695 701 -1
699 4.868579724777086 -153.77830743872383 720.1756231027763 696 702 -1
700 -13.638727219169745 -151.29224642803823 722.2705890770912 697 703 -1
701 -5.73979940166698 -157.69404417588734 703.03411375076 698 704 -1
702 4.938842530815435 -153.7168491293677 720.3328289447437 699 705 -1
703 -13.78958975068103 -151.2368720536498 722.4036910353477 700 706 -1
704 -5.756518930593342 -157.7179950936469 702.8632098479695 701 707 -1
705 5.007760907262217 -153.6560910065732 720.4908997470335 702 708 -1
706 -13.940550701488501 -151.18195104867405 722.5368692279046 703 709 -1
707 -5.773532392153882 -157.7419641699513 702.6923375055004 704 710 -1
708 5.0753866150560345 -153.59608146322716 720.6498125985904 705 711 -1
709 -14.09161097590804 -151.12747818240842 722.6701188325777 706 712 -1
710 -5.790862587825982 -157.76595445137278 702.5214999762898 707 713 -1
711 5.141765483917645 -153.5368709725048 720.809548776349 708 714 -1
712 -14.242771496098918 -151.0734481713126 722.8034350440092 709 715 -1
713 -5.80853244827105 -157.7899689758335 702.3507006553634 710 716 -1
714 5.20694307510622 -153.4785093785182 720.9700900264417 711 717 -1
715 -14.394033201500287 -151.01985568081534 722.9368130744856 712 718 -1
716 -5.826565302814468 -157.81401079426982 702.1799431224101 713 719 -1
717 5.270966656632386 -153.4210441518244 721.131417082679 714 720 -1
718 -14.545397048252624 -150.96669532712022 723.0702481547246 715 721 -1
719 -5.844983978689256 -157.83808290113151 702.0092310479041 716 722 -1
720 5.333879677296264 -153.36452462780073 721.2935133190873 717 723 -1
721 -14.696864008605212 -150.91396167901084 723.2037355346368 718 724 -1
722 -5.863811746216541 -157.86218830424457 701.8385683120563 719 725 -1
723 5.395725031067693 -153.30899993452655 721.4563625020171 720 726 -1
724 -14.8484350703102 -150.86164925965195 723.3372704840571 721 727 -1
725 -5.883072175796481 -157.88633001642435 701.6679590022827 722 728 -1
726 5.4565470745996905 -153.25451678679025 721.6199472225361 723 729 -1
727 -15.0001112360036 -150.8097525483877 723.4708482934499 724 730 -1
728 -5.902789088135169 -157.91051105184798 701.49740742068 725 731 -1
729 5.516387653222801 -153.20112329877995 721.7842516259844 726 732 -1
730 -15.151893522574685 -150.75826598253494 723.6044642745865 727 733 -1
731 -5.92298596073096 -157.93473437238205 701.3269180188998 728 734 -1
732 5.5752871170321825 -153.1488685381429 721.9492606864275 729 735 -1
733 -15.303782960523282 -150.70718395917018 723.7381137611961 730 736 -1
734 -5.9436867824003725 -157.9590029603405 701.1564955185105 731 737 -1
735 5.633285867373828 -153.09780082192455 722.1149589887293 732 738 -1
736 -15.455780593306857 -150.65650083691057 723.8717921095907 733 739 -1
737 -5.9649163092545345 -157.98331984394906 700.9861449647906 734 740 -1
738 5.690424420399368 -153.04796728714228 722.2813305439545 735 741 -1
739 -15.607887476677114 -150.60621093768694 724.0054946992637 736 742 -1
740 -5.9866986004597535 -158.00768796208678 700.8158715407953 737 743 -1
741 5.746741684910473 -152.99941633001671 722.4483600523321 738 744 -1
742 -15.760104678007284 -150.55630854850835 724.1392169334639 739 745 -1
743 -6.009058254406879 -158.03211027486628 700.6456807466955 740 746 -1
744 5.802275898216495 -152.9521965452826 722.6160321329937 741 747 -1
745 -15.9124332756104 -150.50678792321767 724.2729542397442 742 748 -1
746 -6.032020873715815 -158.05658980877465 700.4755784898485 743 749 -1
747 5.857064554587142 -152.90635695632017 722.7843313188654 744 750 -1
748 -16.064874358050258 -150.45764328423635 724.4067020704863 745 751 -1
749 -6.055611295224935 -158.08112948735285 700.305570841417 746 752 -1
750 5.911144009763786 -152.86194805250727 722.9532423504384 747 753 -1
751 -16.217429023443444 -150.40886882429987 724.5404559034021 748 754 -1
752 -6.079854955712423 -158.1057322583384 700.135664249144 749 755 -1
753 5.964551450812937 -152.81901767639084 723.1227483798011 750 756 -1
754 -16.370098285677273 -150.36045871237505 724.6742113497991 751 757 -1
755 -6.104778558105056 -158.1304011585234 699.9658656691172 752 758 -1
756 6.017322635361899 -152.77761556584193 723.2928328427979 753 759 -1
757 -16.522879296309007 -150.31240727213859 724.8079685339927 754 760 -1
758 -6.130407376719327 -158.15513904950154 699.7961821536559 755 761 -1
759 6.069492756281654 -152.7377918043065 723.4634786603752 756 762 -1
760 -16.675763892575546 -150.26470908289048 724.941733797976 757 763 -1
761 -6.15676874311946 -158.1799489556835 699.6266214315784 758 764 -1
762 6.121096459387665 -152.69959683174434 723.6346681511257 759 765 -1
763 -16.828743555698598 -150.21735877428014 725.0755139693193 760 766 -1
764 -6.183889074329734 -158.20483377146354 699.4571914418149 761 767 -1
765 6.172167859523147 -152.6630814486348 723.8063829435196 762 768 -1
766 -16.9818098162498 -150.1703510080819 725.2093158881919 763 769 -1
767 -6.211795969374696 -158.2297964650477 699.2879007063018 764 770 -1
768 6.222740554834708 -152.62829681262667 723.9786038879101 765 771 -1
769 -17.134954250611084 -150.12368047773558 725.3431464074825 766 772 -1
770 -6.240516885425945 -158.25483994552522 699.1187581243612 767 773 -1
771 6.272847190066394 -152.59528545896706 724.1513094125983 768 774 -1
772 -17.28816847744352 -150.07734190785885 725.4770123929543 769 775 -1
773 -6.270080123270871 -158.27996715798508 698.9497731729964 770 776 -1
774 6.322517023105702 -152.5640315071622 724.3244675436506 771 777 -1
775 -17.441444154165453 -150.03133005373394 725.6109207234284 772 778 -1
776 -6.300513651766435 -158.30518096403458 698.7809557106468 773 779 -1
777 6.371778664919772 -152.53449352946782 724.4980430426527 774 780 -1
778 -17.594772973438552 -149.98563970076995 725.744878290995 775 781 -1
779 -6.331847149139326 -158.33048434204383 698.6123163988757 776 782 -1
780 6.420661134698156 -152.50662941377342 724.6720021319474 777 783 -1
781 -17.74814665966127 -149.94026566394217 725.8788920012496 778 784 -1
782 -6.364108863818475 -158.3558800717552 698.4438661091298 779 785 -1
783 6.469193653790812 -152.48039728171125 724.8463126407996 780 786 -1
784 -17.90155696546844 -149.89520278720994 726.0129687735526 781 787 -1
785 -6.397329270143664 -158.38137109484023 698.2756166850238 782 788 -1
786 6.517405737961319 -152.45575504440853 725.0209438310751 783 789 -1
787 -18.054995668237208 -149.85044594291477 726.1471155413083 784 790 -1
788 -6.431538243356594 -158.40696023039737 698.1075804005955 785 791 -1
789 6.565327161725817 -152.43266048111886 725.195866354931 786 792 -1
790 -18.208454566596597 -149.80599003115918 726.2813392522634 787 793 -1
791 -6.46676590198288 -158.43265025548584 697.9397701521722 788 794 -1
792 6.612987926651338 -152.41107130997415 725.3710522085801 789 795 -1
793 -18.361925476942282 -149.76182997916882 726.4156468688212 790 796 -1
794 -6.50304341099731 -158.45844398082878 697.7721996736913 791 797 -1
795 6.660418233507212 -152.39094525111142 725.5464746827964 792 798 -1
796 -18.515400229952746 -149.7179607406379 726.55004536837 793 799 -1
797 -6.540402762858931 -158.4843442243992 697.6048835389074 794 800 -1
798 6.707648458142469 -152.37224008246145 725.7221083107703 795 801 -1
799 -18.668870667108294 -149.67437729505986 726.6845417436222 796 802 -1
800 -6.578875033273156 -158.5103536358848 697.4378367775817 797 803 -1
801 6.7547091309444784 -152.35491368851646 725.8979288138576 798 804 -1
802 -18.822328637210326 -149.63107464704422 726.8191430029646 799 805 -1
803 -6.618492486847378 -158.53647489978025 697.2710754052936 800 806 -1
804 6.801630919719815 -152.3389241024136 726.0739130457093 801 807 -1
805 -18.97576599271218 -149.58804782739304 726.9538561715931 802 808 -1
806 -6.659287789747544 -158.56271065296067 697.1046162826392 803 809 -1
807 6.848444615829335 -152.32422954168212 726.2500389352083 804 810 -1
808 -19.12917455243436 -149.5452921334158 727.0886884064423 805 811 -1
809 -6.701293996246102 -158.58906347850544 696.9384771524429 806 812 -1
810 6.895181123400579 -152.31078843801168 726.426285428583 807 813 -1
811 -19.28254618589272 -149.50280238185073 727.2236466597059 808 814 -1
812 -6.744544532071139 -158.61553589901013 696.7726766775415 809 815 -1
813 6.941871451437089 -152.2985594613993 726.6026324310186 810 816 -1
814 -19.435872736833627 -149.46057367005253 727.3587380053424 811 817 -1
815 -6.789073174314274 -158.64213036937198 696.6072344790034 812 818 -1
816 6.988546708641453 -152.2875015390295 726.7790607480334 813 819 -1
817 -19.58914603899994 -149.41860111697235 727.4939695346955 814 820 -1
818 -6.834914027645406 -158.66884926903293 696.4421711746162 815 821 -1
819 7.035238100767731 -152.27757386923798 726.9555520268458 816 822 -1
820 -19.742357912633018 -149.37687986241315 727.6293483568545 817 823 -1
821 -6.8821014965778735 -158.69569489366822 696.2775084174551 818 824 -1
822 7.081976930319921 -152.26873593089724 727.1320886979097 819 825 -1
823 -19.89550016096786 -149.33540506627864 727.7648815990073 820 826 -1
824 -6.930670253521768 -158.72266944631014 696.1132689343117 821 827 -1
825 7.128794598414329 -152.26094748855425 727.3086539167651 822 828 -1
826 -20.04856456672025 -149.29417190781635 727.9005764067861 823 829 -1
827 -6.980655202362761 -158.74977502790165 695.9494765637356 824 830 -1
828 7.1757226086261285 -152.25416859363537 727.485231506306 825 831 -1
829 -20.2015428885653 -149.25317558485548 728.0364399446017 826 832 -1
830 -7.03209143730302 -158.77701362727558 695.7861562934087 827 833 -1
831 7.222792572643634 -152.24835958201936 727.6618058995433 828 834 -1
832 -20.354426857605688 -149.21241131304083 728.1724793959652 829 835 -1
833 -7.085014874922125 -158.80438717145645 695.6233345307082 830 836 -1
834 7.270036217556306 -152.24348106826596 727.838362082907 831 837 -1
835 -20.507208173828815 -149.17187432506313 728.3087019637929 832 838 -1
836 -7.13946100577988 -158.83189740483368 695.4610387472408 833 839 -1
837 7.317485394605942 -152.23949393677086 728.0148855401067 834 840 -1
838 -20.65987850255216 -149.1315598698871 728.4451148706947 835 841 -1
839 -7.195464626899606 -158.8595458613752 695.2992974094029 836 842 -1
840 7.365172089232429 -152.2363593301028 728.1913621965475 837 843 -1
841 -20.812429470855214 -149.0914632119778 728.5817253592406 838 844 -1
842 -7.253061746091256 -158.8873340266729 695.1381407126511 839 845 -1
843 7.413128432249432 -152.234038634764 728.3677783642772 840 846 -1
844 -20.964852663997316 -149.05157963052613 728.718540692205 841 847 -1
845 -7.312288557842357 -158.91526323669825 694.9776003068255 842 848 -1
846 7.461386711985361 -152.23249346459934 728.5441206874204 843 849 -1
847 -21.117139621821075 -149.01190441867405 728.8555681527838 844 850 -1
848 -7.373178837739174 -158.94333444943376 694.8177083253174 845 851 -1
849 7.509979387227502 -152.23168564206773 728.7203760880435 846 852 -1
850 -21.269281835139033 -148.9724328827408 728.9928150447847 847 853 -1
851 -7.43577009101054 -158.97154876140587 694.6584998502032 848 854 -1
852 7.558939100807407 -152.23157717757348 728.8965317123775 849 855 -1
853 -21.421270742104195 -148.9331603414507 729.1302886927853 850 856 -1
854 -7.5 -159.0 694.5 851 -1 -1
855 7.608298697306391 -152.23213025229458 729.0725748762627 852 857 -1
856 -21.573097724562974 -148.89408212516287 729.2679964422564 853 858 -1
857 7.658091360479118 -152.233307345501 729.2484929754116 855 859 -1
858 -21.724754104389707 -148.85519357510444 729.4059456596501 856 860 -1
859 7.708350238822429 -152.23507068208818 729.4242735456786 857 861 -1
860 -21.876231137672182 -148.81649004315094 729.5441437349293 858 862 -1
861 7.759108847166858 -152.2373827856184 729.5999040986495 859 863 -1
862 -22.027519717136755 -148.7779669657606 729.6825984232036 860 864 -1
863 7.81040095516514 -152.24020624236948 729.7753721036257 861 865 -1
864 -22.178610026248126 -148.73961994872928 729.8213182366746 862 866 -1
865 7.862260601203948 -152.24350367264373 729.9506649339748 863 867 -1
866 -22.329492084441927 -148.70144462544934 729.9603117992584 864 868 -1
867 7.91472210574596 -152.24723770126306 730.1257698131121 865 869 -1
868 -22.480155829089156 -148.66343663466594 730.0995877456304 866 870 -1
869 7.96782008390438 -152.25137092739348 730.3006737599937 867 871 -1
870 -22.63059111185643 -148.62559162015168 730.2391547202604 868 872 -1
871 8.02158945703993 -152.2558658938372 730.4753635340076 869 873 -1
872 -22.780787695067147 -148.5879052303905 730.3790213763659 870 874 -1
873 8.076065463158718 -152.26068505593437 730.6498255791477 871 875 -1
874 -22.930735248064863 -148.5503731182715 730.51919637478 872 876 -1
875 8.13128366587743 -152.26579075021905 730.8240459673667 873 877 -1
876 -23.080423343580907 -148.5129909407954 730.6596883827302 874 878 -1
877 8.187279961705773 -152.27114516297885 730.9980103410048 875 879 -1
878 -23.229841454109827 -148.47575435879287 730.8005060725222 876 880 -1
879 8.244090842832158 -152.27671035111726 731.1717037676112 877 881 -1
880 -23.37897894829252 -148.43865903665844 730.9416581201266 878 882 -1
881 8.301752890859213 -152.2824480676158 731.3451108484799 879 883 -1
882 -23.527825087311857 -148.40170064209846 731.083153203661 880 884 -1
883 8.360302906881579 -152.2883198140386 731.518215617879 881 885 -1
884 -23.676369021303152 -148.36487484589705 731.2250000017649 882 886 -1
885 8.419778166352136 -152.29428685187494 731.691001393927 883 887 -1
886 -23.824599785781142 -148.32817732169966 731.3672071918629 884 888 -1
887 8.480216279492643 -152.30031013851323 731.8634507598333 885 889 -1
888 -23.97250629809006 -148.29160374581636 731.5097834483086 886 890 -1
889 8.5416551821917 -152.3063502989094 732.0355454993246 887 891 -1
890 -24.120077353876248 -148.25514979704562 731.6527374404086 888 892 -1
891 8.604133122964129 -152.31236759851666 732.2072665308577 889 893 -1
892 -24.267301623590253 -148.21881115652118 731.7960778303193 890 894 -1
893 8.667688645568651 -152.31832191773637 732.378593840681 891 895 -1
894 -24.414167649022 -148.18258350758157 731.9398132708109 892 896 -1
895 8.732360914860275 -152.3241726846947 732.5495062833077 893 897 -1
896 -24.56066383987274 -148.14646253566556 732.0839524028953 894 898 -1
897 8.798190239355911 -152.3298787161242 732.7199812889962 895 899 -1
898 -24.706778072607523 -148.11044402741098 732.2285042789184 896 900 -1
899 8.865214601342615 -152.33539870639694 732.8899961074563 897 901 -1
900 -24.852498593496186 -148.0745236253259 732.3734773788375 898 902 -1
901 8.933473469084676 -152.34069076095884 733.0595262903693 899 903 -1
902 -24.99781359848672 -148.0386969639272 732.5188800715214 900 904 -1
903 9.00300643815578 -152.34571250554498 733.2285461086498 901 905 -1
904 -25.142710930624844 -148.00295973530982 732.6647209272669 902 906 -1
905 9.073855848818559 -152.3504203746122 733.3970273662491 903 907 -1
906 -25.287178284348858 -147.96730763355487 732.8110084904876 904 908 -1
907 9.14605941608367 -152.35477138632598 733.5649423282497 905 909 -1
908 -25.431203202398947 -147.93173635480915 732.9577512764109 906 910 -1
909 9.219656458231965 -152.35872174348847 733.7322611147223 907 911 -1
910 -25.574773072805968 -147.89624159739992 733.1049577676057 908 912 -1
911 9.29468906688491 -152.36222622220615 733.898950996569 909 913 -1
912 -25.717875125965893 -147.8608190619875 733.2526364103326 910 914 -1
913 9.371195710248777 -152.3652401046605 734.0649790720504 911 915 -1
914 -25.86049643180753 -147.82546445175637 733.4007956107159 912 916 -1
915 9.449214033194185 -152.36771847402824 734.2303110239086 913 917 -1
916 -26.002623809293144 -147.79017348291697 733.5494438167947 914 918 -1
917 9.528787342310373 -152.36961368333618 734.3949079031898 915 919 -1
918 -26.144242781664442 -147.7549419905434 733.6985905224977 916 920 -1
919 9.60994958640058 -152.37088096053117 734.5587331100721 917 921 -1
920 -26.28534109607425 -147.71976553379807 733.8482428226664 918 922 -1
921 9.69274128544332 -152.37147234353714 734.7217446989149 919 923 -1
922 -26.425905148572923 -147.68463982737444 733.9984089230733 920 924 -1
923 9.777198299149351 -152.37134105877698 734.8839006924511 921 925 -1
924 -26.565921162207783 -147.64956059009273 734.1490969672263 922 926 -1
925 9.863356904485588 -152.3704394721158 735.045156480795 923 927 -1
926 -26.70537518494793 -147.6145235453624 734.3003150313617 924 928 -1
927 9.951252465847189 -152.36871961028106 735.2054653573629 925 929 -1
928 -26.844253087769182 -147.5795244216956 734.4520711192298 926 930 -1
929 10.040918186538276 -152.3661337569628 735.3647791034145 927 931 -1
930 -26.982539475160912 -147.54455900621133 734.6043741526183 928 932 -1
931 10.132386356966482 -152.36263387972957 735.5230472226343 929 933 -1
932 -27.120219850426615 -147.5096230141703 734.7572319524628 930 934 -1
933 10.22568822289913 -152.3581716379067 735.6802168607998 931 935 -1
934 -27.257280468800605 -147.47471213874746 734.9106514120192 932 936 -1
935 10.320850373342461 -152.35270036113226 735.8362349689886 933 937 -1
936 -27.393706471502878 -147.43982213379724 735.0646401898091 934 938 -1
937 10.417903049135436 -152.346170491943 735.991043010798 935 939 -1
938 -27.52948306249588 -147.40494892003093 735.2192056622131 936 940 -1
939 10.51686576239099 -152.33853765584087 736.14458611165 937 941 -1
940 -27.66459986523688 -147.3700918394393 735.3743518612588 938 942 -1
941 10.617764969719458 -152.32975258886103 736.2968014433493 939 943 -1
942 -27.799051064598 -147.33525361201495 735.5300794488977 940 944 -1
943 10.720616076112206 -152.3197716666857 736.4476302625773 941 945 -1
944 -27.93283431484171 -147.30043702417558 735.6863860514137 942 946 -1
945 10.825435566395015 -152.30854981524058 736.5970097142126 943 947 -1
946 -28.065945391557403 -147.26564492297888 735.8432709049396 944 948 -1
947 10.932238517052252 -152.29604183885425 736.7448742641355 945 949 -1
948 -28.198380100516573 -147.23088016918032 736.0007331766216 946 950 -1
949 11.04103006989973 -152.28220815383503 736.891162485528 947 951 -1
950 -28.33013206584784 -147.1961457435156 736.1587738250994 948 952 -1
951 11.151820310300876 -152.26700498037135 737.0358054100649 949 953 -1
952 -28.461198426701127 -147.16144449151605 736.3173907780886 950 954 -1
953 11.264607897816493 -152.25039544550944 737.1787398024219 951 955 -1
954 -28.59157593552897 -147.1267792746272 736.4765822744881 952 956 -1
955 11.379391088355264 -152.2323422232551 737.3198994084557 953 957 -1
956 -28.721260533784537 -147.09215300320213 736.6363472006087 954 958 -1
957 11.496165857520516 -152.21280871376555 737.4592163178825 955 959 -1
958 -28.850246101418026 -147.05756873222958 736.7966860826232 956 960 -1
959 11.614917485177381 -152.19176558180294 737.5966292830797 957 961 -1
960 -28.97852937340675 -147.0230293674252 736.9575970471706 958 962 -1
961 11.735637274570015 -152.16917809121173 737.7320678290305 959 963 -1
962 -29.106107696391014 -146.9885377722914 737.1190777100621 960 964 -1
963 11.858299331565853 -152.14502437961326 737.8654756972513 961 965 -1
964 -29.232977169832843 -146.95409689646894 737.2811266747543 962 966 -1
965 11.982887257113948 -152.11927433107104 737.9967837538414 963 967 -1
966 -29.35913093371369 -146.9197099346405 737.4437448435243 964 968 -1
967 12.109366911078832 -152.0919120180421 738.1259394872502 965 969 -1
968 -29.484567400574 -146.88537970021795 737.6069288810749 966 970 -1
969 12.237711800027302 -152.06291464141222 738.2528793548292 967 971 -1
970 -29.609283493339056 -146.85110911326868 737.7706766293386 968 972 -1
971 12.36788267127232 -152.03227020264274 738.3775526606522 969 973 -1
972 -29.733274631126957 -146.81690122931383 737.9349870715789 970 974 -1
973 12.5 -152.0 738.5 971 -1 -1
974 -29.856534892389153 -146.78275925117626 738.0998601611301 972 975 -1
975 -29.979063686058034 -146.7486859044211 738.2652917255833 974 976 -1
976 -30.100857441810586 -146.71468418075858 738.4312798743935 975 977 -1
977 -30.22190938449421 -146.68075741527488 738.5978250738733 976 978 -1
978 -30.342218345198823 -146.6469083904604 738.7649235405893 977 979 -1
979 -30.461781805119415 -146.6131400151106 738.9325725071977 978 980 -1
980 -30.580594404118944 -146.57945551987754 739.1007712640435 979 981 -1
981 -30.69865249494361 -146.54585796604167 739.2695177937486 980 982 -1
982 -30.81595513886925 -146.51235009570098 739.4388081105816 981 983 -1
983 -30.932498132123005 -146.47893503526763 739.6086405707516 982 984 -1
984 -31.04827592202387 -146.4456161039851 739.7790144293433 983 985 -1
985 -31.163288870486884 -146.41239587639046 739.9499247461076 984 986 -1
986 -31.277533730523412 -146.37927737572454 740.1213691292684 985 987 -1
987 -31.39100349891365 -146.34626415510485 740.2933477276482 986 988 -1
988 -31.50369961613131 -146.31335862270893 740.4658548541903 987 989 -1
989 -31.615619295108104 -146.28056374980278 740.6388877433301 988 990 -1
990 -31.72675549205335 -146.247883145012 740.8124464443297 989 991 -1
991 -31.83710948347805 -146.21531920793748 740.9865254026562 990 992 -1
992 -31.946679052066127 -146.18287483344844 741.1611214231608 991 993 -1
993 -32.05545785258366 -146.15055356914257 741.3362339776468 992 994 -1
994 -32.163446356212894 -146.11835790783567 741.5118580628815 993 995 -1
995 -32.27064310690712 -146.08629062527706 741.6879899554312 994 996 -1
996 -32.37704248717095 -146.05435518730906 741.8646285626703 995 997 -1
997 -32.482644157855944 -146.02255419532122 742.0417694126315 996 998 -1
998 -32.587447426059626 -145.99089028939935 742.2194082852552 997 999 -1
999 -32.69144750664257 -145.95936681910473 742.397543491453 998 1000 -1
1000 -32.7946430926862 -145.9279865364408 742.5761711644409 999 1001 -1
1001 -32.897034330649234 -145.89675191668184 742.7552865728853 1000 1002 -1
1002 -32.99861745031924 -145.86566614150658 742.9348873578045 1001 1003 -1
1003 -33.099389861715345 -145.83473218897797 743.1149704181046 1002 1004 -1
1004 -33.19935270391917 -145.80395232450186 743.2955304537385 1003 1005 -1
1005 -33.29850348413396 -145.7733294900198 743.4765643250661 1004 1006 -1
1006 -33.396837851872895 -145.7428670050371 743.658069935589 1005 1007 -1
1007 -33.49435817130935 -145.71256686091095 743.8400413202415 1006 1008 -1
1008 -33.5910631098023 -145.68243175939514 744.022474673653 1007 1009 -1
1009 -33.686947296801115 -145.65246523891977 744.2053684364397 1008 1010 -1
1010 -33.78201325167962 -145.6226692145107 744.3887166234962 1009 1011 -1
1011 -33.87626035401018 -145.59304622596719 744.5725150441718 1010 1012 -1
1012 -33.969685407922974 -145.5635993615647 744.7567609115445 1011 1013 -1
1013 -34.062287478427066 -145.53433123129633 744.9414501925627 1012 1014 -1
1014 -34.154067995125615 -145.50524391264972 745.126577612283 1013 1015 -1
1015 -34.245026214535066 -145.47633994153696 745.3121390888523 1014 1016 -1
1016 -34.33515748953865 -145.44762273966214 745.498132568984 1015 1017 -1
1017 -34.424465026221185 -145.41909394858186 745.6845519064535 1016 1018 -1
1018 -34.51294859758966 -145.39075596458886 745.8713927853237 1017 1019 -1
1019 -34.60060708592119 -145.36261138468197 746.0586513540298 1018 1020 -1
1020 -34.68743761597448 -145.33466322735424 746.2463246312068 1019 1021 -1
1021 -34.773443283704125 -145.30691290920083 746.4344066425375 1020 1022 -1
1022 -34.85862387440514 -145.27936150974776 746.6228929444336 1021 1023 -1
1023 -34.942978775219586 -145.25200975128038 746.8117792399662 1022 1024 -1
1024 -35.02650517904557 -145.22485888658835 747.0010622849946 1023 1025 -1
1025 -35.109206406206226 -145.1979086792966 747.1907359327226 1024 1026 -1
1026 -35.19108257879555 -145.17115966352017 747.3807956128682 1025 1027 -1
1027 -35.272133907748646 -145.14461234888174 747.5712367412685 1026 1028 -1
1028 -35.352358610354 -145.1182677324043 747.7620556620095 1027 1029 -1
1029 -35.43175803018892 -145.09212604296437 747.9532473084138 1028 1030 -1
1030 -35.510333867406736 -145.0661874158355 748.1448065059944 1029 1031 -1
1031 -35.58808668747941 -145.04045226127963 748.3367286309543 1030 1032 -1
1032 -35.66501714229327 -145.0149209649805 748.529009053469 1031 1033 -1
1033 -35.74112484748438 -144.98959416769344 748.721643616372 1032 1034 -1
1034 -35.81641020728616 -144.96447231277648 748.9146278411786 1033 1035 -1
1035 -35.890875785341656 -144.9395553004139 749.1079563782619 1034 1036 -1
1036 -35.96452257606835 -144.91484341723904 749.3016245894037 1035 1037 -1
1037 -36.03735165687675 -144.89033692552943 749.4956278379055 1036 1038 -1
1038 -36.10936418738947 -144.86603606328413 749.6899614900345 1037 1039 -1
1039 -36.18056140862632 -144.84194104431302 749.8846209164519 1038 1040 -1
1040 -36.25094347140765 -144.81805235541586 750.0796019497152 1039 1041 -1
1041 -36.32051233795348 -144.7943700218386 750.2748997404934 1040 1042 -1
1042 -36.389270233869084 -144.77089399647116 750.4705093889941 1041 1043 -1
1043 -36.4572187197013 -144.7476243965104 750.6664262984256 1042 1044 -1
1044 -36.52435943277213 -144.72456131558317 750.8626458832903 1043 1045 -1
1045 -36.59069408618122 -144.70170482389787 751.0591635706837 1044 1046 -1
1046 -36.65622446778133 -144.67905496840643 751.2559748015716 1045 1047 -1
1047 -36.72095243912876 -144.65661177297514 751.4530750320409 1046 1048 -1
1048 -36.78487993440896 -144.634375238565 751.6504597345274 1047 1049 -1
1049 -36.84800895933917 -144.6123453434207 751.848124399016 1048 1050 -1
1050 -36.91034159004796 -144.59052204326863 752.0460645342167 1049 1051 -1
1051 -36.97187997193523 -144.56890527152245 752.2442756687125 1050 1052 -1
1052 -37.03262631851036 -144.54749493949802 752.4427533520807 1051 1053 -1
1053 -37.09258291021289 -144.52629093663495 752.6414931559866 1052 1054 -1
1054 -37.15175209321481 -144.50529313072622 752.8404906752496 1053 1055 -1
1055 -37.21013627820581 -144.4845013681555 753.0397415288802 1054 1056 -1
1056 -37.26773793916376 -144.46391547414063 753.2392413610894 1055 1057 -1
1057 -37.32455961211013 -144.44353525298442 753.4389858422679 1056 1058 -1
1058 -37.38060389385227 -144.42336048833175 753.6389706699377 1057 1059 -1
1059 -37.43587344071365 -144.40339094343253 753.8391915696726 1058 1060 -1
1060 -37.490370967252005 -144.38362636141125 754.039644295991 1059 1061 -1
1061 -37.54409924496886 -144.36406646554119 754.2403246332174 1060 1062 -1
1062 -37.59706110100854 -144.34471095952455 754.4412283963151 1061 1063 -1
1063 -37.64925941685033 -144.32555952777741 754.6423514316884 1062 1064 -1
1064 -37.70069712699311 -144.30661183571942 754.8436896179559 1063 1065 -1
1065 -37.75137691852848 -144.28786761054099 755.0452389487384 1064 1066 -1
1066 -37.80130018392207 -144.26932692441665 755.2469958093008 1065 1067 -1
1067 -37.85047177330236 -144.2509889141952 755.4489556854082 1066 1068 -1
1068 -37.89889481941706 -144.2328531727633 755.6511145896707 1067 1069 -1
1069 -37.94657250147564 -144.2149192754979 755.8534685703175 1068 1070 -1
1070 -37.99350804381322 -144.1971867805784 756.0560137117936 1069 1071 -1
1071 -38.039704207933255 -144.17965536737788 756.2587462616491 1070 1072 -1
1072 -38.0851619796404 -144.16232519651987 756.4616629420013 1071 1073 -1
1073 -38.129887360387535 -144.14519505621342 756.6647592753031 1072 1074 -1
1074 -38.17388374159863 -144.12826443935666 756.8680314942063 1073 1075 -1
1075 -38.217154553240114 -144.1115328232243 757.0714758701238 1074 1076 -1
1076 -38.259700104634376 -144.09500053957123 757.2750894374511 1075 1077 -1
1077 -38.301525948271845 -144.0786664753356 757.4788680463112 1076 1078 -1
1078 -38.34263654836815 -144.06252980854597 757.6828078687032 1077 1079 -1
1079 -38.38303477629635 -144.04659015143622 757.8869054853354 1078 1080 -1
1080 -38.42272080191526 -144.03084786306172 758.0911580900577 1079 1081 -1
1081 -38.46170221131393 -144.01530124145478 758.2955613150237 1080 1082 -1
1082 -38.5 -144.0 758.5 1081 1083 1084
1083 -38.688909673701204 -143.9310637479162 758.4808157318473 1082 1085 -1
1084 -38.45681628643633 -144.03126462558308 758.6847591278738 1082 1086 -1
1085 -38.87797760491936 -143.8616793637014 758.4648826169198 1083 1087 -1
1086 -38.41453965917869 -144.06221595152874 758.869663902141 1084 1088 -1
1087 -39.067167823466335 -143.7919405556753 758.4523010646794 1085 1089 -1
1088 -38.37294002535356 -144.09288513258232 759.0547691593542 1086 1090 -1
1089 -39.25642586254829 -143.72186101895394 758.4430822077917 1087 1091 -1
1090 -38.33194836896881 -144.12331498606054 759.2400494922188 1088 1092 -1
1091 -39.445696807454496 -143.65145486901866 758.437232705007 1089 1093 -1
1092 -38.29149930683953 -144.15354619415083 759.4254815517684 1090 1094 -1
1093 -39.63492554110107 -143.5807365654672 758.434754725471 1091 1095 -1
1094 -38.251531206137685 -144.18361736337306 759.6110438950799 1092 1096 -1
1095 -39.824056988635284 -143.50972083394413 758.4356459612483 1093 1097 -1
1096 -38.21198487294788 -144.21356554939106 759.7967164733174 1094 1098 -1
1097 -40.01303635854464 -143.43842258710595 758.4398996675363 1095 1099 -1
1098 -38.17280415559915 -144.24342612307598 759.9824806633839 1096 1100 -1
1099 -40.20180937781973 -143.36685684547078 758.4475047296853 1097 1101 -1
1100 -38.13393549412512 -144.2732330359565 760.1683190209561 1098 1102 -1
1101 -40.39032224736827 -143.29503845196186 758.4584486450655 1099 1103 -1
1102 -38.09532729767064 -144.30301902879344 760.35421502494 1100 1104 -1
1103 -40.57852251565852 -143.22298259853162 758.4727095653193 1101 1105 -1
1104 -38.056930041162566 -144.33281568124798 760.5401530104647 1102 1106 -1
1105 -40.76635848263198 -143.15070403436337 758.4902660707928 1103 1107 -1
1106 -38.01869607059014 -144.36265356119213 760.7261180335857 1104 1108 -1
1107 -40.95378007819958 -143.07821751885677 758.5110900055311 1105 1109 -1
1108 -37.9805793226675 -144.39256234011364 760.9120957323962 1106 1110 -1
1109 -41.14073840339414 -143.0055373938933 758.5351520839416 1107 1111 -1
1110 -37.942535181253206 -144.42257088125623 761.0980722276893 1108 1112 -1
1111 -41.32718674962902 -142.93267788430794 758.5624160128665 1109 1113 -1
1112 -37.90452034229612 -144.4527073227298 761.2840340316528 1110 1114 -1
1113 -41.513079586752575 -142.85965260824165 758.5928461934755 1111 1115 -1
1114 -37.86649268666086 -144.48299915597224 761.4699679634942 1112 1116 -1
1115 -41.698373882025486 -142.78647492379415 758.6264006348861 1113 1117 -1
1116 -37.828411118743674 -144.51347339175217 761.6558610473973 1114 1118 -1
1117 -41.8830286030607 -142.71315765728647 758.6630350729209 1115 1119 -1
1118 -37.790235431984456 -144.5441565716094 761.8417004437871 1116 1120 -1
1119 -42.06700464158514 -142.63971305047767 758.7027036858854 1117 1121 -1
1120 -37.75192637880177 -144.575074580719 762.0274734584625 1118 1122 -1
1121 -42.25026510249517 -142.56615278079428 758.7453581373417 1119 1123 -1
1122 -37.71344509775368 -144.60625348431128 762.2131672505323 1120 1124 -1
1123 -42.432775848675895 -142.49248798238702 758.790946038935 1121 1125 -1
1124 -37.67475382317201 -144.6377183361767 762.398769144589 1122 1126 -1
1125 -42.61450480825208 -142.41872909885103 758.8394142422293 1123 1127 -1
1126 -37.63581470135615 -144.66949478932094 762.5842660810717 1124 1128 -1
1127 -42.79542228040267 -142.3448859113202 758.8907078211777 1125 1129 -1
1128 -37.596590931429134 -144.70160752967033 762.7696450872586 1126 1130 -1
1129 -42.97550054777431 -142.27096748863104 758.9447715502911 1127 1131 -1
1130 -37.557045736938406 -144.7340815391777 762.9548928153457 1128 1132 -1
1131 -43.15471498931245 -142.1969822688202 759.0015464962283 1129 1133 -1
1132 -37.51714242760966 -144.76694190812418 763.1399955500385 1130 1134 -1
1133 -43.33304302695753 -142.12293795157234 759.0609737279896 1131 1135 -1
1134 -37.47684504975712 -144.800213125176 763.3249394421365 1132 1136 -1
1135 -43.51046435977681 -142.04884152405603 759.1229935649924 1133 1137 -1
1136 -37.4361175121387 -144.8339199949627 763.5097101260018 1134 1138 -1
1137 -43.68696072206009 -141.97469925384303 759.187546273821 1135 1139 -1
1138 -37.39492371233437 -144.86808745174196 763.6942927408735 1136 1140 -1
1139 -43.86251617742277 -141.90051671202949 759.2545712604793 1137 1141 -1
1140 -37.35322749519703 -144.9027405720289 763.8786718803326 1138 1142 -1
1141 -44.03711732769612 -141.8262987839404 759.3240066637445 1139 1143 -1
1142 -37.31099308846491 -144.93790414757052 764.0628317348337 1140 1144 -1
1143 -44.210752555991306 -141.75204965140236 759.3957913070914 1141 1145 -1
1144 -37.26818438845804 -144.973603358017 764.2467557660648 1142 1146 -1
1145 -44.38341173988749 -141.67777280728592 759.4698651910062 1143 1147 -1
1146 -37.22476515469809 -145.0098635605761 764.4304267456523 1144 1148 -1
1147 -44.55508740796878 -141.60347110474842 759.5461667367466 1145 1149 -1
1148 -37.18069896199699 -145.04671031995989 764.6138266932126 1146 1150 -1
1149 -44.72577387274512 -141.52914674788474 759.6246348584242 1147 1151 -1
1150 -37.1359490840168 -145.08416949953872 764.7969367818079 1148 1152 -1
1151 -44.895466373158975 -141.4548012967431 759.7052106334688 1149 1153 -1
1152 -37.090478359797665 -145.1222673641713 764.9797372299653 1150 1154 -1
1153 -45.06416269965794 -141.38043572377657 759.7878337321589 1151 1155 -1
1154 -37.04424980840353 -145.16103002957234 765.1622075165932 1152 1156 -1
1155 -45.231861985306445 -141.30605040932465 759.8724449619871 1153 1157 -1
1156 -36.9972258295742 -145.20048416105698 765.3443259833914 1154 1158 -1
1157 -45.39856406202311 -141.23164515232108 759.9589873195782 1155 1159 -1
1158 -36.949368437665 -145.24065675347146 765.5260698739991 1156 1160 -1
1159 -45.56427164345606 -141.157219237298 760.0474017046961 1157 1161 -1
1160 -36.90063923081843 -145.281575148746 765.7074152564842 1158 1162 -1
1161 -45.72898676086291 -141.08277138318968 760.1376335595826 1159 1163 -1
1162 -36.850999363654694 -145.32326705077986 765.8883369426655 1160 1164 -1
1163 -45.89271485959991 -141.00829985573333 760.2296251825959 1161 1165 -1
1164 -36.800408866798854 -145.36576108840487 766.0688080868902 1162 1166 -1
1165 -46.05546027928731 -140.9338023851337 760.323323790488 1163 1167 -1
1166 -36.74882846002274 -145.40908528039955 766.2488009697481 1164 1168 -1
1167 -46.21723041619978 -140.85927629290586 760.4186740583525 1165 1169 -1
1168 -36.696217848403265 -145.45326846996602 766.4282861144374 1166 1170 -1
1169 -46.378032118959844 -140.7847184164794 760.5156242522825 1167 1171 -1
1170 -36.642536204482155 -145.49833990771336 766.6072324205517 1168 1172 -1
1171 -46.53787389253177 -140.710125193225 760.6141223606486 1169 1173 -1
1172 -36.587741318911455 -145.54432994233468 766.7856066218262 1170 1174 -1
1173 -46.6967651687737 -140.63549266436215 760.7141172672178 1171 1175 -1
1174 -36.531791755601965 -145.59126823656413 766.9633742904765 1172 1176 -1
1175 -46.85471520053791 -140.56081644250824 760.815560336719 1173 1177 -1
1176 -36.474645391715114 -145.63918497382494 767.1404990014947 1174 1178 -1
1177 -47.01173503623914 -140.48609181962726 760.9184022599844 1175 1179 -1
1178 -36.41625814497157 -145.68811188055588 767.3169414920457 1176 1180 -1
1179 -47.16783597470619 -140.4113137196883 761.0225953715247 1177 1181 -1
1180 -36.35658723630559 -145.73807956216527 767.4926613207588 1178 1182 -1
1181 -47.32302965787208 -140.3364767127892 761.1280933677967 1179 1183 -1
1182 -36.29558855798044 -145.78911964337144 767.667615301027 1180 1184 -1
1183 -47.477328118437576 -140.26157502811606 761.2348511215458 1181 1185 -1
1184 -36.23321709416617 -145.84126441243473 767.8417575556512 1182 1186 -1
1185 -47.63074453995541 -140.18660263157577 761.3428235573158 1183 1187 -1
1186 -36.16942869392557 -145.89454539212247 768.0150404295566 1184 1188 -1
1187 -47.78329212079158 -140.11155315984092 761.4519671696534 1185 1189 -1
1188 -36.104177550389714 -145.94899535954903 768.1874128216363 1186 1190 -1
1189 -47.93498445296909 -140.03641995836244 761.5622393972392 1187 1191 -1
1190 -36.03741833501079 -146.00464662841833 768.3588213047249 1188 1192 -1
1191 -48.08583548270416 -139.96119609100458 761.673598600436 1189 1193 -1
1192 -35.969106127136754 -146.06153110924822 768.5292099648378 1190 1194 -1
1193 -48.235859366110766 -139.88587433470894 761.786004170193 1191 1195 -1
1194 -35.899193700563075 -146.1196824524691 768.6985183864704 1192 1196 -1
1195 -48.385070661994945 -139.81044721272642 761.8994162130224 1193 1197 -1
1196 -35.82763650453592 -146.17913209706597 768.8666847965218 1194 1198 -1
1197 -48.53348430374705 -139.7349070084522 762.0137955350062 1195 1199 -1
1198 -35.75438914452926 -146.2399120577604 769.0336435367922 1196 1200 -1
1199 -48.68111531348318 -139.659245736174 762.129103926676 1197 1201 -1
1200 -35.67940638172642 -146.3020541260056 769.199325506637 1198 1202 -1
1201 -48.827978912560816 -139.5834551619398 762.2453039597916 1199 1203 -1
1202 -35.602643533615115 -146.36558955057387 769.3636582381059 1200 1204 -1
1203 -48.97409049830196 -139.50752680738208 762.3623589552568 1201 1205 -1
1204 -35.524056327500055 -146.43054914753134 769.5265655594125 1202 1206 -1
1205 -49.1194656229998 -139.43145195263784 762.4802329500524 1203 1207 -1
1206 -35.44360237522676 -146.49696214767053 769.6879685555235 1204 1208 -1
1207 -49.264119975091155 -139.35522163838561 762.5988906633081 1205 1209 -1
1208 -35.36124005535878 -146.56485706792733 769.8477845054294 1206 1210 -1
1209 -49.408069362380296 -139.27882666701893 762.7182974616186 1207 1211 -1
1210 -35.276929194706504 -146.6342611769862 770.0059272104086 1208 1212 -1
1211 -49.551329697199805 -139.2022576029786 762.8384193236883 1209 1213 -1
1212 -35.19063090024904 -146.7052006216241 770.1623066225405 1210 1214 -1
1213 -49.693916983399056 -139.12550477226333 762.9592228043801 1211 1215 -1
1214 -35.10230908137093 -146.77769924966526 770.31683000818 1212 1216 -1
1215 -49.83584730505241 -139.04855826114033 763.0806749982213 1213 1217 -1
1216 -35.01192999936399 -146.85177896089843 770.4694014283343 1214 1218 -1
1217 -49.977136816783904 -138.97140791407455 763.2027435024111 1215 1219 -1
1218 -34.91946261093718 -146.92745944311505 770.619921912101 1216 1220 -1
1219 -50.11780173560829 -138.8940433308959 763.325396379359 1217 1221 -1
1220 -34.824879008489695 -147.0047578360341 770.7682897686446 1218 1222 -1
1221 -50.257858334192726 -138.81645386322378 763.4486021187693 1219 1223 -1
1222 -34.72815419992283 -147.0836889003785 770.9144002410841 1220 1224 -1
1223 -50.39732293544505 -138.73862861016593 763.5723295992824 1221 1225 -1
1224 -34.6292669703778 -147.1642643612972 771.0581462989227 1222 1226 -1
1225 -50.53621190834204 -138.66055641330883 763.6965480496608 1223 1227 -1
1226 -34.52820212671546 -147.24649121423118 771.1994212285198 1224 1228 -1
1227 -50.6745416649114 -138.58222585101564 763.8212270095088 1225 1229 -1
1228 -34.424947970050624 -147.33037365617497 771.3381159716015 1226 1230 -1
1229 -50.81232857855866 -138.50362518933582 763.9463363501562 1227 1231 -1
1230 -34.3194958100216 -147.41591344748713 771.4741183702462 1228 1232 -1
1231 -50.94958917089212 -138.42474246688107 764.0718460844247 1229 1233 -1
1232 -34.21184588483307 -147.50310546330078 771.6073206915129 1230 1234 -1
1233 -51.086340012852084 -138.3455654471083 764.197726411781 1231 1235 -1
1234 -34.10200238396559 -147.5919414675047 771.7376139668453 1232 1236 -1
1235 -51.222597678600955 -138.26608158155855 764.3239477096536 1233 1237 -1
1236 -33.98997376657175 -147.68240987344367 771.8648883979193 1234 1238 -1
1237 -51.35837878516737 -138.18627801983993 764.4504804610738 1235 1239 -1
1238 -33.87577676910334 -147.7744927700212 771.9890393699286 1236 1240 -1
1239 -51.49369999474975 -138.10614160007393 764.5772952117213 1237 1241 -1
1240 -33.759433892668234 -147.86816783109597 772.109964785205 1238 1242 -1
1241 -51.62857798839309 -138.02565881403908 764.704362541451 1239 1243 -1
1242 -33.6409732654852 -147.9634084389741 772.2275654410196 1240 1244 -1
1243 -51.76302933360555 -137.94481566240353 764.8316530765976 1241 1245 -1
1244 -33.520428617917396 -148.0601837249593 772.3417456147615 1242 1246 -1
1245 -51.897071062165935 -137.86359814634062 764.9591371577333 1243 1247 -1
1246 -33.39784092294144 -148.15845739593397 772.4524167221202 1244 1248 -1
1247 -52.03072005384991 -137.7819917449812 765.0867851273243 1245 1249 -1
1248 -33.273257074315616 -148.25818875077377 772.5594963608156 1246 1250 -1
1249 -52.16399303114749 -137.69998130947144 765.2145672253879 1247 1251 -1
1250 -33.146729294118074 -148.35933315115457 772.6629083651599 1248 1252 -1
1251 -52.29690713493813 -137.61755166037256 765.3424533347644 1249 1253 -1
1252 -33.01831525360026 -148.46184197412848 772.7625842369288 1250 1254 -1
1253 -52.42947947092578 -137.53468711091926 765.4704131151957 1251 1255 -1
1254 -32.888077321861985 -148.5656632006116 772.8584630015092 1252 1256 -1
1255 -52.5617270280655 -137.45137126295714 765.5984159130538 1253 1257 -1
1256 -32.75608206556256 -148.6707418179569 772.9504914626378 1254 1258 -1
1257 -52.69366725092206 -137.36758778894722 765.7264306381701 1255 1259 -1
1258 -32.62240167706598 -148.77701885874288 773.0386291314793 1256 1260 -1
1259 -52.825317327491454 -137.28331936870165 765.8544257662736 1257 1261 -1
1260 -32.48710992869581 -148.88443433617513 773.1228406328323 1258 1262 -1
1261 -52.956694776854974 -137.19854854876672 765.982369249855 1259 1263 -1
1262 -32.35028433244681 -148.99292575460535 773.2031021279154 1260 1264 -1
1263 -53.08781720882163 -137.11325737567054 766.1102284828609 1261 1265 -1
1264 -32.2120036228962 -149.10242993251205 773.2793965687421 1262 1266 -1
1265 -53.21870220580409 -137.02742704707268 766.2379701381632 1263 1267 -1
1266 -32.0723494957499 -149.21288184484746 773.3517200420741 1264 1268 -1
1267 -53.349367604426334 -136.94103845990227 766.3655601917606 1265 1269 -1
1268 -31.93140359537116 -149.32421676754134 773.4200750335024 1266 1270 -1
1269 -53.47983138994305 -136.8540720054249 766.4929638422087 1267 1271 -1
1270 -31.78924816454052 -149.43636986883655 773.4844735537555 1268 1272 -1
1271 -53.61011164229227 -136.76650735876663 766.6201453633454 1269 1273 -1
1272 -31.64596531571397 -149.54927675765936 773.5449364345538 1270 1274 -1
1273 -53.7402266008232 -136.67832359468537 766.7470680517577 1271 1275 -1
1274 -31.501635262452666 -149.66287469383047 773.6014880520851 1272 1276 -1
1275 -53.8701946687205 -136.5894991687526 766.8736941408863 1273 1277 -1
1276 -31.356339280735924 -149.777100687484 773.6541690015149 1274 1278 -1
1277 -54.0 -136.5 767.0 1275 -1 -1
1278 -31.210154946586588 -149.89189466138433 773.7030189614978 1276 1279 -1
1279 -31.0631583046723 -150.00719804509703 773.7480855917561 1278 1280 -1
1280 -30.915423361373986 -150.12295414605194 773.7894237468383 1279 1281 -1
1281 -30.7670210557908 -150.23910880542385 773.827091049525 1280 1282 -1
1282 -30.618020223491627 -150.3556098477354 773.8611539599584 1281 1283 -1
1283 -30.46848541494382 -150.47240834796014 773.891674815677 1282 1284 -1
1284 -30.318479232956467 -150.58945730429411 773.9187266680466 1283 1285 -1
1285 -30.16806039670788 -150.7067127180138 773.942380512342 1284 1286 -1
1286 -30.017284588623486 -150.8241331124755 773.9627106702943 1285 1287 -1
1287 -29.866204362705112 -150.94167958766698 773.9797942995201 1286 1288 -1
1288 -29.714868564277268 -151.05931598666015 773.9937031353458 1287 1289 -1
1289 -29.563323717949565 -151.17700837572013 774.004519851888 1288 1290 -1
1290 -29.411612687066302 -151.29472545256917 774.0123196256634 1289 1291 -1
1291 -29.259775523934426 -151.41243818174598 774.0171788521822 1290 1292 -1
1292 -29.107849494348287 -151.53011976320965 774.0191748068811 1291 1293 -1
1293 -28.955869119357487 -151.64774558807548 774.0183853255887 1292 1294 -1
1294 -28.80386624937562 -151.76529296770374 774.0148828189259 1293 1295 -1
1295 -28.65187030352523 -151.88274130392824 774.0087444080021 1294 1296 -1
1296 -28.5 -152.0 774.0 1295 -1 -1
