0 -11.0 -167.5 1255.5 -1 1 -1
1 -10.5 -167.5 1256.0 0 2 -1
2 -10.0 -167.0 1256.5 1 3 -1
3 -10.0 -167.0 1257.0 2 4 -1
4 -10.0 -167.0 1257.5 3 5 -1
5 -10.0 -167.0 1258.0 4 6 -1
6 -9.5 -167.0 1258.5 5 7 -1
7 -9.0 -167.0 1259.0 6 8 -1
8 -9.0 -166.5 1259.5 7 9 -1
9 -8.5 -166.5 1260.0 8 10 -1
10 -8.5 -166.5 1260.5 9 11 -1
11 -8.5 -166.0 1261.0 10 12 -1
12 -8.5 -166.0 1261.5 11 13 -1
13 -8.0 -166.0 1262.0 12 14 -1
14 -8.0 -166.0 1262.5 13 15 -1
15 -8.5 -165.5 1263.0 14 16 -1
16 -8.0 -165.5 1263.5 15 17 -1
17 -8.0 -165.5 1264.0 16 18 -1
18 -8.5 -165.0 1264.5 17 19 -1
19 -8.0 -165.0 1265.0 18 20 -1
20 -8.5 -164.5 1265.5 19 21 -1
21 -8.0 -164.5 1266.0 20 22 -1
22 -8.5 -164.0 1266.5 21 23 -1
23 -8.5 -163.5 1267.0 22 24 -1
24 -8.5 -163.5 1267.5 23 25 -1
25 -9.0 -163.0 1268.0 24 26 -1
26 -8.5 -163.0 1268.5 25 27 28
27 -9.0 -162.5 1269.0 26 29 -1
28 -8.0 -163.5 1269.0 26 30 -1
29 -9.0 -162.5 1269.5 27 31 -1
30 -7.5 -164.0 1269.0 28 32 -1
31 -9.5 -162.0 1270.0 29 33 -1
32 -7.0 -164.0 1269.0 30 34 -1
33 -9.5 -162.0 1270.5 31 35 -1
34 -6.5 -164.5 1269.0 32 36 -1
35 -9.5 -162.0 1271.0 33 37 -1
36 -6.0 -165.0 1269.0 34 38 -1
37 -10.0 -161.5 1271.5 35 39 -1
38 -5.5 -165.5 1269.0 36 40 -1
39 -10.5 -161.0 1272.0 37 41 -1
40 -5.0 -166.0 1269.0 38 42 -1
41 -11.0 -160.5 1272.5 39 43 -1
42 -4.5 -166.5 1269.0 40 44 -1
43 -11.5 -160.5 1273.0 41 45 -1
44 -4.0 -167.0 1269.5 42 46 -1
45 -11.5 -160.0 1273.5 43 47 -1
46 -3.5 -167.0 1270.0 44 48 -1
47 -12.0 -159.5 1274.0 45 49 -1
48 -3.0 -167.0 1270.0 46 50 -1
49 -12.0 -159.5 1274.5 47 51 -1
50 -2.5 -167.0 1270.0 48 52 -1
51 -12.5 -159.0 1275.0 49 53 -1
52 -2.0 -167.5 1270.0 50 54 -1
53 -13.0 -158.5 1275.5 51 55 -1
54 -1.5 -167.5 1270.0 52 56 -1
55 -13.5 -158.0 1276.0 53 57 -1
56 -1.0 -168.0 1270.0 54 58 -1
57 -14.0 -157.5 1276.5 55 59 -1
58 -0.5 -168.0 1270.0 56 60 -1
59 -14.5 -157.0 1277.0 57 61 -1
60 0.0 -168.0 1270.0 58 62 -1
61 -15.0 -157.0 1277.5 59 63 -1
62 0.5 -168.0 1269.5 60 64 -1
63 -15.5 -156.5 1278.0 61 65 -1
64 1.0 -168.0 1270.0 62 66 -1
65 -16.0 -156.0 1278.5 63 67 -1
66 1.5 -168.0 1270.0 64 68 -1
67 -16.5 -156.0 1279.0 65 69 -1
68 2.0 -168.5 1270.0 66 70 -1
69 -17.0 -155.5 1279.5 67 71 -1
70 2.5 -168.5 1270.0 68 72 -1
71 -17.5 -155.0 1280.0 69 73 -1
72 3.0 -168.5 1270.0 70 74 75
73 -18.0 -155.0 1280.5 71 76 -1
74 3.5 -168.5 1270.0 72 77 -1
75 4.0 -169.0 1269.0 72 78 -1
76 -18.5 -154.5 1281.0 73 79 -1
77 4.0 -168.0 1270.5 74 80 -1
78 4.5 -169.0 1269.0 75 81 -1
79 -19.0 -154.5 1281.5 76 82 -1
80 4.0 -167.5 1270.5 77 83 -1
81 5.0 -169.0 1269.0 78 84 -1
82 -19.5 -154.0 1282.0 79 85 -1
83 4.0 -167.0 1271.0 80 86 -1
84 5.5 -169.0 1269.0 81 87 -1
85 -20.0 -154.0 1282.5 82 88 -1
86 4.5 -166.5 1271.5 83 89 -1
87 6.0 -169.5 1268.5 84 90 -1
88 -20.0 -153.5 1283.0 85 91 -1
89 4.5 -166.0 1271.5 86 92 -1
90 6.5 -169.5 1268.0 87 93 -1
91 -20.5 -153.5 1283.5 88 94 -1
92 4.5 -165.5 1272.0 89 95 -1
93 7.0 -169.5 1267.5 90 96 -1
94 -21.0 -153.5 1284.0 91 97 -1
95 4.5 -165.0 1272.0 92 98 -1
96 7.5 -170.0 1267.5 93 99 -1
97 -21.0 -153.0 1284.5 94 100 -1
98 4.5 -164.5 1272.5 95 101 -1
99 8.0 -170.0 1267.0 96 102 -1
100 -21.5 -152.5 1285.0 97 103 -1
101 4.5 -164.0 1273.0 98 104 -1
102 8.5 -169.5 1266.5 99 105 -1
103 -22.0 -152.5 1285.5 100 106 -1
104 4.0 -163.5 1273.5 101 107 -1
105 9.0 -169.5 1266.5 102 108 -1
106 -22.5 -152.5 1285.5 103 109 -1
107 4.0 -163.0 1274.0 104 110 -1
108 9.5 -169.5 1266.5 105 111 -1
109 -23.0 -152.0 1286.0 106 112 -1
110 4.0 -163.0 1274.5 107 113 -1
111 10.0 -169.5 1266.0 108 114 -1
112 -23.5 -151.5 1286.5 109 115 -1
113 4.0 -162.5 1275.0 110 116 -1
114 10.5 -169.0 1266.5 111 117 -1
115 -24.0 -151.0 1287.0 112 118 -1
116 4.0 -162.5 1275.5 113 119 -1
117 11.0 -169.0 1266.0 114 120 -1
118 -24.5 -151.0 1287.5 115 121 -1
119 3.5 -162.0 1276.0 116 122 -1
120 11.5 -168.5 1266.0 117 123 -1
121 -24.5 -150.5 1288.0 118 124 -1
122 3.5 -162.5 1276.5 119 125 -1
123 12.0 -168.0 1266.5 120 126 -1
124 -24.5 -150.5 1288.5 121 127 -1
125 3.5 -162.5 1277.0 122 128 -1
126 12.5 -168.0 1266.0 123 129 -1
127 -25.0 -150.0 1289.0 124 130 -1
128 3.0 -162.0 1277.5 125 131 -1
129 13.0 -168.0 1266.0 126 132 -1
130 -25.5 -150.0 1289.0 127 133 -1
131 3.0 -162.5 1278.0 128 134 -1
132 13.5 -167.5 1266.0 129 135 -1
133 -26.0 -149.5 1289.5 130 136 -1
134 3.0 -162.5 1278.5 131 137 -1
135 14.0 -167.5 1265.5 132 138 -1
136 -26.5 -149.0 1290.0 133 139 -1
137 3.0 -162.5 1279.0 134 140 -1
138 14.5 -167.0 1266.0 135 141 -1
139 -27.0 -149.0 1290.5 136 142 -1
140 3.0 -162.5 1279.5 137 143 -1
141 15.0 -167.0 1265.5 138 144 -1
142 -27.5 -148.5 1291.0 139 145 -1
143 3.0 -162.5 1280.0 140 146 -1
144 15.5 -166.5 1266.0 141 147 -1
145 -28.0 -148.0 1291.5 142 148 -1
146 3.0 -162.5 1280.5 143 149 -1
147 16.0 -166.5 1266.0 144 150 -1
148 -28.5 -148.0 1292.0 145 151 -1
149 2.5 -162.5 1281.0 146 152 -1
150 16.5 -166.0 1266.0 147 153 -1
151 -29.0 -147.5 1292.5 148 154 -1
152 2.5 -162.5 1281.5 149 155 -1
153 17.0 -166.0 1266.0 150 156 -1
154 -29.5 -147.0 1292.5 151 157 -1
155 2.5 -162.5 1282.0 152 158 -1
156 17.5 -165.5 1266.5 153 159 -1
157 -30.0 -147.0 1293.0 154 160 -1
158 2.5 -162.5 1282.5 155 161 -1
159 18.0 -165.5 1267.0 156 162 -1
160 -30.5 -146.5 1293.5 157 163 -1
161 2.5 -163.0 1283.0 158 164 -1
162 18.5 -165.0 1267.0 159 165 -1
163 -30.5 -146.5 1294.0 160 166 -1
164 2.5 -163.0 1283.5 161 167 -1
165 19.0 -164.5 1267.5 162 168 -1
166 -31.0 -146.0 1294.5 163 169 -1
167 3.0 -163.5 1284.0 164 170 -1
168 19.5 -164.5 1267.5 165 171 -1
169 -31.5 -146.0 1294.5 166 172 -1
170 3.0 -163.5 1284.5 167 173 -1
171 20.0 -164.0 1268.0 168 174 -1
172 -32.0 -145.5 1295.0 169 175 -1
173 3.5 -164.0 1285.0 170 176 -1
174 20.5 -163.5 1268.0 171 177 -1
175 -32.0 -145.5 1295.5 172 178 -1
176 4.0 -164.5 1285.5 173 179 -1
177 21.0 -163.5 1268.5 174 180 -1
178 -32.5 -145.0 1296.0 175 181 -1
179 4.0 -165.0 1286.0 176 182 -1
180 21.5 -163.0 1269.0 177 183 -1
181 -33.0 -145.0 1296.5 178 184 -1
182 4.5 -165.5 1286.5 179 185 -1
183 22.0 -162.5 1269.5 180 186 -1
184 -33.5 -144.5 1297.0 181 187 -1
185 5.0 -166.0 1287.0 182 188 -1
186 22.5 -162.0 1270.0 183 189 -1
187 -34.0 -144.5 1297.5 184 190 -1
188 5.5 -166.5 1287.5 185 191 -1
189 23.0 -161.5 1270.5 186 192 -1
190 -34.5 -144.5 1298.0 187 193 -1
191 6.0 -166.5 1287.5 188 194 -1
192 23.0 -161.0 1271.0 189 195 -1
193 -35.0 -144.0 1298.5 190 196 -1
194 6.5 -167.0 1288.0 191 197 -1
195 23.5 -161.0 1271.5 192 198 -1
196 -35.5 -143.5 1299.0 193 199 -1
197 7.0 -167.0 1288.5 194 200 -1
198 24.0 -160.5 1272.0 195 201 -1
199 -36.0 -143.0 1299.0 196 202 -1
200 7.5 -167.5 1288.5 197 203 -1
201 24.5 -160.0 1272.0 198 204 -1
202 -36.5 -143.0 1299.5 199 205 -1
203 8.0 -167.5 1288.5 200 206 -1
204 25.0 -159.5 1272.5 201 207 -1
205 -37.0 -143.0 1300.0 202 208 -1
206 8.5 -167.5 1289.0 203 209 -1
207 25.0 -159.0 1273.0 204 210 -1
208 -37.5 -142.5 1300.5 205 211 -1
209 9.0 -167.5 1289.0 206 212 -1
210 25.5 -159.0 1273.5 207 213 -1
211 -38.0 -142.0 1301.0 208 214 -1
212 9.5 -168.0 1289.0 209 215 -1
213 26.0 -158.5 1274.0 210 216 -1
214 -38.5 -142.0 1301.5 211 217 -1
215 10.0 -167.5 1289.5 212 218 -1
216 26.0 -158.0 1274.5 213 219 -1
217 -39.0 -141.5 1302.0 214 220 -1
218 10.5 -168.0 1290.0 215 221 -1
219 26.5 -157.5 1274.5 216 222 -1
220 -39.0 -142.0 1302.5 217 223 -1
221 11.0 -168.0 1290.0 218 224 -1
222 27.0 -157.0 1275.0 219 225 -1
223 -39.5 -142.0 1303.0 220 226 -1
224 11.5 -168.0 1290.0 221 -1 -1
225 27.5 -156.5 1275.5 222 227 -1
226 -40.0 -141.5 1303.0 223 228 -1
227 27.5 -156.0 1275.5 225 229 -1
228 -40.5 -141.0 1303.5 226 230 -1
229 28.0 -155.5 1276.0 227 231 -1
230 -40.5 -141.0 1304.0 228 232 -1
231 28.5 -155.0 1276.0 229 233 -1
232 -41.0 -141.0 1304.5 230 234 235
233 29.0 -154.5 1276.5 231 236 -1
234 -41.5 -140.5 1304.5 232 237 -1
235 -40.5 -142.0 1305.0 232 238 -1
236 29.5 -154.5 1276.5 233 239 -1
237 -42.0 -140.0 1305.0 234 240 -1
238 -41.0 -142.5 1305.5 235 241 -1
239 30.0 -154.0 1276.5 236 242 -1
240 -42.5 -140.0 1305.5 237 243 -1
241 -41.0 -142.5 1306.0 238 244 -1
242 30.5 -153.5 1276.5 239 245 -1
243 -43.0 -139.5 1305.5 240 246 -1
244 -41.5 -143.0 1306.5 241 247 -1
245 31.0 -153.0 1277.0 242 248 -1
246 -43.0 -139.0 1305.5 243 249 -1
247 -41.5 -143.5 1307.0 244 250 -1
248 31.5 -152.5 1277.0 245 251 -1
249 -43.5 -138.5 1306.0 246 252 -1
250 -41.5 -144.0 1307.5 247 253 -1
251 32.0 -152.0 1277.0 248 254 -1
252 -43.5 -138.0 1306.5 249 255 -1
253 -41.5 -144.5 1308.0 250 256 -1
254 32.5 -151.5 1277.0 251 257 -1
255 -44.0 -137.5 1306.5 252 258 -1
256 -41.5 -145.0 1308.5 253 259 -1
257 33.0 -151.5 1276.5 254 260 -1
258 -44.5 -137.0 1307.0 255 261 -1
259 -41.5 -145.5 1309.0 256 262 -1
260 33.5 -151.0 1277.0 257 263 -1
261 -45.0 -136.5 1307.5 258 264 -1
262 -41.5 -146.0 1309.5 259 265 -1
263 34.0 -150.5 1277.0 260 266 -1
264 -45.5 -136.0 1307.5 261 267 -1
265 -41.5 -146.5 1309.5 262 268 -1
266 34.5 -150.5 1276.5 263 269 -1
267 -46.0 -136.0 1308.0 264 270 -1
268 -41.5 -147.0 1310.0 265 271 -1
269 35.0 -150.0 1277.0 266 272 -1
270 -46.5 -136.0 1308.5 267 273 -1
271 -41.0 -147.5 1310.0 268 274 -1
272 35.5 -149.5 1276.5 269 275 -1
273 -47.0 -135.5 1308.5 270 276 -1
274 -41.0 -148.0 1310.5 271 277 -1
275 36.0 -149.5 1276.5 272 278 -1
276 -47.5 -135.5 1309.0 273 279 -1
277 -41.0 -148.5 1310.5 274 280 -1
278 36.5 -149.5 1276.0 275 281 -1
279 -48.0 -135.5 1309.0 276 282 -1
280 -41.0 -149.0 1310.5 277 283 -1
281 37.0 -149.0 1276.0 278 284 -1
282 -48.5 -135.5 1309.5 279 285 -1
283 -40.5 -149.5 1310.5 280 286 -1
284 37.5 -148.5 1276.0 281 287 -1
285 -49.0 -135.0 1310.0 282 288 -1
286 -40.5 -150.0 1310.5 283 289 -1
287 38.0 -148.5 1275.5 284 290 -1
288 -49.5 -134.5 1310.5 285 291 -1
289 -40.5 -150.5 1311.0 286 292 -1
290 38.5 -148.0 1275.0 287 293 -1
291 -50.0 -135.0 1310.5 288 294 -1
292 -40.5 -151.0 1311.0 289 295 -1
293 39.0 -147.5 1275.0 290 296 -1
294 -50.5 -134.5 1311.0 291 297 -1
295 -40.0 -151.5 1311.0 292 298 -1
296 39.5 -147.5 1274.5 293 299 -1
297 -51.0 -134.5 1311.0 294 300 -1
298 -40.5 -152.0 1311.5 295 301 -1
299 40.0 -147.0 1274.0 296 302 -1
300 -51.5 -134.5 1311.5 297 303 -1
301 -40.5 -152.5 1312.0 298 304 -1
302 40.5 -147.0 1273.5 299 305 -1
303 -52.0 -134.5 1312.0 300 306 -1
304 -40.0 -153.0 1311.5 301 307 -1
305 41.0 -147.0 1273.0 302 308 -1
306 -52.5 -134.5 1312.0 303 309 -1
307 -39.5 -153.5 1311.5 304 310 -1
308 41.5 -147.0 1272.5 305 311 -1
309 -53.0 -134.5 1312.5 306 312 -1
310 -39.5 -154.0 1312.0 307 313 -1
311 42.0 -146.5 1272.0 308 314 -1
312 -53.5 -134.5 1313.0 309 315 -1
313 -39.0 -154.5 1312.0 310 316 -1
314 42.5 -146.5 1271.5 311 317 -1
315 -54.0 -134.5 1313.0 312 318 -1
316 -38.5 -155.0 1312.0 313 319 -1
317 43.0 -146.0 1271.0 314 320 -1
318 -54.5 -134.5 1313.5 315 321 -1
319 -38.5 -155.5 1312.0 316 322 -1
320 43.5 -145.5 1270.5 317 323 -1
321 -55.0 -134.5 1314.0 318 324 -1
322 -38.5 -156.0 1312.5 319 325 -1
323 44.0 -145.5 1270.0 320 326 -1
324 -55.5 -134.5 1314.0 321 327 -1
325 -38.0 -156.5 1312.5 322 328 -1
326 44.5 -145.5 1269.5 323 329 -1
327 -56.0 -134.5 1314.5 324 330 -1
328 -37.5 -157.0 1312.5 325 331 -1
329 45.0 -145.0 1269.5 326 332 -1
330 -56.5 -134.5 1315.0 327 333 -1
331 -37.5 -157.5 1313.0 328 334 -1
332 45.5 -144.5 1269.0 329 335 -1
333 -57.0 -134.5 1315.0 330 336 -1
334 -37.0 -158.0 1313.0 331 337 -1
335 46.0 -144.0 1268.5 332 338 -1
336 -57.5 -134.5 1315.5 333 339 -1
337 -36.5 -158.5 1313.5 334 340 -1
338 46.5 -144.0 1268.0 335 341 -1
339 -58.0 -134.5 1316.0 336 -1 -1
340 -36.0 -159.0 1313.5 337 342 -1
341 47.0 -144.0 1267.5 338 343 -1
342 -35.5 -159.5 1313.5 340 344 -1
343 47.5 -143.5 1267.0 341 345 -1
344 -35.0 -160.0 1314.0 342 346 -1
345 48.0 -143.5 1266.5 343 347 -1
346 -35.0 -160.5 1314.0 344 348 -1
347 48.5 -143.5 1266.0 345 349 -1
348 -34.5 -161.0 1314.0 346 350 -1
349 49.0 -143.5 1265.5 347 351 -1
350 -34.5 -161.5 1314.5 348 352 -1
351 49.0 -143.5 1265.0 349 353 -1
352 -34.0 -162.0 1314.0 350 354 -1
353 49.5 -143.5 1264.5 351 355 -1
354 -34.0 -162.5 1314.5 352 356 -1
355 50.0 -143.0 1264.0 353 357 -1
356 -34.0 -163.0 1314.5 354 358 -1
357 50.5 -142.5 1264.0 355 359 -1
358 -33.5 -163.5 1314.5 356 360 -1
359 51.0 -142.5 1263.5 357 361 -1
360 -34.0 -164.0 1315.0 358 362 -1
361 51.0 -142.5 1263.0 359 363 -1
362 -33.5 -164.5 1315.0 360 364 -1
363 51.5 -142.5 1262.5 361 365 -1
364 -33.5 -165.0 1315.0 362 366 -1
365 52.0 -142.0 1262.5 363 367 -1
366 -33.5 -165.5 1315.5 364 368 -1
367 52.5 -142.0 1262.0 365 369 -1
368 -33.5 -166.0 1315.5 366 370 -1
369 53.0 -141.5 1262.0 367 371 -1
370 -33.5 -166.5 1315.5 368 372 -1
371 53.5 -141.5 1262.0 369 373 -1
372 -33.5 -167.0 1315.5 370 374 -1
373 54.0 -141.5 1261.5 371 375 -1
374 -33.5 -167.5 1315.5 372 376 -1
375 54.5 -141.5 1261.0 373 377 -1
376 -33.5 -168.0 1315.5 374 378 -1
377 55.0 -141.0 1261.0 375 379 -1
378 -33.0 -168.5 1315.5 376 380 -1
379 55.5 -141.0 1260.5 377 381 -1
380 -33.5 -169.0 1316.0 378 382 -1
381 56.0 -141.0 1260.0 379 383 -1
382 -33.5 -169.5 1316.0 380 384 -1
383 56.5 -140.5 1260.0 381 385 -1
384 -33.5 -170.0 1316.0 382 386 -1
385 57.0 -140.0 1260.0 383 387 -1
386 -33.5 -170.5 1316.0 384 388 -1
387 57.5 -140.0 1259.5 385 389 -1
388 -34.0 -171.0 1316.5 386 390 -1
389 58.0 -140.0 1259.5 387 391 -1
390 -34.5 -171.5 1316.5 388 392 -1
391 58.5 -139.5 1259.5 389 393 -1
392 -35.0 -172.0 1317.0 390 394 -1
393 59.0 -139.5 1259.5 391 395 -1
394 -35.5 -172.5 1317.0 392 396 -1
395 59.5 -139.0 1259.5 393 397 -1
396 -36.0 -173.0 1317.0 394 398 -1
397 60.0 -139.0 1259.5 395 399 -1
398 -36.5 -173.5 1317.0 396 400 -1
399 60.5 -139.0 1259.0 397 401 -1
400 -37.0 -174.0 1317.5 398 402 -1
401 61.0 -138.5 1259.5 399 403 -1
402 -37.5 -174.5 1317.5 400 404 -1
403 61.5 -138.5 1259.0 401 405 -1
404 -38.0 -175.0 1317.5 402 406 -1
405 62.0 -138.5 1259.0 403 407 -1
406 -38.5 -175.5 1317.5 404 408 -1
407 62.5 -138.5 1259.0 405 409 -1
408 -39.0 -176.0 1317.5 406 410 -1
409 63.0 -138.5 1259.0 407 411 -1
410 -39.5 -176.5 1317.5 408 412 -1
411 63.5 -138.0 1259.0 409 413 -1
412 -40.0 -177.0 1317.0 410 414 -1
413 64.0 -138.0 1259.0 411 415 -1
414 -40.5 -177.5 1317.0 412 -1 -1
415 64.5 -138.0 1259.0 413 416 -1
416 65.0 -138.0 1259.0 415 417 -1
417 65.5 -137.5 1259.5 416 418 -1
418 66.0 -137.5 1259.5 417 419 -1
419 66.5 -137.5 1259.5 418 420 -1
420 67.0 -137.5 1259.5 419 421 -1
421 67.5 -137.5 1259.5 420 422 -1
422 68.0 -137.5 1259.5 421 423 -1
423 68.5 -137.0 1259.5 422 424 -1
424 69.0 -137.0 1260.0 423 425 -1
425 69.5 -136.5 1260.0 424 426 -1
426 70.0 -136.5 1260.0 425 427 -1
427 70.5 -136.0 1260.5 426 428 -1
428 71.0 -136.0 1260.0 427 429 -1
429 71.5 -135.5 1260.5 428 430 -1
430 72.0 -135.5 1260.5 429 431 -1
431 72.5 -135.5 1261.0 430 -1 -1
