0 -11.0 -167.5 1255.5 -1 1 -1
1 -10.894368909721313 -167.47291588718983 1255.6440048505194 0 2 -1
2 -10.790404462842618 -167.4453978772457 1255.7891745700508 1 3 -1
3 -10.68816084266909 -167.4174171597565 1255.935473602347 2 4 -1
4 -10.587672289343155 -167.3889624736367 1256.0828929288416 3 5 -1
5 -10.488972390813755 -167.36002254537973 1256.231421980466 4 6 -1
6 -10.392095895590208 -167.33058557996299 1256.381049750092 5 7 -1
7 -10.297074157273823 -167.30064048862337 1256.531762096381 6 8 -1
8 -10.203940346158916 -167.27017545028187 1256.6835448952777 7 9 -1
9 -10.112726154615016 -167.23917879370453 1256.836382109934 8 10 -1
10 -10.023462174169232 -167.20763887967087 1256.9902560949886 9 11 -1
11 -9.936178441076411 -167.17554393081 1257.145147939511 10 12 -1
12 -9.850902864863125 -167.14288245507933 1257.3010367338004 11 13 -1
13 -9.76766398672366 -167.1096424474817 1257.4579009951337 12 14 -1
14 -9.686487166142747 -167.07581245046055 1257.6157168819382 13 15 -1
15 -9.60739761074083 -167.0413806733469 1257.7744597211781 14 16 -1
16 -9.530418704668133 -167.00633544710823 1257.9341032903587 15 17 -1
17 -9.455571912881684 -166.97066523505868 1258.0946198868548 16 18 -1
18 -9.382876692399044 -166.9343586421777 1258.2559804043099 17 19 -1
19 -9.312351685428675 -166.89740403872938 1258.418154871961 18 20 -1
20 -9.244012060508442 -166.85979033456843 1258.5811115543204 19 21 -1
21 -9.177872960515087 -166.8215059212088 1258.7448182947376 20 22 -1
22 -9.113945294753313 -166.78253993018097 1258.9092411540223 21 23 -1
23 -9.052238817531846 -166.74288128105303 1259.0743455854006 22 24 -1
24 -8.992760808646763 -166.70251906695393 1259.240096090752 23 25 -1
25 -8.935516609292241 -166.66144236919664 1259.4064564822547 24 26 -1
26 -8.880508831534783 -166.6196404941221 1259.5733897686807 25 27 -1
27 -8.827736912603845 -166.57710311690977 1259.7408581935345 26 28 -1
28 -8.77719969746777 -166.5338194150659 1259.9088239391015 27 29 -1
29 -8.728891715799058 -166.48977929373376 1260.0772483740636 28 30 -1
30 -8.682805779154803 -166.44497251992757 1260.2460927630643 29 31 -1
31 -8.638932384026331 -166.39938891023107 1260.4153182146933 30 32 -1
32 -8.597259455196495 -166.35301841755648 1260.5848857352485 31 33 -1
33 -8.557772391157398 -166.30585111901192 1260.7547563433473 32 34 -1
34 -8.520454118465594 -166.25787720266206 1260.9248911795517 33 35 -1
35 -8.485285154221456 -166.2090869533356 1261.0952516103193 34 36 -1
36 -8.452244746823121 -166.15947031236203 1261.2657994019617 35 37 -1
37 -8.421308138352387 -166.1090179553054 1261.4364965685522 36 38 -1
38 -8.392449889027723 -166.05772000557084 1261.6073057230078 37 39 -1
39 -8.365641365452298 -166.00556705257594 1261.778189974754 38 40 -1
40 -8.340853372022943 -165.95254907489738 1261.9491130967747 39 41 -1
41 -8.318053046344078 -165.89865678124383 1262.120039510591 40 42 -1
42 -8.297206669184925 -165.84388043597593 1262.2909344014713 41 43 -1
43 -8.278278713376565 -165.788210280186 1262.4617637313506 42 44 -1
44 -8.261232073587925 -165.73163645076448 1262.6324942729898 43 45 -1
45 -8.246027723998704 -165.67414918005102 1262.8030936728962 44 46 -1
46 -8.232625233189166 -165.61573858597828 1262.9735304630904 45 47 -1
47 -8.220982881507108 -165.55639463849263 1263.1437740689328 46 48 -1
48 -8.211057828680683 -165.49610709255333 1263.3137947987618 47 49 -1
49 -8.20280562382747 -165.43486579741926 1263.483563928717 48 50 -1
50 -8.196180829213052 -165.37266039699998 1263.6530536393311 49 51 -1
51 -8.191136957408796 -165.30948039701735 1263.822237025066 50 52 -1
52 -8.187626552460124 -165.24531515474084 1263.9910880819373 51 53 -1
53 -8.185601851385195 -165.18015346007817 1264.1595815346334 52 54 -1
54 -8.185013172292097 -165.11398466747136 1264.3276932290778 53 55 -1
55 -8.185810535452077 -165.04679767337942 1264.4953997527189 54 56 -1
56 -8.187944042298179 -164.9785805803716 1264.6626782336884 55 57 -1
57 -8.191361732359917 -164.90932240716862 1264.8295070255208 56 58 -1
58 -8.196012218977588 -164.83901106747788 1264.9958648221448 57 59 -1
59 -8.20184295975699 -164.76763479431307 1265.161731228118 58 60 -1
60 -8.20880119406363 -164.6951813908331 1265.3270863851592 59 61 -1
61 -8.216833543341856 -164.62163862773335 1265.4919111094998 60 62 -1
62 -8.225886401364233 -164.5469938871885 1265.6561866706093 61 63 -1
63 -8.235905387082664 -164.47123480856644 1265.8198950648023 62 64 -1
64 -8.246836422914958 -164.39434806027134 1265.9830183339768 63 65 -1
65 -8.25862424162595 -164.31632120039652 1266.1455394726372 64 66 -1
66 -8.27121391612871 -164.23714078714383 1266.3074413862053 65 67 -1
67 -8.28454996796005 -164.1567935345366 1266.4687074349936 66 68 -1
68 -8.298576462304712 -164.07526632551853 1266.6293213927413 67 69 -1
69 -8.313237446887726 -163.99254549025807 1266.7892669849218 68 70 -1
70 -8.32847663521209 -163.90861730366936 1266.9485280941435 69 71 -1
71 -8.344237255571574 -163.82346844541848 1267.1070889629602 70 72 -1
72 -8.360462426446427 -163.73708524213583 1267.264933697496 71 73 -1
73 -8.377095010054932 -163.64945393590537 1267.4220463480146 72 74 -1
74 -8.394077595580827 -163.5605607070932 1267.5784108507353 73 75 -1
75 -8.411352380238188 -163.47039225383475 1267.7340113053353 74 76 -1
76 -8.428861376593932 -163.37893509237648 1267.8888314895505 75 77 -1
77 -8.446546321116834 -163.28617587920144 1268.0428549766186 76 78 -1
78 -8.464348675392921 -163.1921014547325 1268.1960650887727 77 79 -1
79 -8.482209628385927 -163.09669889047703 1268.3484448522386 78 80 -1
80 -8.5 -163.0 1268.5 79 81 82
81 -8.605531639540267 -162.89494950234976 1268.670418234205 80 83 -1
82 -8.373019171328785 -163.1314023054287 1268.5332624410062 80 84 -1
83 -8.71175298371806 -162.78992820492041 1268.8405084974145 81 85 -1
84 -8.244988622491354 -163.26177665426403 1268.5666693709097 82 86 -1
85 -8.818479581119812 -162.6849392414183 1269.0103021836806 83 87 -1
86 -8.11590152883164 -163.3910634685701 1268.60023650515 84 88 -1
87 -8.925708672322505 -162.57998372021694 1269.1797996945977 85 89 -1
88 -7.985750757633682 -163.51924164445373 1268.6339475994155 86 90 -1
89 -9.033437529270701 -162.47506274652696 1269.3490014335266 87 91 -1
90 -7.854529498897867 -163.64628987039774 1268.6677858988958 88 92 -1
91 -9.141661375040233 -162.3701772687112 1269.517909045949 89 93 -1
92 -7.722231285687479 -163.77218663711776 1268.7017341372966 90 94 -1
93 -9.250376789959981 -162.26532831355053 1269.6865234036732 91 95 -1
94 -7.588849999253462 -163.89691023100937 1268.735774537593 92 96 -1
95 -9.359581806739618 -162.16051701123595 1269.8548445316937 93 97 -1
96 -7.454379254853969 -164.02043803784048 1268.7698888432576 94 98 -1
97 -9.469272072386813 -162.0557442990835 1270.022873907924 95 99 -1
98 -7.318814232842179 -164.14274854575297 1268.8040582024917 96 100 -1
99 -9.579443624972338 -161.95101112604607 1270.190612808078 97 101 -1
100 -7.182149073085856 -164.26381844244983 1268.8382633112008 98 102 -1
101 -9.690093439167601 -161.84631850526196 1270.3580619694756 99 103 -1
102 -7.044379489374907 -164.38362551833498 1268.8724842923327 100 104 -1
103 -9.801219266907516 -161.74166751187263 1270.525221677844 101 105 -1
104 -6.905501072312718 -164.5021467479475 1268.9067007628037 102 106 -1
105 -9.912816098266616 -161.63705896540856 1270.6920939262607 103 107 -1
106 -6.76550990184981 -164.61935895899666 1268.9408918061372 104 108 -1
107 -10.024880513814686 -161.53249380834785 1270.85867977014 105 109 -1
108 -6.624402597953162 -164.735238879791 1268.975035977434 106 110 -1
109 -10.137410514713675 -161.4279731105244 1271.0249794145784 107 111 -1
110 -6.482176346143808 -164.84976315932428 1269.009111310323 108 112 -1
111 -10.250401778831066 -161.3234977105344 1271.19099451667 109 113 -1
112 -6.338828923145288 -164.96290838858965 1269.0430953251232 110 114 -1
113 -10.363850358287957 -161.21906846416957 1271.3567265345062 111 115 -1
114 -6.194358219807341 -165.07465048532575 1269.0769649767667 112 116 -1
115 -10.47775342762649 -161.11468632878396 1271.5221762569063 113 117 -1
116 -6.0487635329198755 -165.18496629905044 1269.1106967943474 114 118 -1
117 -10.59210832070899 -161.01035227332233 1271.6873443940303 115 119 -1
118 -5.902044018891173 -165.29383165331743 1269.1442667133288 116 120 -1
119 -10.706910281634398 -160.90606702921627 1271.8522329864213 117 121 -1
120 -5.754200161643323 -165.4012232080073 1269.1776502717842 118 122 -1
121 -10.822155908389465 -160.8018314563552 1272.0168432590117 119 123 -1
122 -5.605232600837569 -165.5071169326068 1269.2108224423343 120 124 -1
123 -10.937843548081116 -160.69764660811046 1272.1811753579193 121 125 -1
124 -5.455142840126744 -165.61148901206627 1269.2437577431547 122 126 -1
125 -11.053968186078334 -160.5935131407931 1272.3452315697841 123 127 -1
126 -5.3039333756043945 -165.7143160345031 1269.276430294706 124 128 -1
127 -11.17052628428434 -160.48943186266206 1272.5090132811065 125 129 -1
128 -5.151607310276844 -165.81557446319673 1269.308813748637 126 130 -1
129 -11.287515534175173 -160.3854037233407 1272.6725211212201 127 131 -1
130 -4.998168544679126 -165.91524088780162 1269.3408813360438 128 132 -1
131 -11.404932247493955 -160.2814294947164 1272.8357566180737 129 133 -1
132 -4.843621658119883 -166.01329184353307 1269.372605838106 130 134 -1
133 -11.522772255574294 -160.17750987019116 1272.9987216345608 131 135 -1
134 -4.68797253382828 -166.1097047347384 1269.4039598053423 132 136 -1
135 -11.64103267406825 -160.07364569526632 1273.1614172387665 133 137 -1
136 -4.531227794366157 -166.20445702973322 1269.434915412854 134 138 -1
137 -11.759710986210704 -159.96983785965494 1273.3238442831318 135 139 -1
138 -4.373394368685954 -166.29752556237008 1269.46544427663 136 140 -1
139 -11.878802474833767 -159.86608694184773 1273.4860050604493 137 141 -1
140 -4.214481267462522 -166.38888930282388 1269.4955181845335 138 142 -1
141 -11.998303787069005 -159.76239368864086 1273.6479010134158 139 143 -1
142 -4.054497216742678 -166.47852566526777 1269.5251081507672 140 144 -1
143 -12.11821333183489 -159.65875909327815 1273.8095324645244 141 145 -1
144 -3.893452967623107 -166.56641419720492 1269.5541854375829 142 146 -1
145 -12.238526023920691 -159.55518363532914 1273.970902024302 143 147 -1
146 -3.731359761005812 -166.65253414754338 1269.5827209106978 144 148 -1
147 -12.359238494148745 -159.45166802396201 1274.1320112183712 145 149 -1
148 -3.568229696633279 -166.7368650490646 1269.61068520367 146 150 -1
149 -12.480348682203113 -159.34821316003922 1274.2928607397564 147 151 -1
150 -3.4040761965131527 -166.81938755560506 1269.6380490141266 148 152 -1
151 -12.601852471023074 -159.2448196214095 1274.453452646655 149 153 -1
152 -3.2389136679289803 -166.9000829191263 1269.6647829756869 150 154 -1
153 -12.72374605351435 -159.14148801503904 1274.6137888219196 151 155 -1
154 -3.0727574720017024 -166.9789329654388 1269.6908576721644 152 156 -1
155 -12.846026956601003 -159.03821915042894 1274.7738702955744 153 157 -1
156 -2.9056240098189394 -167.05592029439708 1269.716243733884 154 158 -1
157 -12.968691922018662 -158.9350137036405 1274.933698634765 155 159 -1
158 -2.737530716869301 -167.13102832727319 1269.740911886608 156 160 -1
159 -13.091736762564963 -158.831872180824 1275.0932760444634 157 161 -1
160 -2.5684960540187296 -167.20424135350933 1269.764833001581 158 162 -1
161 -13.2151586433951 -158.728795301539 1275.252603860582 159 163 -1
162 -2.3985394949317396 -167.27554457661296 1269.787978146525 160 164 -1
163 -13.338955066300274 -158.62578383931154 1275.4116832157004 161 165 -1
164 -2.2276814590576963 -167.3449240471673 1269.8103185893153 162 166 -1
165 -13.463121516065495 -158.5228382012629 1275.5705166043444 163 167 -1
166 -2.055943323349438 -167.41236676010965 1269.8318258675506 164 168 -1
167 -13.587654842240402 -158.41995901878303 1275.7291056393558 165 169 -1
168 -1.8833476000002414 -167.47786115935318 1269.85247204787 166 170 -1
169 -13.712553217231596 -158.3171471615187 1275.8874510709957 167 171 -1
170 -1.7099176210849472 -167.54139654835222 1269.8722295095772 168 172 -1
171 -13.837811844869918 -158.21440293969744 1276.0455556530515 169 173 -1
172 -1.5356776128704224 -167.6029633529643 1269.8910710915309 170 174 -1
173 -13.963427492865767 -158.11172693593713 1276.2034211195366 171 175 -1
174 -1.3606526186378192 -167.66255304616834 1269.9089700905058 172 176 -1
175 -14.089398347405599 -158.00912000220217 1276.3610482730373 173 177 -1
176 -1.1848684441260768 -167.7201581153243 1269.9259002740685 174 178 -1
177 -14.215719949506298 -157.90658246618978 1276.5184397122107 175 179 -1
178 -1.0083519363561069 -167.77577296289925 1269.941836366401 176 180 -1
179 -14.342388901455534 -157.80411484512956 1276.6755973471365 177 181 -1
180 -0.8311305185926492 -167.82939284408965 1269.9567535687574 178 182 -1
181 -14.46940311888849 -157.70171791601584 1276.832522223323 179 183 -1
182 -0.6532322986983775 -167.88101428578014 1269.9706277966143 180 184 -1
183 -14.596758728807451 -157.59939208163863 1276.9892166124946 181 185 -1
184 -0.4746859913021982 -167.93063502192075 1269.9834356806418 182 186 -1
185 -14.724452098846548 -157.49713777646426 1277.145682647104 183 187 -1
186 -0.29552087062832616 -167.97825401351315 1269.9951546093012 184 188 -1
187 -14.852480908632796 -157.39495570490573 1277.301921592724 185 189 -1
188 -0.11576687861735185 -168.02387203042076 1270.0057630896847 186 190 -1
189 -14.980841803774567 -157.29284634256226 1277.457935434567 187 191 -1
190 0.06454568146493224 -168.06749086381282 1270.015240355787 188 192 -1
191 -15.1095309521364 -157.19081004384162 1277.6137265036216 189 193 -1
192 0.2453861064782328 -168.10911363986511 1270.02356657171 190 194 -1
193 -15.238545829252201 -157.0888474432764 1277.7692962638519 191 195 -1
194 0.42672335666113204 -168.14874482051562 1270.0307228675774 192 196 -1
195 -15.367883536863424 -156.98695908643487 1277.9246464521657 193 197 -1
196 0.6085261203474666 -168.18639020008135 1270.0366913726125 194 198 -1
197 -15.497540075195257 -156.88514525066293 1278.0797795755213 195 199 -1
198 0.7907628798220455 -168.22205689771204 1270.0414552452064 196 200 -1
199 -15.627512745345474 -156.7834065036397 1278.2346972756216 197 201 -1
200 0.9734019779806713 -168.2557533456867 1270.0449986998458 198 202 -1
201 -15.757799046885248 -156.6817434574694 1278.3894010774052 199 203 -1
202 1.1564117578343545 -168.28748885691587 1270.0473067638366 200 204 -1
203 -15.88839484216297 -156.5801563157369 1278.5438936423348 201 205 -1
204 1.339760446993012 -168.31727455665632 1270.0483658951737 202 206 -1
205 -16.019297285565123 -156.4786455826415 1278.6981767700775 203 207 -1
206 1.52341634065282 -168.34512283442967 1270.0481636808079 204 208 -1
207 -16.15050421971307 -156.377211932748 1278.8522518083646 205 209 -1
208 1.7073479809030359 -168.371046439405 1270.046688261076 206 210 -1
209 -16.28201139681537 -156.2758554995038 1279.0061215526453 207 211 -1
210 1.8915239529727346 -168.39506024769895 1270.0439295215124 208 212 -1
211 -16.413815850618416 -156.1745767273756 1279.159787941542 209 213 -1
212 2.0759132055227147 -168.41717933181317 1270.0398778346114 210 214 -1
213 -16.545915714983842 -156.0733763486105 1279.3132521790087 211 215 -1
214 2.260484888839293 -168.437420753374 1270.0345252995487 212 216 -1
215 -16.678306657987193 -155.97225443048953 1279.4665171747888 213 217 -1
216 2.445208592574959 -168.45580186058652 1270.0278646010863 214 218 -1
217 -16.8109856526327 -155.8712113716994 1279.619584963991 215 219 -1
218 2.6300543092222415 -168.47234090462848 1270.0198894422583 216 220 -1
219 -16.94395096898372 -155.7702479272179 1279.7724567114808 217 221 -1
220 2.8149924552916077 -168.48705767797105 1270.0105950327466 218 222 -1
221 -17.077198321239724 -155.66936413190933 1279.9251353499321 219 223 -1
222 3.0 -168.5 1270.0 220 224 225
223 -17.210724675791422 -155.5685603536113 1280.0776229722178 221 226 -1
224 3.0887343519533683 -168.34128163484326 1270.05080784137 222 227 -1
225 3.17019755104288 -168.5714071851002 1269.9094172523003 222 228 -1
226 -17.34452819389933 -155.46783730321673 1280.229920870785 223 229 -1
227 3.174510244983039 -168.18184254336063 1270.1048326600646 224 230 -1
228 3.339995895966627 -168.6414185072804 1269.816951116795 225 231 -1
229 -17.47860485695431 -155.3671950483497 1280.3820318475482 226 232 -1
230 3.2574301785225486 -168.0220256810693 1270.1621019876766 227 233 -1
231 3.5094370337349265 -168.7099427983427 1269.7227321001494 228 234 -1
232 -17.612951558546712 -155.2666339068404 1280.5339580967466 229 235 -1
233 3.3373861209409705 -167.86192430183144 1270.2226943699711 230 236 -1
234 3.678590150500827 -168.776891333007 1269.6268767918912 231 237 -1
235 -17.74756637361492 -155.1661545504379 1280.6857010218719 232 238 -1
236 3.4142663038595935 -167.7016405938863 1270.286688999585 233 239 -1
237 3.8475329649169376 -168.8422191885758 1269.5295437637635 234 240 -1
238 -17.882445505029047 -155.0657570724635 1280.8372633232916 235 241 -1
239 3.4879728343235206 -167.54128636023773 1270.3541465043413 236 242 -1
240 4.016337946956885 -168.90585149818256 1269.4308576020471 237 243 -1
241 -18.01758579584055 -154.96544174580896 1280.98864727953 238 244 -1
242 3.55839398389182 -167.38098217588487 1270.4251394219552 239 245 -1
243 4.185078662872371 -168.96769071635458 1269.3309294487176 240 246 -1
244 -18.15298525622953 -154.8652092085682 1281.1398543891198 241 247 -1
245 3.6254331120435386 -167.2208577959804 1270.499720907081 242 248 -1
246 4.353830504332246 -169.02768655624516 1269.22990247117 243 249 -1
247 -18.288640266351806 -154.76505957162072 1281.2908872792693 244 250 -1
248 3.6889949091431053 -167.06105156430917 1270.577940054367 245 251 -1
249 4.522667589687746 -169.08575280562664 1269.1278951518793 246 252 -1
250 -18.424547640046764 -154.6649930685071 1281.4417482962574 247 253 -1
251 3.748989967223386 -166.90171001695444 1270.6598373348784 248 254 -1
252 4.691667180006782 -169.14177920094687 1269.0250199459392 249 255 -1
253 -18.56070534346074 -154.56501030974394 1281.592439018204 250 256 -1
254 3.8053289632785807 -166.74298869187032 1270.7454508398832 251 257 -1
255 4.860901914538399 -169.19570631661918 1268.9214122135459 252 258 -1
256 -18.697109891214048 -154.46511141446462 1281.7429620266905 253 259 -1
257 3.8579464443802842 -166.58504708849168 1270.834792772673 254 260 -1
258 5.030448649992182 -169.24742369854084 1268.8171899079618 255 261 -1
259 -18.83375808841351 -154.36529658300643 1281.8933197197819 256 262 -1
260 3.9067699632728847 -166.4280538532614 1270.9278811627414 257 263 -1
261 5.200385238663692 -169.29681755636867 1268.7124768114054 258 264 -1
262 -18.970647877098187 -154.26556640501929 1282.043513740327 259 265 -1
263 3.95175082271526 -166.27217915344406 1271.0247098309164 260 266 -1
264 5.3707816324030615 -169.34380937463465 1268.607406211978 261 267 -1
265 -19.107775864826067 -154.16592099732878 1282.193546650871 262 268 -1
266 3.9928448712559232 -166.1175982607251 1271.1252681487097 263 269 -1
267 5.541721858903625 -169.38824072710696 1268.502105549037 264 270 -1
268 -19.245138867656294 -154.06636053382135 1282.3434208858928 265 271 -1
269 4.030022138774587 -165.96448800672 1271.2295322974132 266 272 -1
270 5.713273132183845 -169.43002328802797 1268.3967146654566 267 273 -1
271 -19.38273482266124 -153.9668855906688 1282.493138138781 268 274 -1
272 4.063267370382001 -165.81302506662897 1271.3374656577791 269 275 -1
273 5.885514260374047 -169.46900411578497 1268.291375843572 270 276 -1
274 -19.520560390085173 -153.8674962704772 1282.6427009785555 271 277 -1
275 4.092580333157038 -165.66338426738412 1271.4490194096277 272 278 -1
276 6.058517100825755 -169.50504571759538 1268.1862392004641 273 279 -1
277 -19.65861241585312 -153.76819272808342 1282.7921118613947 274 280 -1
278 4.117975891273567 -165.51573696485335 1271.5641333211713 275 281 -1
279 6.232352683153949 -169.53799669664676 1268.0814632661884 276 282 -1
280 -19.796888850407473 -153.6689755342918 1282.9413725178038 277 283 -1
281 4.139474988934817 -165.37025487022282 1271.6827445670551 278 284 -1
282 6.4070904029340845 -169.5676916776836 1267.977216393774 279 285 -1
283 -19.935386367742673 -153.56984476413567 1283.0904855475183 280 286 -1
284 4.157129397952083 -165.2270944735443 1271.804766347921 281 287 -1
285 6.582797687458307 -169.59394944366522 1267.87368003072 282 288 -1
286 -20.074101861784325 -153.4708005614967 1283.2394534144487 283 289 -1
287 4.170987916662582 -165.0864152579984 1271.9301187310941 284 290 -1
288 6.759527892420603 -169.6166105298115 1267.7710393589996 285 291 -1
289 -20.213033313832653 -153.37184350068958 1283.3882778736786 286 292 -1
290 4.181127771226042 -164.94835872346633 1272.0587015060662 287 293 -1
291 6.937352101645079 -169.63542021054604 1267.669517225057 288 294 -1
292 -20.352177374107434 -153.27297361428714 1283.5369615783916 289 295 -1
293 4.187627989144175 -164.81306456289474 1272.19041805609 290 296 -1
294 7.1163019340793445 -169.65022365863976 1267.5693198017423 291 297 -1
295 -20.49153100185293 -153.17419104405027 1283.6855069871237 292 298 -1
296 4.19058395091173 -164.68065951191662 1272.3251630847578 293 299 -1
297 7.296418731690949 -169.66078646271203 1267.4706893968812 294 300 -1
298 -20.631092225796117 -153.07549637749142 1283.8339158680267 295 301 -1
299 4.190103878972654 -164.5512578864069 1272.46282608103 296 302 -1
300 7.4777406245334666 -169.66682711920942 1267.3739051761759 297 303 -1
301 -20.770857636414167 -152.97688958821206 1283.9821909486714 298 304 -1
302 4.186303008513341 -164.4249653654704 1272.603296499911 299 305 -1
303 7.660266176321054 -169.6681453758954 1267.27922927557 300 306 -1
304 -20.910824274711597 -152.87837082546875 1284.130334670104 301 307 -1
305 4.179305263070032 -164.30187671682157 1272.7464624480492 302 308 -1
306 7.8439896359391525 -169.66448133512284 1267.1869647836716 303 309 -1
307 -21.050990232393456 -152.7799407005142 1284.2783488032355 304 310 -1
308 4.169240323915033 -164.18207786130952 1272.892213201476 305 311 -1
309 8.028883171108502 -169.65556852818884 1267.097437677378 306 312 -1
310 -21.191352005981887 -152.68159910975427 1284.4262361688309 307 313 -1
311 4.156247233047104 -164.06564092372616 1273.0404361264032 308 314 -1
312 8.214884281036811 -169.641170469998 1267.0109720000705 309 315 -1
313 -21.331906733717283 -152.58334622038504 1284.573999179487 310 316 -1
314 4.140468895117195 -163.95262909912148 1273.1910211714633 311 317 -1
315 8.401849893099348 -169.62128762220527 1266.9277327599825 312 318 -1
316 -21.472652584696732 -152.48518267883972 1284.7216395999542 313 319 -1
317 4.122051599484738 -163.84309679795444 1273.3438610703415 314 320 -1
318 8.5896103564176 -169.59603704249722 1266.847802902484 315 321 -1
319 -21.613585929274763 -152.38710828430325 1284.8691603604852 316 322 -1
320 4.101144529102749 -163.73708976180487 1273.4988515018103 317 323 -1
321 8.777998567401335 -169.56558407443103 1266.771233049662 318 324 -1
322 -21.75470409484992 -152.2891232713662 1285.016563786661 319 325 -1
323 4.0778988542828465 -163.63464579343488 1273.6558915575483 320 326 -1
324 8.966858368162562 -169.53010011059158 1266.6980658605114 321 327 -1
325 -21.89600510846942 -152.19122821960295 1285.16385177659 322 328 -1
326 4.052466934778505 -163.53579552134877 1273.8148840890024 323 329 -1
327 9.156043926637304 -169.48977483942468 1266.628327506959 324 330 -1
328 -22.03748541697283 -152.09342292348467 1285.311027236531 325 331 -1
329 4.0250016314050265 -163.44056317798965 1273.9757359432522 326 332 -1
330 9.345421371263145 -169.4448132640143 1266.5620283749022 327 333 -1
331 -22.179142513633302 -151.9957076844679 1285.4580924222666 328 334 -1
332 3.9956546155541717 -163.34896972005936 1274.1383591813897 329 335 -1
333 9.534869948139466 -169.3954259697326 1266.4991695449494 330 336 -1
334 -22.32097417195853 -151.89808295248528 1285.6050494307326 331 337 -1
335 3.9645790889652854 -163.26102732264627 1274.3026681088195 332 338 -1
336 9.72428262140158 -169.34184461930192 1266.4397296217644 333 339 -1
337 -22.462977011151473 -151.8005485695555 1285.7519010831888 334 340 -1
338 3.931926612765292 -163.17674511788456 1274.4685817978298 335 341 -1
339 9.913566998365063 -169.28430328112717 1266.3836781107696 336 342 -1
340 -22.60514867270765 -151.70310490512023 1285.8986495792092 337 343 -1
341 3.8978472710171506 -163.0961292697435 1274.6360236113908 338 344 -1
342 10.102645129065912 -169.22303900543554 1266.3309748350375 339 345 -1
343 -22.747486651858992 -151.60575225391275 1286.045297222427 340 346 -1
344 3.8624897144147883 -163.01918312367238 1274.8049208137413 341 347 -1
345 10.291453235691858 -169.15829047998838 1266.28157085719 342 348 -1
346 -22.889987750663398 -151.50849051950385 1286.1918467438682 343 349 -1
347 3.826000547877515 -162.9459095681833 1274.9752050103716 344 350 -1
348 10.47994123204401 -169.0902962338302 1266.2354099758331 345 351 -1
349 -23.032649767399654 -151.4113201545577 1286.3383002848361 346 352 -1
350 3.788525148132503 -162.8763092134028 1275.1468109532739 347 353 -1
351 10.668071945075589 -169.01929322987468 1266.1924294612857 348 354 -1
352 -23.175469897535645 -151.3142412709612 1286.4846603592157 349 355 -1
353 3.7502081247358507 -162.810377688728 1275.3196752982171 350 356 -1
354 10.855816154794596 -168.94551742287598 1266.1525379729046 351 357 -1
355 -23.31844513480404 -151.2172538488585 1286.6309296047739 352 358 -1
356 3.711191650566465 -162.74811245964182 1275.4937385981452 353 359 -1
357 11.043151672796665 -168.8692032626954 1266.1156081146723 354 360 -1
358 -23.461573440851684 -151.1203584404553 1286.7771101050594 355 361 -1
359 3.6716159773081807 -162.68951372072712 1275.6689449348514 356 362 -1
360 11.230068821418847 -168.79058066649847 1266.081506885408 357 363 -1
361 -23.604851693583008 -151.0235549449749 1286.9232045828667 358 364 -1
362 3.6316206233739146 -162.63457826159708 1275.8452395430313 359 365 -1
363 11.416569859894157 -168.7098743828956 1266.0500992325296 360 366 -1
364 -23.748277111638167 -150.926843451985 1287.0692155674255 361 367 -1
365 3.5913438132970272 -162.5833007641051 1276.022568993986 362 368 -1
366 11.602667930490133 -168.62730381674743 1266.0212489985026 363 369 -1
367 -23.891847745507764 -150.83022458036115 1287.2151451321627 364 370 -1
368 3.550922177038355 -162.53568129310756 1276.2008828559606 365 371 -1
369 11.78838604704644 -168.54308309539852 1265.9948196686041 366 372 -1
370 -24.035560220796196 -150.73369803490718 1287.3609961576976 367 373 -1
371 3.5104916508870914 -162.49172029298572 1276.3801317446566 368 374 -1
372 11.97375614554034 -168.45742134234376 1265.970674934047 369 375 -1
373 -24.1794121284603 -150.6372641331862 1287.5067709928328 370 376 -1
374 3.470187144389773 -162.45141271092515 1276.5602656104577 371 377 -1
375 12.15881820882135 -168.37052312799375 1265.9486790863857 372 378 -1
376 -24.323401313681337 -150.54092386191616 1287.6524721871272 373 379 -1
377 3.4301431020743522 -162.4147624188243 1276.7412368769521 374 380 -1
378 12.343619071547497 -168.2825874566237 1265.9287008777603 375 381 -1
379 -24.467525371440853 -150.44467924209832 1287.798103229532 376 382 -1
380 3.3904934006340186 -162.3817701757324 1276.9229970862696 377 383 -1
381 12.528212918848801 -168.19381315925278 1265.9106047579069 378 384 -1
382 -24.611782914254583 -150.3485332033694 1287.943667208613 379 385 -1
383 3.351370891877723 -162.3524344709035 1277.105496960325 380 386 -1
384 12.712659818587582 -168.1043965689949 1265.8942553930565 381 387 -1
385 -24.756171970292772 -150.25248826111883 1288.0891675213395 382 388 -1
386 3.3129099718106905 -162.32676534363443 1277.2886886667784 383 389 -1
387 12.897015814322222 -168.01450805632126 1265.8795508985193 384 390 -1
388 -24.900690457606398 -150.1565468236256 1288.234607608295 385 391 -1
389 3.2752425270708114 -162.3047602137029 1277.4725208310876 386 392 -1
390 13.081286400070326 -167.92418056647227 1265.866568376106 387 393 -1
391 -25.045337215359204 -150.06071206208202 1288.37999050094 388 394 -1
392 3.2385021461583046 -162.2864264929405 1277.6569424436386 389 395 -1
393 13.265454132924534 -167.83339545859417 1265.8554549586227 390 396 -1
394 -25.1901098323827 -149.9649861135673 1288.5253197947857 391 397 -1
395 3.202822295333076 -162.27177042446226 1277.8419003701079 392 398 -1
396 13.44949774515313 -167.74213556896058 1265.8463595050268 393 399 -1
397 -25.335006680505334 -149.86937176849156 1288.6705987401492 394 400 -1
398 3.1683348132951252 -162.2607935648548 1278.027338738598 395 401 -1
399 13.633391889233694 -167.6503856183937 1265.839432105157 396 402 -1
400 -25.480026214252707 -149.77387192396665 1288.8158305757715 397 403 -1
401 3.135175568985955 -162.25350913193546 1278.21320061769 398 404 -1
402 13.817106607369691 -167.55813193408048 1265.834826233697 399 405 -1
403 -25.625166178749858 -149.6784888064719 1288.9610188093272 400 406 -1
404 3.1034748720572694 -162.2499148777997 1278.3994245393765 401 407 -1
405 14.000606282142371 -167.46536150636217 1265.8327048549204 402 408 -1
406 -25.770425250244596 -149.5832255519932 1289.106166616979 403 409 -1
407 3.073368912363632 -162.2500233821724 1278.58594742501 404 410 -1
408 14.183852262212415 -167.37206872022523 1265.8332080371406 405 411 -1
409 -25.915801354712013 -149.4880845608528 1289.2512774422344 406 412 -1
410 3.044988433681534 -162.2538340249119 1278.7727016826543 407 413 -1
411 14.366799767045524 -167.27824837132258 1265.836486706045 408 414 -1
412 -26.061292622107068 -149.393068426988 1289.3963546526822 409 415 -1
413 3.0184679767241005 -162.2613543442214 1278.9596166259757 410 416 -1
414 14.549398560336106 -167.18389840549995 1265.8426905225872 411 417 -1
415 -26.20689769749324 -149.29818033803105 1289.5414014870498 412 418 -1
416 2.993938579860435 -162.2725844205275 1279.1466172511539 413 419 -1
417 14.731592785690456 -167.0890201659066 1265.8519671342076 414 420 -1
418 -26.352614258327755 -149.20342239366332 1289.6864214422928 415 421 -1
419 2.971532169205458 -162.2875259590048 1279.3336244659204 416 422 -1
420 14.913318469377172 -166.9936163100127 1265.864476439956 417 423 -1
421 -26.498440919939828 -149.1087977874944 1289.8314177877774 418 424 -1
422 2.9513782759317815 -162.30617628507355 1279.5205547531104 419 425 -1
423 15.094508377122258 -166.8976966990756 1265.8803551540893 420 426 -1
424 -26.644375714813687 -149.0143090356182 1289.9763939337904 421 427 -1
425 2.933605567161801 -162.3285313185774 1279.7073200616726 422 428 -1
426 15.275090647356555 -166.80127571003564 1265.8997305182145 423 429 -1
427 -26.790416741084826 -148.9199587223434 1290.1213532678455 424 430 -1
428 2.9183390065307853 -162.3545813911384 1279.8938279008787 425 431 -1
429 15.454986617994221 -166.70437047802642 1265.9227326123325 426 432 -1
430 -26.93656260962329 -148.82575013816887 1290.266299117205 427 433 -1
431 2.9057037019412766 -162.3843171745386 1280.0799808718182 428 434 -1
432 15.6341123510995 -166.60700241417445 1265.9494845110448 429 435 -1
433 -27.082811030116485 -148.73168535860214 1290.4112349243094 430 436 -1
434 2.8958154136221754 -162.41771687833912 1280.2656780307545 431 437 -1
435 15.812376540352544 -166.5091961941271 1265.9801114270565 432 438 -1
436 -27.229160649554277 -148.637767781947 1290.5561640417675 433 439 -1
437 2.888791623980456 -162.45476317775112 1280.4508130129766 434 440 -1
438 15.989683970601664 -166.41098166891965 1266.0147244906282 435 441 -1
439 -27.375609393225215 -148.54399978638892 1290.7010898842934 436 442 -1
440 2.8846653555202515 -162.49535673961276 1280.6352904519447 437 443 -1
441 16.165941258842224 -166.31239495344636 1266.0534023589043 438 444 -1
442 -27.522155518123025 -148.45038424328553 1290.8460158470577 439 445 -1
443 2.8834207027149277 -162.53935804856096 1280.8190272637064 440 446 -1
444 16.341048505700666 -166.2134744057303 1266.096227937106 441 447 -1
445 -27.668797396879594 -148.3569242456563 1290.9909453454413 442 448 -1
446 2.885041267431075 -162.58663028147896 1281.0019471007777 443 449 -1
447 16.51490368861623 -166.11426217248317 1266.1432715042286 444 450 -1
448 -27.815532863455612 -148.26362200729218 1291.1358817673815 445 451 -1
449 2.8895015127558197 -162.63702947267925 1281.1839829408286 446 452 -1
450 16.68740363193911 -166.0148038653158 1266.1945897995936 447 453 -1
451 -27.962360667506974 -148.17048132866265 1291.2808285890983 448 454 -1
452 2.896779464081738 -162.69041909827533 1281.3650731644495 449 455 -1
453 16.858445068682713 -165.91514815911705 1266.2502252443644 450 456 -1
454 -28.109278447401522 -148.07750408567415 1291.4257891676612 451 457 -1
455 2.906852638472716 -162.74666520347225 1281.5451622236897 452 458 -1
456 17.02793197448991 -165.81534264918002 1266.3101822217377 453 459 -1
457 -28.256284777674374 -147.9846938561735 1291.5707669976828 454 460 -1
458 2.9196984250615494 -162.80563674389703 1281.7242001413001 455 461 -1
459 17.195812025993085 -165.71541201655705 1266.3743079350359 456 462 -1
460 -28.403377619679798 -147.8920531054694 1291.7157654738733 457 463 -1
461 2.93529548346737 -162.86720680076402 1281.902141567892 458 464 -1
462 17.36205835111095 -165.6153678098277 1266.4423917170393 459 465 -1
463 -28.550555233478853 -147.79958489084268 1291.8607880589122 460 466 -1
464 2.9536199738053313 -162.93124902288523 1282.0789469622753 461 467 -1
465 17.526653812866627 -165.51521730287558 1266.5142276838574 462 468 -1
466 -28.697815846776624 -147.70729224876294 1292.0058382254035 463 469 -1
467 2.974650547623043 -162.9976422321981 1282.2545802336024 464 470 -1
468 17.6895898812612 -165.41496392082664 1266.5896159167498 465 471 -1
469 -28.84515746171163 -147.61517775072696 1292.1509193699392 466 472 -1
470 2.9983667455478815 -163.06626869466197 1282.4290089795725 467 473 -1
471 17.850865607198216 -165.314607624555 1266.6683631401586 468 474 -1
472 -28.992578511784245 -147.52324496383335 1292.2960350732335 469 475 -1
473 3.0247494226832354 -163.13701431075836 1282.602203940458 470 476 -1
474 18.010486643750284 -165.21414528690812 1266.7502832069874 471 477 -1
475 -29.14007679678986 -147.43149602293042 1292.4411886413698 472 478 -1
476 3.053781742767962 -163.2097691423256 1282.7741381664073 473 479 -1
477 18.16846432722504 -165.11357105366764 1266.835197416336 474 480 -1
478 -29.287650898866872 -147.33993497475706 1292.5863837836334 475 481 -1
479 3.0854458319617364 -163.2844247645678 1282.9447883096352 476 482 -1
480 18.324814826104785 -165.01287668419167 1266.9229346882005 477 483 -1
481 -29.435298500690877 -147.24856366687476 1292.7316237235768 478 484 -1
482 3.1197262799447296 -163.36087680483334 1283.1141326688455 479 485 -1
483 18.479553244838797 -164.91205140668032 1267.013339697287 480 486 -1
484 -29.58301817981561 -147.15738629525532 1292.8769122419808 481 487 -1
485 3.156609204883871 -163.4390240103521 1283.2821513249148 482 488 -1
486 18.632695088671294 -164.8110821465669 1267.1062677044556 483 489 -1
487 -29.730807655562632 -147.0664047930825 1293.0222525573774 484 490 -1
488 3.1960823196879535 -163.51876810661696 1283.4488258279116 485 491 -1
489 18.78427796708935 -164.7099560644202 1267.201551535023 486 492 -1
490 -29.87866540033545 -146.9756232426772 1293.167648456413 487 493 -1
491 3.2381381212275624 -163.6000153580668 1283.6141372231648 488 494 -1
492 18.9343305126234 -164.60865813676924 1267.2990498271477 489 495 -1
493 -30.02658921071522 -146.88504380050637 1293.3131031947287 490 496 -1
494 3.282766148449698 -163.68267186802686 1283.7780698897607 491 497 -1
495 19.08286279914069 -164.50716942081158 1267.398655123048 492 498 -1
496 -30.174577466049524 -146.79467045212283 1293.4586205612984 493 499 -1
497 3.3299579219424675 -163.76664655547034 1283.9406087651585 494 500 -1
498 19.229921435442947 -164.40547428027003 1267.5002173664873 495 501 -1
499 -30.32262799759805 -146.70450548528686 1293.604203831382 496 502 -1
500 3.3797105631600046 -163.85185252771532 1284.101737082787 497 503 -1
501 19.375537810074245 -164.30355447649708 1267.6036162386054 498 504 -1
502 -30.47073912820799 -146.6145528907042 1293.7498568204962 499 505 -1
503 3.432020790423797 -163.93820375061878 1284.2614394132668 500 506 -1
504 19.51972652204199 -164.2013877012961 1267.7087575783025 501 507 -1
505 -30.618908686118818 -146.5248149826184 1293.8955827939997 502 508 -1
506 3.4868836101970686 -164.02561471893077 1284.4197022805588 503 509 -1
507 19.662543619783534 -164.09895839585332 1267.8155034864756 504 510 -1
508 -30.767134969086626 -146.43529587194524 1294.0413856303876 505 511 -1
509 3.5443038192174914 -164.1140048398343 1284.5765074403382 506 512 -1
510 19.803994428768682 -163.99624056445384 1267.9237805685118 507 513 -1
511 -30.9154157698856 -146.34599778121571 1294.1872685430658 508 514 -1
512 3.6042790209544733 -164.20329152673108 1284.7318413315616 509 515 -1
513 19.944137317579912 -163.89321893002145 1268.0334607826035 510 516 -1
514 -31.063749387062707 -146.2569250703187 1294.3332355226485 511 517 -1
515 3.6668136344491367 -164.29339545840213 1284.8856869245417 512 518 -1
516 20.082979194289134 -163.78986594310115 1268.144475910478 513 519 -1
517 -31.21213355112132 -146.16807973791327 1294.479289675521 514 520 -1
518 3.7319138046151745 -164.3842382504465 1285.038026410139 515 521 -1
519 20.22057723179825 -163.6861666122916 1268.2567101315974 516 522 -1
520 -31.360566581353865 -146.07946653591623 1294.6254351667378 517 523 -1
521 3.7995824755091183 -164.4757411546282 1285.1888439724844 518 524 -1
522 20.35693423474838 -163.58209045092423 1268.3701042859755 519 525 -1
523 -31.509046168812144 -145.99108732446862 1294.771675022883 520 526 -1
524 3.8698326854047775 -164.56782818755343 1285.3381177215979 521 527 -1
525 20.49210614008897 -163.47762285820838 1268.4845525444161 522 528 -1
526 -31.65757053640414 -145.90294670925303 1294.9180133720806 523 529 -1
527 3.942667184470937 -164.66042127374058 1285.485831702784 524 530 -1
528 20.626107973063437 -163.3727361518748 1268.5999892481746 525 531 -1
529 -31.80613745947629 -145.81504705105544 1295.0644534195133 526 532 -1
530 4.018103917809397 -164.7534452806284 1285.6319603873606 527 533 -1
531 20.75897319168205 -163.2674087076616 1268.7163349445175 528 534 -1
532 -31.954745005909874 -145.7273924361946 1295.2109990899035 529 535 -1
533 4.096147535703404 -164.84682274679625 1285.7764857914997 530 536 -1
534 20.890738815539898 -163.16162100475054 1268.8335107126663 531 537 -1
535 -32.10339104987896 -145.63998595870652 1295.3576538850273 532 538 -1
536 4.176817256007146 -164.94047799849133 1285.9193802681145 533 539 -1
537 21.021414319604418 -163.0553414571065 1268.9514596932775 534 540 -1
538 -32.25207349646247 -145.5528309830091 1295.504421414707 535 541 -1
539 4.260122157342139 -165.03433382194447 1286.0606215723913 536 542 -1
540 21.151042818349683 -162.94855371465817 1269.070102961261 537 543 -1
541 -32.40079031485891 -145.465931533804 1295.6513055897833 538 544 -1
542 4.346081331805811 -165.1283132989427 1286.2001801422018 539 545 -1
543 21.279657218142972 -162.84124515337714 1269.1893783692626 540 546 -1
544 -32.54953925900884 -145.3792901230618 1295.7983096191128 541 547 -1
545 4.434708039758879 -165.22233847209492 1286.3380288714511 542 548 -1
546 21.407286443812055 -162.73341546919735 1269.3092406612336 543 549 -1
547 -32.698318356753404 -145.2929117060862 1295.94543784896 544 550 -1
548 4.526020337712454 -165.31633072102815 1286.474136199531 545 551 -1
549 21.53398416637642 -162.625078811035 1269.4296328987655 546 552 -1
550 -32.847125301441984 -145.20679853351524 1296.092693345502 547 553 -1
551 4.620035768745665 -165.41021033816068 1286.6084692851236 548 554 -1
552 21.659794865289005 -162.51624419172316 1269.5505053150089 549 555 -1
553 -32.995957988036054 -145.12095486397135 1296.2400801229537 550 556 -1
554 4.716769883202312 -165.50389667139277 1286.7409948510228 551 557 -1
555 21.784757047092548 -162.40691679996354 1269.6718125167363 552 558 -1
556 -33.14481421806589 -145.0353843638432 1296.3876019123431 553 559 -1
557 4.816244907785825 -165.59730714700987 1286.8716731617158 554 560 -1
558 21.908906082350782 -162.2970992447497 1269.7935112955229 555 561 -1
559 -33.293691719965594 -144.95008996448996 1296.5352620652889 556 562 -1
560 4.918473160192313 -165.69035879212262 1287.0004690032636 557 563 -1
561 22.032291266244844 -162.18680229897208 1269.9155529084248 558 564 -1
562 -33.44258835065748 -144.86507672424366 1296.683065001679 559 565 -1
563 5.023478314779657 -165.78296547993136 1287.127336985964 560 566 -1
564 22.15495204188079 -162.07603068102497 1270.0378945058121 561 567 -1
565 -33.59150176569049 -144.7803471300121 1296.831013830473 562 568 -1
566 5.131273353804713 -165.87504086034056 1287.252236480277 563 569 -1
567 22.276927335699472 -161.96478851664742 1270.1604942757256 564 570 -1
568 -33.740429705696656 -144.69590522245042 1296.979112439638 565 571 -1
569 5.2418752241549615 -165.9664960538541 1287.3751212925122 566 572 -1
570 22.398248867881854 -161.85307427753202 1270.2833133139918 567 573 -1
571 -33.889369892102344 -144.61175550418272 1297.1273649625969 568 574 -1
572 5.35530328849082 -166.05723916808873 1287.495940278826 569 575 -1
573 22.518961828688436 -161.7408959684898 1270.4063088893217 570 576 -1
574 -34.03831995532979 -144.52790076169472 1297.275774616107 571 577 -1
575 5.4715669046524065 -166.14717848840692 1287.6146462787021 572 578 -1
576 22.639104123701557 -161.62825647735002 1270.529441668031 573 579 -1
577 -34.18727756435181 -144.44434547556372 1297.4243455053045 574 580 -1
578 5.590680728522707 -166.23621835746616 1287.7311846425432 575 581 -1
579 22.758712695033992 -161.51515785589328 1270.6526731733247 576 582 -1
580 -34.33624033852381 -144.36109374030596 1297.5730815276252 577 583 -1
581 5.712657398809367 -166.324260641106 1287.8454982207693 578 584 -1
582 22.877824055318076 -161.40160171804774 1270.7759655325842 579 585 -1
583 -34.48520586492616 -144.27814872233876 1297.7219860589705 580 586 -1
584 5.837501235582718 -166.4112071658915 1287.9575322097412 581 587 -1
585 22.996471374205175 -161.28758612729328 1270.899281310512 582 588 -1
586 -34.63417171926695 -144.1955149992388 1297.8710632382094 583 589 -1
587 5.965217639874239 -166.49695632179092 1288.0672266235379 584 590 -1
588 23.11469269083587 -161.1731137836353 1271.0225830793308 585 591 -1
589 -34.78313543691662 -144.11319675712846 1298.020316984329 586 592 -1
590 6.095813454806902 -166.58140203491078 1288.1745153410034 587 593 -1
591 23.232524711312692 -161.05818649664104 1271.145834277204 588 594 -1
592 -34.93209454084696 -144.03119730519296 1298.1697507078866 589 595 -1
593 6.229281956804191 -166.66444064131966 1288.2793385261841 590 596 -1
594 23.350002416360773 -160.94280435586148 1271.2689987034485 591 597 -1
595 -35.08104651715336 -143.94952103313037 1298.3193684129797 592 598 -1
596 6.365617085818106 -166.74596457034107 1288.3816306694814 593 599 -1
597 23.46716047831106 -160.82696713272645 1271.392040377277 594 600 -1
598 -35.229988797489376 -143.86817279070885 1298.469174362497 595 601 -1
599 6.504808441900783 -166.82586434814706 1288.4813244648828 596 602 -1
600 23.584033286044686 -160.71067430167793 1271.51492346618 597 603 -1
601 -35.37891883826296 -143.7871557568587 1298.619171844385 598 604 -1
602 6.646843248822429 -166.90402715645985 1288.5783486617124 599 605 -1
603 23.700654150276105 -160.59392333588266 1271.6376113484362 600 606 -1
604 -35.527834042570746 -143.70647415251818 1298.7693647264873 601 607 -1
605 6.791695852913295 -166.98034350810983 1288.6726379776067 602 608 -1
606 23.817057133152442 -160.47671265802123 1271.7600675939204 603 609 -1
607 -35.67673173014787 -143.62613311199516 1298.9197574016164 604 610 -1
608 6.939338235949004 -167.05470105968027 1288.7641232945832 605 611 -1
609 23.933277146309898 -160.3590432162547 1271.8822573575294 606 612 -1
610 -35.82560925560358 -143.5461364004753 1299.0703534468978 607 613 -1
611 7.089735714711876 -167.1269872560345 1288.8527356243926 608 614 -1
612 24.049347683449685 -160.2409134825384 1272.0041446899231 609 615 -1
613 -35.97446394145927 -143.4664880208365 1299.2211565567864 610 616 -1
614 7.242849808463387 -167.1970870284187 1288.9384029218816 611 617 -1
615 24.165302083681514 -160.1223217328322 1272.1256934360822 612 618 -1
616 -36.123293058182206 -143.38719236137956 1299.3721706358235 613 619 -1
617 7.398628756490668 -167.2648908003001 1289.0210605920838 614 620 -1
618 24.281173555455727 -160.00326606710274 1272.2468671665983 615 621 -1
619 -36.272093762996555 -143.30825475800603 1299.523400144603 616 622 -1
620 7.557015015223279 -167.33028921578799 1289.1006439366226 617 623 -1
621 24.396995199893567 -159.8837444296438 1272.3676291089173 618 624 -1
622 -36.42086330234471 -143.22967897900364 1299.6748485838118 619 625 -1
623 7.717943801376538 -167.39317459164846 1289.1770899527778 620 626 -1
624 24.512800128057577 -159.76375178576833 1272.4879391399288 621 627 -1
625 -36.56959885609991 -143.15146933138868 1299.8265197549392 622 628 -1
626 7.881346835531388 -167.453437035346 1289.2503325529203 623 629 -1
627 24.62862171942245 -159.64328728805748 1272.607760582349 624 630 -1
628 -36.71829754968518 -143.07363037915763 1299.9784175950235 625 631 -1
629 8.047138825656834 -167.51097981498143 1289.320320962965 626 632 -1
630 24.744492942749677 -159.52234981321033 1272.7270564119408 627 633 -1
631 -36.86695643804705 -142.99616701641938 1300.130546224477 628 634 -1
632 8.215231074193868 -167.565706219767 1289.3870032603456 629 635 -1
633 24.860446703539942 -159.40093688310967 1272.8457877406122 630 636 -1
634 -37.015572515394744 -142.9190843008218 1300.2829098470984 631 637 -1
635 8.385532141006882 -167.61751773956595 1289.4503245980047 632 638 -1
636 24.976515906752685 -159.27904597647998 1272.9639149817817 633 639 -1
637 -37.16414286506497 -142.84238622490224 1300.4355119852992 634 640 -1
638 8.557932876977066 -167.66633558888847 1289.5102516203533 635 641 -1
639 25.092733473590403 -159.15667455453007 1273.0813977786986 636 642 -1
640 -37.31266445445199 -142.7660775364371 1300.5883566031782 637 643 -1
641 8.732327005341974 -167.71207394064842 1289.5667415887947 638 644 -1
642 25.209133299405696 -159.0338176359725 1273.19819139687 639 645 -1
643 -37.461134209125774 -142.69016303077692 1300.7414476709819 640 646 -1
644 8.908594308728102 -167.75466594446195 1289.6197715267822 641 647 -1
645 25.325747970017744 -158.91047194948348 1273.3142532005338 642 648 -1
646 -37.60954901196271 -142.6146475513359 1300.8947891646576 643 649 -1
647 9.086616532618477 -167.79403972286002 1289.669311422988 644 650 -1
648 25.442608219953378 -158.78663681592835 1273.4295441898203 645 651 -1
649 -37.757905626416104 -142.53953649562004 1301.048385384897 646 652 -1
650 9.26626315692965 -167.83014535009414 1289.7153534734111 647 653 -1
651 25.559745785308298 -158.66230915252945 1273.5440207559864 648 654 -1
652 -37.90620087836652 -142.4648345462989 1301.2022401569373 649 655 -1
653 9.447404135488553 -167.86293387667737 1289.7578890881493 650 656 -1
654 25.67719247692139 -158.53748598941564 1273.6576381326054 651 657 -1
655 -38.05443155844874 -142.39054641315278 1301.3563572936366 652 658 -1
656 9.629907091880115 -167.89236308319076 1289.7969151760938 653 659 -1
657 25.794981530384323 -158.4121626981705 1273.7703468829043 654 660 -1
658 -38.202594370953456 -142.31667713482457 1301.5107407872124 655 661 -1
659 9.813635139655485 -167.91840610548994 1289.8324429329175 656 662 -1
660 25.913147322527166 -158.28633403208667 1273.8820940548562 657 663 -1
661 -38.35068597304262 -142.24323180031405 1301.6653946329707 658 664 -1
662 9.998451386930697 -167.9410436169644 1289.8644894634513 659 665 -1
663 26.0317190987395 -158.16000173593108 1273.9928383763001 660 666 -1
664 -38.498702973833744 -142.17021554941172 1301.8203228287027 661 667 -1
665 10.184219218722028 -167.96026522364713 1289.8930791658681 662 668 -1
666 26.150729036266814 -158.03316367422192 1274.1025295290056 663 669 -1
667 -38.64664193347498 -142.0976335731221 1301.9755293740566 664 670 -1
668 10.370804128000103 -167.97606467705583 1289.9182388983643 665 671 -1
669 26.2702094622404 -157.90581795285613 1274.2111154419908 666 672 -1
670 -38.79449936221665 -142.02549111407316 1302.1310182698749 667 673 -1
671 10.558071372487424 -167.98845402515565 1289.9400120425285 668 674 -1
672 26.39020021124329 -157.7779559506378 1274.3185254936088 669 675 -1
673 -38.94227171947187 -141.95379346691422 1302.286793517506 670 676 -1
674 10.745890125377018 -167.99745139856512 1289.9584460983951 671 677 -1
675 26.51072716976555 -157.6495836616986 1274.4247195190208 672 678 -1
676 -39.08995536889355 -141.88254619572885 1302.442859258317 673 679 -1
677 10.934134636726224 -168.00307103319483 1289.9735830883258 674 680 -1
678 26.631822740712806 -157.52070059119472 1274.5296402799956 675 681 -1
679 -39.23754668334124 -141.8117545964513 1302.599219425911 676 682 -1
680 11.122681167852205 -168.00535326333843 1289.9854887812326 677 683 -1
681 26.753523433674317 -157.39130348730205 1274.6332195676325 678 684 -1
682 -39.385041997135275 -141.74142395853278 1302.7558779129818 679 685 -1
683 11.311412466478963 -168.00433375274332 1289.9942226281548 680 686 -1
684 26.875864650664155 -157.26139118240886 1274.7353896879224 681 687 -1
685 -39.532437558169796 -141.6715597864083 1302.9128387138626 682 688 -1
686 11.5 -168.0 1290.0 683 -1 -1
687 26.998872833379206 -157.13097008177328 1274.8361002217491 684 689 -1
688 -39.67972955876202 -141.6021676382695 1303.0701058194802 685 690 -1
689 27.122583821127154 -157.00003989124744 1274.9352775980506 687 691 -1
690 -39.826914134686916 -141.5332531263637 1303.2276832164682 688 692 -1
691 27.247036536090043 -156.86859951657433 1275.0328388492287 689 693 -1
692 -39.97398736420068 -141.46482191727645 1303.385574886252 690 694 -1
693 27.372253503434557 -156.7366597687725 1275.1287337497206 691 695 -1
694 -40.12094526706921 -141.39687973219017 1303.5437848040901 692 696 -1
695 27.49827477245632 -156.6042207883627 1275.2228706186138 693 697 -1
696 -40.26778380358774 -141.32943234712383 1303.7023169380866 694 698 -1
697 27.625131842330983 -156.4712894528248 1275.3151728580845 695 699 -1
698 -40.41449887360278 -141.26248559314809 1303.8611752481609 696 700 -1
699 27.75284825257491 -156.33787796563396 1275.4055777031367 697 701 -1
700 -40.561086315530616 -141.19604535657732 1304.0203636849817 698 702 -1
701 27.881472412892595 -156.20398634018426 1275.4939630299843 699 703 -1
702 -40.70754190537673 -141.13011757913648 1304.179886188862 700 704 -1
703 28.01101545534881 -156.06963551477793 1275.580285225703 701 705 -1
704 -40.853861355754596 -141.0647082581016 1304.339746688615 702 706 -1
705 28.14152343176181 -155.93483023222535 1275.6644174266382 703 707 -1
706 -41.0 -141.0 1304.5 704 708 709
707 28.273011748732834 -155.79959134924783 1275.7462969166916 705 710 -1
708 -41.10486335810638 -140.84151111372353 1304.575271391561 706 711 -1
709 -41.01711275505133 -141.1277012379105 1304.6507105340559 706 712 -1
710 28.405519212096213 -155.66393098402452 1275.8258014434816 707 713 -1
711 -41.21121148630213 -140.68435395004317 1304.6513926668101 708 714 -1
712 -41.03433369976263 -141.25667382066084 1304.8004480142806 709 715 -1
713 28.539061256266354 -155.52787269938747 1275.9028570268172 710 716 -1
714 -41.31911925055932 -140.52866293527867 1304.7283274360038 711 717 -1
715 -41.05158346650845 -141.38687361907293 1304.9491162860138 712 718 -1
716 28.673674220320745 -155.39143411245524 1275.9773331887766 713 719 -1
717 -41.428588885687084 -140.37447453946783 1304.8060774329153 714 720 -1
718 -41.06883459010425 -141.51830988345478 1305.0966923785397 715 721 -1
719 28.809365774275143 -155.25464488724776 1276.0491615799851 716 722 -1
720 -41.53962136512545 -140.2218251530928 1304.8846437565596 717 723 -1
721 -41.086058222805136 -141.65099228628313 1305.2431523347395 718 724 -1
722 28.946175942267235 -155.11752680848267 1276.1181859081084 719 725 -1
723 -41.65221726533733 -140.07075193461034 1304.9640273247965 720 726 -1
724 -41.10322425580433 -141.7849270943518 1305.3884746646727 721 727 -1
725 29.08409329409564 -154.9801204338275 1276.184375088383 722 728 -1
726 -41.76637599894047 -139.92129205882796 1305.044228476213 723 729 -1
727 -41.120301304563796 -141.92012067778154 1305.532637239626 724 730 -1
728 29.223117898203142 -154.84246873732138 1276.247675251077 725 731 -1
729 -41.882094816935535 -139.77348161028988 1305.1252464494396 726 732 -1
730 -41.137256557084854 -142.05657983480626 1305.6756169278542 727 733 -1
731 29.36322056756838 -154.70462293076653 1276.3081110524647 728 734 -1
732 -41.999369847579445 -139.62735657093958 1305.2070799279502 729 735 -1
733 -41.1540555904834 -142.19431189760127 1305.8173894079516 730 736 -1
734 29.504377985255037 -154.56663217798524 1276.365694901716 731 737 -1
735 -42.1181971560854 -139.48295399479952 1305.2897275988842 732 738 -1
736 -41.1706629674109 -142.33332023806278 1305.957933455809 733 739 -1
737 29.64658399480338 -154.4285443976199 1276.4203939243755 734 740 -1
738 -42.23856996036633 -139.34030888029585 1305.3731866952448 735 741 -1
739 -41.18704178022438 -142.47360852644312 1306.0972269398353 736 742 -1
740 29.789802623117428 -154.290410087092 1276.4722598442281 737 743 -1
741 -42.36048042538955 -139.19945603748195 1305.45745393823 738 744 -1
742 -41.203153773226724 -142.61517948293803 1306.235247987154 739 745 -1
743 29.93401686719198 -154.1522775598844 1276.5212950398136 740 746 -1
744 -42.48391949847907 -139.0604298577168 1305.5425254535896 741 747 -1
745 -41.2189575766987 -142.7580414335351 1306.3719682736637 742 748 -1
746 30.079215708392308 -154.0141962394139 1276.5674863706786 743 749 -1
747 -42.6088766429118 -138.92326392396606 1305.6283966339383 744 750 -1
748 -41.23441321755742 -142.90218985535185 1306.5073716675404 745 751 -1
749 30.225367330470092 -153.87621389147822 1276.6108838652635 746 752 -1
750 -42.73534078367438 -138.78799212888904 1305.71506264026 747 753 -1
751 -41.249476581481225 -143.04762949753118 1306.6414318057332 748 754 -1
752 30.372452491491597 -153.73837799655576 1276.651504624456 749 755 -1
753 -42.86329763145032 -138.6546451847728 1305.8025169921696 750 756 -1
754 -41.26410401860028 -143.19435737520277 1306.774129495559 751 757 -1
755 30.52046229934652 -153.6007384398576 1276.6893370679604 752 758 -1
756 -42.992732128568534 -138.5232535375577 1305.8907528589054 753 759 -1
757 -41.278247964716506 -143.34237617668842 1306.905438605269 754 760 -1
758 30.66936817622889 -153.46334051222775 1276.7244320649916 755 761 -1
759 -43.12362949864665 -138.39384882180502 1305.9797636206176 756 762 -1
760 -41.29186246748423 -143.49167916963628 1307.0353422246149 757 763 -1
761 30.819150585498434 -153.32623006003018 1276.7568169512222 758 764 -1
762 -43.25597056156729 -138.2664573431356 1306.069540387883 759 765 -1
763 -41.30489765179054 -143.6422646827895 1307.1638170185604 760 766 -1
764 30.969793196329217 -153.1894533489385 1276.7865123800163 761 767 -1
765 -43.38973794305784 -138.14110851622644 1306.1600752960733 762 768 -1
766 -41.31730166261066 -143.79413003922863 1307.2908395730678 763 769 -1
767 31.121284476760437 -153.05305870626165 1276.8135268484477 764 770 -1
768 -43.52491003983913 -138.01782622288204 1306.2513583026184 765 771 -1
769 -41.32902364871573 -143.94726623683783 1307.4163925918438 766 772 -1
770 31.27359948706534 -152.9170872856157 1276.8379147930204 767 773 -1
771 -43.66146595775119 -137.89663575491807 1306.3433798136 768 774 -1
772 -41.34000978566362 -144.10166603560518 1307.5404557041802 769 775 -1
773 31.426722022741142 -152.78158274799347 1276.8597067169883 770 776 -1
774 -43.79938320526704 -137.77756039713086 1306.4361294599935 771 777 -1
775 -41.35020486675597 -144.25732050760786 1307.663009300917 772 778 -1
776 31.580636491105118 -152.64658809142242 1276.8789345934713 773 779 -1
777 -43.938637212600106 -137.6606204103684 1306.5295958381237 774 780 -1
778 -41.35955237093138 -144.41421898343776 1307.7840345892898 775 781 -1
779 31.73533418126178 -152.5121505131123 1276.8956113441097 776 782 -1
780 -44.07920295579596 -137.54583541236593 1306.6237673793585 777 783 -1
781 -41.36799453800546 -144.5723490000832 1307.9035136474263 778 784 -1
782 31.89079497463445 -152.3783079954062 1276.909790554109 779 785 -1
783 -44.22105428834524 -137.4332232062156 1306.7186319937766 780 786 -1
784 -41.375472451425956 -144.7316962505939 1308.021429478371 781 787 -1
785 32.04700444754395 -152.24510078230156 1276.921510859915 782 788 -1
786 -44.36416401743661 -137.32279973580717 1306.8141771109827 783 789 -1
787 -41.38192612868539 -144.8922445358868 1308.1377660634982 784 790 -1
788 32.20394981535597 -152.1125690926186 1276.930808953011 785 791 -1
789 -44.5085039835513 -137.21457904903912 1306.910389722473 786 792 -1
790 -41.38729189669085 -145.05397848345604 1308.2525045941436 787 793 -1
791 32.36161903554961 -151.980752480687 1276.9377224606844 788 794 -1
792 -44.6540451428314 -137.10857326895572 1307.0072564252448 789 795 -1
793 -41.391509154704615 -145.21687626700097 1308.365633285048 790 796 -1
794 32.52000564315288 -151.84969530975025 1276.9422740081854 791 797 -1
795 -44.800757651642506 -137.00479257288995 1307.104763466329 792 798 -1
796 -41.39451580688629 -145.380915090053 1308.47714017824 793 799 -1
797 32.67909462364848 -151.71943150213724 1276.9445177036866 794 800 -1
798 -44.948610952741895 -136.9032451796234 1307.2028967879407 795 801 -1
799 -41.39624500769247 -145.54607361488726 1308.5870092971068 796 802 -1
800 32.83887557414341 -151.58999796680138 1276.9444956607013 797 803 -1
801 -45.09757386246772 -136.80393734450146 1307.3016420729343 798 804 -1
802 -41.39663320764898 -145.71232473685447 1308.6952310638833 799 805 -1
803 32.999339490364065 -151.46143172528832 1276.942247140067 800 806 -1
804 -45.24761465837216 -136.70687336237296 1307.4009847902516 801 807 -1
805 -41.39561588655323 -145.87963977309207 1308.8017963892437 802 808 -1
806 33.16047499107621 -151.33376730188814 1276.9377601693238 803 809 -1
807 -45.398701166732664 -136.61205557816263 1307.5009102400804 804 810 -1
808 -41.39312503468806 -146.0479900439754 1308.90669393273 805 811 -1
809 33.32226500267716 -151.20703719692438 1276.9309447690823 806 812 -1
810 -45.550801225105076 -136.51948526507798 1307.6014038103492 807 813 -1
811 -41.38909681713914 -146.2173414945551 1309.0099187183241 808 814 -1
812 33.48469274273264 -151.08128146179922 1276.921689342405 809 815 -1
813 -45.70388177284368 -136.4291604376444 1307.7024504625363 810 816 -1
814 -41.383464888067486 -146.38765955655174 1309.1114644062793 811 817 -1
815 33.64773172217509 -150.95653237202325 1276.9099072870135 812 818 -1
816 -45.857909653969934 -136.3410774093224 1307.8040351738978 813 819 -1
817 -41.37616104125938 -146.55890802687935 1309.2113247434916 814 820 -1
818 33.81135517798494 -150.83282853278732 1276.8955020017236 815 821 -1
819 -46.0128517343443 -136.2552309524096 1307.9061430006093 816 822 -1
820 -41.36712385416377 -146.73104486657567 1309.3095015981833 817 823 -1
821 33.97553344995234 -150.71021169871906 1276.878375087599 818 824 -1
822 -46.1686748477155 -136.1716140465089 1308.0087590428427 819 825 -1
823 -41.356286084065914 -146.90402915922263 1309.405992155399 820 826 -1
824 34.14023330567917 -150.58872604996319 1276.8584284796889 821 827 -1
825 -46.325346361108856 -136.0902192538374 1308.1118687700405 822 828 -1
826 -41.343581921375495 -147.0778170615198 1309.5007961810686 823 829 -1
827 34.305417746761876 -150.46841816528504 1276.8355648238366 824 830 -1
828 -46.4828327416032 -136.01103478003245 1308.215457177915 825 831 -1
829 -41.32895165980857 -147.2523604293144 1309.593919664731 826 832 -1
830 34.47104582987337 -150.34933696970413 1276.8096879004327 827 833 -1
831 -46.64110116324664 -135.93404851290398 1308.3195097143036 828 834 -1
832 -41.31233330132681 -147.42761054326667 1309.6853670950459 829 835 -1
833 34.637072712492525 -150.23153443258545 1276.7807012211742 830 836 -1
834 -46.80011905853119 -135.85924678466688 1308.4240120145903 831 837 -1
835 -41.29366641782618 -147.60351648154779 1309.7751448733484 832 838 -1
836 34.80345003214231 -150.11506879383595 1276.748500747167 833 839 -1
837 -46.95985429676753 -135.78661480606158 1308.5289500033728 834 840 -1
838 -41.27288919061145 -147.7800260234776 1309.863258885193 835 841 -1
839 34.97012247140647 -149.99999014964013 1276.713009533951 836 842 -1
840 -47.12027508222251 -135.71613628805315 1308.634309827666 837 843 -1
841 -41.24994799977264 -147.95708318155997 1309.9497218005863 838 844 -1
842 35.137031971490956 -149.88635574017007 1276.6741409595334 839 845 -1
843 -47.28134970620198 -135.64779247382313 1308.7400776903976 840 846 -1
844 -41.224789012805566 -148.13463095601307 1310.0345461363606 841 847 -1
845 35.3041160494263 -149.77422440619296 1276.6318122927923 842 848 -1
846 -47.44304719596682 -135.58156410164975 1308.8462402425864 843 849 -1
847 -41.19736044971319 -148.31261074140795 1310.11774596903 844 850 -1
848 35.4713078315862 -149.66365631870647 1276.5859453566895 845 851 -1
849 -47.605337101254676 -135.51743069732305 1308.9527844470094 846 852 -1
850 -41.167613282287995 -148.4909623469932 1310.1993372913778 847 853 -1
851 35.63853614580741 -149.55471266411604 1276.5364672122928 848 854 -1
852 -47.76818953487736 -135.45537064918256 1309.059697596517 849 855 -1
853 -41.13550145457392 -148.66962416648462 1310.279337990174 850 856 -1
854 35.80572567810499 -149.44745528467087 1276.4833108537043 851 857 -1
855 -47.93157520906115 -135.39536128354464 1309.1669673300887 852 858 -1
856 -41.10098209259527 -148.84853336220078 1310.35776781553 853 859 -1
857 35.97279719913511 -149.34194627503172 1276.4264159023342 854 860 -1
858 -48.09546546760028 -135.33737894010514 1309.2745816466881 855 861 -1
859 -41.064015211785026 -149.02762608612946 1310.434648040971 856 862 -1
860 36.13966728271184 -149.23825131714074 1276.36572153988 857 863 -1
861 -48.25983231392241 -135.28139904693086 1309.3825289169752 858 864 -1
862 -41.024562647859184 -149.2068376503513 1310.5100007136891 859 865 -1
863 36.30624852918228 -149.13643588259535 1276.301174675509 860 866 -1
864 -48.424648435184864 -135.22739619468518 1309.4907978929607 861 867 -1
865 -40.98259456978782 -149.3861025563725 1310.583852421785 862 868 -1
866 36.47245254988313 -149.03655384386752 1276.232751951052 863 869 -1
867 -48.58988722254467 -135.1753442097608 1309.599377715685 864 870 -1
868 -40.93808255008135 -149.56535511130042 1310.6562298507902 865 871 -1
869 36.63818795027836 -148.93866379592833 1276.1604256480591 866 872 -1
870 -48.75552278775808 -135.12521622602765 1309.7082579210191 867 873 -1
871 -40.89100215682904 -149.74452948168013 1310.7271612718582 868 874 -1
872 36.803361637044986 -148.84282206390478 1276.0841776454122 869 875 -1
873 -48.92152997628454 -135.07698475493237 1309.817428443686 870 876 -1
874 -40.841333058572204 -149.9235599392607 1310.79667646058 871 877 -1
875 36.96787948222143 -148.74908213243106 1276.0039998127743 872 878 -1
876 -49.08788437707532 -135.03062175371969 1309.9268796196127 873 879 -1
877 -40.789059105835236 -150.1023811111587 1310.8648066078954 874 880 -1
878 37.1316427658243 -148.65750517914014 1275.919874542361 875 881 -1
879 -49.254562329240706 -134.9860986915741 1310.03660218672 876 882 -1
880 -40.73416460505616 -150.28092812599894 1310.931581278049 877 883 -1
881 37.294555252948 -148.5681397838983 1275.831811691123 878 884 -1
882 -49.421540925791355 -134.94338661351253 1310.146587284261 879 885 -1
883 -40.67669766978314 -150.4591546073457 1310.9970351163543 880 886 -1
884 37.4565293527035 -148.48101270207837 1275.7398610000184 881 887 -1
885 -49.58879801465622 -134.90245620188483 1310.2568264508209 882 888 -1
886 -40.616756554408454 -150.63703438083184 1311.0612007417265 883 889 -1
887 37.61750764561961 -148.39608274570736 1275.6441801763149 884 890 -1
888 -49.756312381967284 -134.8632791831508 1310.3673118075444 885 891 -1
889 -40.55443803519819 -150.81454547330242 1311.1241105602246 886 892 -1
890 37.77745508503684 -148.31326831233238 1275.544979731409 887 893 -1
891 -49.924063200386335 -134.82582459262386 1310.478035523729 888 894 -1
892 -40.48983494356582 -150.99166894627905 1311.1857967578912 889 895 -1
893 37.936365679610404 -148.2324467080829 1275.4425223032092 890 896 -1
894 -50.09203054678911 -134.79006227524795 1310.5889902991619 891 897 -1
895 -40.42304851425364 -151.16839101734703 1311.2462979264003 892 898 -1
896 38.09424173601781 -148.15349923708897 1275.3370477362776 893 899 -1
897 -50.26019545301082 -134.75596390504685 1310.7001694774779 894 900 -1
898 -40.35416660789926 -151.34469897754676 1311.3056472018195 895 901 -1
899 38.251072670280145 -148.07634259044121 1275.2287264813508 896 902 -1
900 -50.42853925459721 -134.72349753608978 1310.8115663002059 897 903 -1
901 -40.283281150563546 -151.52058414151105 1311.3638815993868 898 904 -1
902 38.40688681597172 -148.0008388843715 1275.1178039541014 899 905 -1
903 -50.59704435683424 -134.69263439029058 1310.9231748049892 900 906 -1
904 -40.21048129812159 -151.69604046201903 1311.421038236891 901 907 -1
905 38.56169506790284 -147.92689054803975 1275.004451187521 902 908 -1
906 -50.765693607131325 -134.66334321595045 1311.034989060268 903 909 -1
907 -40.13585011399179 -151.87106346120373 1311.477152299406 904 910 -1
908 38.71552315050476 -147.85438486713127 1274.888853902653 905 911 -1
909 -50.934470759048104 -134.63559529282904 1311.147003810126 906 912 -1
910 -40.05947351586777 -152.0456521607297 1311.5322620370741 907 913 -1
911 38.868400664858974 -147.78321174870217 1274.7711855569216 908 914 -1
912 -51.10336000575894 -134.60935924140634 1311.259213783921 909 915 -1
913 -39.98143111739611 -152.21980670004007 1311.5864034417925 910 916 -1
914 39.02035723022608 -147.71326738406748 1274.651602740722 911 917 -1
915 -51.27234637173262 -134.5846061381389 1311.37161434612 912 918 -1
916 -39.901800525082855 -152.39352915696918 1311.6396125934618 913 919 -1
917 39.17142842051881 -147.64444570278903 1274.5302593930323 914 920 -1
918 -51.441415433104176 -134.561306186494 1311.4842010518662 915 921 -1
919 -39.82066116376 -152.56682451141364 1311.6919278647729 916 922 -1
920 39.321653762932364 -147.57664081560037 1274.4073039308528 917 923 -1
921 -51.61055336718199 -134.53942934095355 1311.5969697153491 918 924 -1
922 -39.73808181040175 -152.73969690813408 1311.743382429851 919 925 -1
923 39.47106467185062 -147.50976029719305 1274.2828586181986 920 926 -1
924 -51.77974698563391 -134.5189463824921 1311.7099165338263 921 927 -1
925 -39.654137261147454 -152.91215430287846 1311.794014100578 922 928 -1
926 39.61971223485235 -147.4436934390048 1274.157071568642 923 929 -1
927 -51.94898367447595 -134.49982827646534 1311.8230379924341 924 930 -1
928 -39.56889718455433 -153.08420511009112 1311.8438586227132 925 931 -1
929 39.76762513539766 -147.37835630186532 1274.030043277517 926 932 -1
930 -52.11825137901631 -134.48204630827922 1311.9363308691613 927 933 -1
931 -39.48242723554111 -153.25585828223166 1311.8929502172548 928 934 -1
932 39.914853623915576 -147.31364568915856 1273.9019039236953 929 935 -1
933 -52.28753858004642 -134.46557177723358 1312.0497921833055 930 936 -1
934 -39.39479114400722 -153.4271237986057 1311.9413227654172 931 937 -1
935 40.06144142621989 -147.24946815436402 1273.7727656851328 932 938 -1
936 -52.456834285352336 -134.4503761268376 1312.16341919964 933 939 -1
937 -39.30605397962906 -153.59801368223407 1311.989011785336 934 940 -1
938 40.2074205044638 -147.18574042273391 1273.6427182401171 935 941 -1
939 -52.62612801314288 -134.43643132463075 1312.2772094658158 936 942 -1
940 -39.21627650243239 -153.76853999106498 1312.036050882118 937 943 -1
941 40.352843196252095 -147.1223656649892 1273.511877300733 938 944 -1
942 -52.79540976441675 -134.4237098603808 1312.3911608019494 939 945 -1
943 -39.1255176981963 -153.93871552518385 1312.0824732427648 940 946 -1
944 40.49775153894743 -147.0592569060196 1273.3803389047066 941 947 -1
945 -52.9646700151176 -134.4121840242872 1312.5052711942972 942 948 -1
946 -39.03383485351596 -154.10855374435974 1312.128311627868 943 949 -1
947 40.6421822616952 -146.99632959010722 1273.248189635891 944 950 -1
948 -53.13389969611068 -134.40182659163185 1312.6195388739682 945 951 -1
949 -38.94128363299095 -154.27806869264543 1312.1735983678684 946 952 -1
950 40.786181175389125 -146.93349610935823 1273.1155254450643 947 953 -1
951 -53.30309017667574 -134.39261065050712 1312.7339622839218 948 954 -1
952 -38.84791806196535 -154.4472748926054 1312.218365301868 949 955 -1
953 40.929791575180815 -146.87067182880486 1272.982436402515 950 956 -1
954 -53.472233245052955 -134.38450966735877 1312.848540077925 951 957 -1
955 -38.75379063597215 -154.6161872915117 1312.2626437995366 952 958 -1
956 41.073054100322516 -146.80777333214758 1272.8490078963257 953 959 -1
957 -53.641321034679194 -134.3774984257385 1312.963271245885 954 960 -1
958 -38.658953100861794 -154.78482148132807 1312.306465219915 955 961 -1
959 41.216006253884 -146.74471475567077 1272.7153222963823 956 962 -1
960 -53.81034617074153 -134.37155001002063 1313.0781546776332 957 963 -1
961 -38.56345538466245 -154.95319320222498 1312.3498601840197 958 964 -1
962 41.35869282875284 -146.68141479844437 1272.581467156115 959 965 -1
963 -53.97930156864184 -134.36663938448706 1313.1931896590195 960 966 -1
964 -38.46734619588908 -155.12131849295628 1312.3928589181871 961 967 -1
965 41.50115353104119 -146.6177912757342 1272.4475248711306 962 968 -1
966 -54.148180495653776 -134.36274171196487 1313.3083756299184 963 969 -1
967 -38.37067310338769 -155.2892136493074 1312.4354912688498 964 970 -1
968 41.64342733387212 -146.55376130102778 1272.3135776277556 965 971 -1
969 -54.31697662043003 -134.35983172804507 1313.4237120768491 966 972 -1
970 -38.27348245757658 -155.45689512076248 1312.4777866161194 967 973 -1
971 41.785551851968194 -146.48923623813613 1272.1797095331492 968 974 -1
972 -54.48568384433032 -134.35788558820178 1313.5391988065157 969 975 -1
973 -38.17581976552549 -155.62437959867765 1312.5197740851552 970 976 -1
974 41.92756720685892 -146.4241390926156 1272.0460026967864 971 977 -1
975 -54.65429645241517 -134.35687894684708 1313.654835644097 972 978 -1
976 -38.07772983013852 -155.7916840154715 1312.5614826068795 973 979 -1
977 42.069499541214554 -146.35842604842762 1271.9125091518763 974 980 -1
978 -54.82280903046006 -134.35678784518586 1313.7706225588674 975 981 -1
979 -37.979256473392354 -155.958825369554 1312.602940707955 976 982 -1
980 42.21135253257937 -146.29212962403565 1271.7792198483621 977 983 -1
981 -54.9912162999113 -134.35758990046997 1313.886559863321 978 984 -1
982 -37.88044276372114 -156.12582076357106 1312.6441766312512 979 985 -1
983 42.35312635680556 -146.22528724417964 1271.6461191002188 980 986 -1
984 -55.159513463703085 -134.35926125597672 1314.0026476939383 981 987 -1
985 -37.781331091192456 -156.29268738268294 1312.685218358673 982 988 -1
986 42.494823384918895 -146.15794943802712 1271.513186391994 983 989 -1
987 -55.327695868829736 -134.36177938372958 1314.1188864739916 984 990 -1
988 -37.68196324175871 -156.45944247505165 1312.7260936346943 985 991 -1
989 42.63644521723163 -146.09015923179376 1271.3804035560436 986 992 -1
990 -55.49575910539017 -134.3651220737443 1314.2352767420987 987 993 -1
991 -37.58238047060995 -156.62610333425036 1312.7668299904774 988 994 -1
992 42.77799355461842 -146.02195896708292 1271.2477523834227 989 995 -1
993 -55.66369894049862 -134.3692677698264 1314.3518192125807 990 996 -1
994 -37.48262357466858 -156.79268728332184 1312.8074547684446 991 997 -1
995 42.919469683085225 -145.95338825647448 1271.1152151909675 992 998 -1
996 -55.83151148148738 -134.37419446602755 1314.4685145582746 993 999 -1
997 -37.38273292434261 -156.95921164220138 1312.8479951227343 994 1000 -1
998 43.060876723759336 -145.88449506150948 1270.9827715299873 995 1001 -1
999 -55.99919298901914 -134.37988087228064 1314.5853636244033 996 1002 -1
1000 -37.28274860764814 -157.12569374572914 1312.8884780953342 997 1003 -1
1001 43.20221704334072 -145.8153222721805 1270.8504023922817 998 1004 -1
1002 -56.1667399190996 -134.38630604115428 1314.7023673563872 999 1005 -1
1003 -37.18271067882051 -157.2921510139028 1312.9289307427025 1000 1006 -1
1004 43.34349290954559 -145.74591204764204 1270.718088742237 1001 1007 -1
1005 -56.3341489183296 -134.39344933215398 1314.8195267888066 1002 1008 -1
1006 -37.08265881800534 -157.45860075506403 1312.9693799078 1003 1009 -1
1007 43.48470655706387 -145.6763067084683 1270.58581117143 1004 1010 -1
1008 -56.5014168144487 -134.40129040847526 1314.936843040768 1005 1011 -1
1009 -36.98263259696605 -157.62506024196796 1313.0098523695287 1006 1012 -1
1010 43.6258613843177 -145.60655174211928 1270.4535496360397 1007 1013 -1
1011 -56.66854060720775 -134.40980923347504 1315.0543173114527 1008 1014 -1
1012 -36.88267154785544 -157.79154670050085 1313.0503748680005 1009 1015 -1
1013 43.766960175380696 -145.5366901989102 1270.3212845569424 1010 1016 -1
1014 -56.835517448679006 -134.41898611331163 1315.171950887526 1011 1017 -1
1015 -36.78281523638419 -157.95807730038294 1313.09097413304 1012 1018 -1
1016 43.90800537517995 -145.46676505748314 1270.1889959260093 1013 1019 -1
1017 -57.002344583920014 -134.4288018889205 1315.2897451927101 1014 1020 -1
1018 -36.68310370325753 -158.12466930222874 1313.131677172739 1015 1021 -1
1019 44.04899992526322 -145.3968205061533 1270.0566635707241 1016 1022 -1
1020 -57.16901953643812 -134.4392371237568 1315.407701577032 1017 1023 -1
1021 -36.583576550403926 -158.29133962792844 1313.1725105978555 1018 1024 -1
1022 44.189947076110414 -145.3269003908149 1269.9242678253254 1019 1025 -1
1023 -57.335539908349425 -134.45027293448572 1315.525821519765 1020 1026 -1
1024 -36.48427382813257 -158.45810519540893 1313.2135012369936 1021 1027 -1
1025 44.33084967777218 -145.25704826785932 1269.7917887994054 1022 1028 -1
1026 -57.50190343289846 -134.46189071713675 1315.6441065606616 1023 1029 -1
1027 -36.38523588535173 -158.62498281333504 1313.2546760006717 1024 1030 -1
1028 44.47171000259172 -145.18730999367335 1269.6592048813898 1025 1031 -1
1029 -57.668107817599115 -134.47407264866882 1315.7625584528403 1026 1032 -1
1030 -36.286503437302606 -158.79198916635127 1313.2960619043224 1027 1033 -1
1031 44.61253134232589 -145.11772887634947 1269.526497044984 1028 1034 -1
1032 -57.83415112403611 -134.4868003176298 1315.881178754429 1029 1035 -1
1033 -36.1881176333276 -158.9591407989521 1313.337686090601 1030 1036 -1
1034 44.753316428132415 -145.04834891002272 1269.3936455138473 1031 1037 -1
1035 -58.0 -134.5 1316.0 1032 -1 -1
1036 -36.090120577033325 -159.1264542846577 1313.379576158775 1033 1038 -1
1037 44.89406761456713 -144.97921636352882 1269.260629192726 1034 1039 -1
1038 -35.99255441697479 -159.2939457979362 1313.4217595159519 1036 1040 -1
1039 45.03478726678989 -144.91037784385566 1269.1274271597067 1037 1041 -1
1040 -35.895461717250015 -159.46163122405767 1313.4642636092149 1038 1042 -1
1041 45.175477964881516 -144.8418759962991 1268.9940211460766 1039 1043 -1
1042 -35.7988860232669 -159.6295263399577 1313.5071162813472 1040 1044 -1
1043 45.316141771813584 -144.77375640967952 1268.8603912366275 1041 1045 -1
1044 -35.70287299298414 -159.79764829346936 1313.550342270979 1042 1046 -1
1045 45.456780205137 -144.70607202683416 1268.7265137244212 1043 1047 -1
1046 -35.60747705046156 -159.96602349215593 1313.593947073621 1044 1048 -1
1047 45.59739531827283 -144.63886279887464 1268.5923726187975 1045 1049 -1
1048 -35.51275674695942 -160.1346817518079 1313.637929113002 1046 1050 -1
1049 45.73798848532912 -144.5721751218785 1268.4579485221218 1047 1051 -1
1050 -35.418772039133046 -160.30365280449837 1313.6822869025577 1048 1052 -1
1051 45.87856051899686 -144.5060642548141 1268.3232177774478 1049 1053 -1
1052 -35.32558442911821 -160.47296627470706 1313.7270190372226 1050 1054 -1
1053 46.01911242070905 -144.44057237761132 1268.1881641374637 1051 1055 -1
1054 -35.23325711412041 -160.64265165765644 1313.7721241660079 1052 1056 -1
1055 46.159644684075865 -144.3757452439248 1268.052769791229 1053 1057 -1
1056 -35.14185513851553 -160.8127382905639 1313.8176009626302 1054 1058 -1
1057 46.300157121002 -144.31164031276523 1267.917011516203 1055 1059 -1
1058 -35.05144554838993 -160.9832553159601 1313.863448093884 1056 1060 -1
1059 46.4406495753824 -144.24830188411028 1267.7808733504294 1057 1061 -1
1060 -34.962097548350755 -161.15423163614182 1313.9096641854815 1058 1062 -1
1061 46.581127429206965 -144.18575244772768 1267.6443558403203 1059 1063 -1
1062 -34.873882660312596 -161.3256958577594 1313.9562477850327 1060 1064 -1
1063 46.72160864453074 -144.12398143753825 1267.5074877756983 1061 1065 -1
1064 -34.78687488382899 -161.4976762254557 1314.003197321845 1062 1066 -1
1065 46.86211342800558 -144.06295569159263 1267.3703099184015 1063 1067 -1
1066 -34.701150857372284 -161.6702005433991 1314.0505110631923 1064 1068 -1
1067 47.00266199587351 -144.00264415900557 1267.2328612873882 1065 1069 -1
1068 -34.6167900197795 -161.84329608347238 1314.0981870667083 1066 1070 -1
1069 47.14327630835671 -143.94302993816382 1267.095175878487 1067 1071 -1
1070 -34.53387477086382 -162.01698947881195 1314.1462231285311 1068 1072 -1
1071 47.28397705351877 -143.88407670496764 1266.957294294501 1069 1073 -1
1072 -34.452492799638314 -162.19130747059475 1314.1946172022392 1070 1074 -1
1073 47.424785578037344 -143.8257552354913 1266.8192541348603 1071 1075 -1
1074 -34.372733864225275 -162.36627536069972 1314.243366497712 1072 1076 -1
1075 47.56572636211323 -143.76804780663286 1266.6810909290323 1073 1077 -1
1076 -34.294688300433776 -162.54191625567339 1314.2924671900062 1074 1078 -1
1077 47.70681955334823 -143.71091494560645 1266.5428445098319 1075 1079 -1
1078 -34.218452296533854 -162.7182529376377 1314.341915451033 1076 1080 -1
1079 47.8480891226152 -143.65433246035002 1266.4045518529433 1077 1081 -1
1080 -34.14413357379455 -162.89530960093714 1314.3917081589518 1078 1082 -1
1081 47.98955944473301 -143.59827396527015 1266.266251012044 1079 1083 -1
1082 -34.071828959233514 -163.07310320124157 1314.4418388382778 1080 1084 -1
1083 48.131251430011176 -143.54270423395323 1266.1279798384817 1081 1085 -1
1084 -34.00165261252694 -163.251653654636 1314.4923024999232 1082 1086 -1
1085 48.2731929363513 -143.4876018964017 1265.9897775473953 1083 1087 -1
1086 -33.93371617708357 -163.4309761985356 1314.5430921249051 1084 1088 -1
1087 48.415405075184026 -143.4329317559527 1265.8516818734597 1085 1089 -1
1088 -33.868139335276474 -163.61108480542535 1314.594200213575 1086 1090 -1
1089 48.55791302936131 -143.3786656820346 1265.713731852734 1087 1091 -1
1090 -33.80504191524798 -163.79198917436952 1314.645617579339 1088 1092 -1
1091 48.70074387100726 -143.32477649984943 1265.5759681494433 1089 1093 -1
1092 -33.74455793814688 -163.97369874714735 1314.6973348968895 1090 1094 -1
1093 48.843917757164064 -143.27122924774656 1265.4384273892122 1091 1095 -1
1094 -33.68681196898963 -164.15621500241218 1314.7493398493368 1092 1096 -1
1095 48.98746752172397 -143.2180005188125 1265.301155046102 1093 1097 -1
1096 -33.631943142057395 -164.33953839497195 1314.8016197256427 1094 1098 -1
1097 49.131411010404804 -143.16505379594156 1265.1641862823765 1095 1099 -1
1098 -33.58009807704912 -164.52366538820996 1314.8541602529915 1096 1100 -1
1099 49.27577952843865 -143.11236240872245 1265.0275668435577 1097 1101 -1
1100 -33.53141593820689 -164.7085842163507 1314.906944304483 1098 1102 -1
1101 49.42059553373473 -143.05989361778938 1264.8913359030423 1099 1103 -1
1102 -33.486046524931865 -164.89427927030877 1314.959953349521 1100 1104 -1
1103 49.56588649394614 -143.00761718910346 1264.7555374279978 1101 1105 -1
1104 -33.44414292513468 -165.08072858138547 1315.0131666355228 1102 1106 -1
1105 49.711679040965436 -142.95550204706174 1264.620215388651 1103 1107 -1
1106 -33.40586092095706 -165.26790323072464 1315.0665610340495 1104 1108 -1
1107 49.85799730166305 -142.9035161960374 1264.4854120470895 1105 1109 -1
1108 -33.37135826446699 -165.45576676599026 1315.1201108974662 1106 1110 -1
1109 50.00487105166228 -142.85162870318106 1264.3511761105665 1107 1111 -1
1110 -33.3407938145889 -165.64427464060995 1315.1737879315165 1108 1112 -1
1111 50.152322135834545 -142.79980700970748 1264.21754909637 1109 1113 -1
1112 -33.31432652893818 -165.83337369365546 1315.2275610898969 1110 1114 -1
1113 50.30038182257781 -142.7480194441935 1264.0845834652816 1111 1115 -1
1114 -33.2921143075254 -166.02300169102764 1315.2813964975553 1112 1116 -1
1115 50.44907130773451 -142.69623344167587 1263.952321911982 1113 1117 -1
1116 -33.27431268953719 -166.21308695091452 1315.3352574098903 1114 1118 -1
1117 50.59842106754752 -142.64441639251766 1263.8208186574527 1115 1119 -1
1118 -33.2610734096053 -166.40354807823996 1315.3891042152948 1116 1120 -1
1119 50.74845385068433 -142.592535609725 1263.6901205375707 1117 1121 -1
1120 -33.25254282607983 -166.5942938337927 1315.4428944884107 1118 1122 -1
1121 50.899196428138346 -142.54055806261863 1263.5602804383536 1119 1123 -1
1122 -33.248866696135295 -166.78522326077623 1315.4965829083403 1120 1124 -1
1123 51.05067584577576 -142.4884501309656 1263.4313534237504 1121 1125 -1
1124 -33.250172772340704 -166.97622527408916 1315.5501217518156 1122 1126 -1
1125 51.20291165701396 -142.43617962264463 1263.3033867530278 1123 1127 -1
1126 -33.25657779319086 -167.16717985863886 1315.6034611242833 1124 1128 -1
1127 51.355938440670236 -142.3837104667734 1263.1764490071796 1125 1129 -1
1128 -33.26818879887658 -167.35795859605037 1315.656549115091 1126 1130 -1
1129 51.50976747155966 -142.3310123741888 1263.0505803226395 1127 1131 -1
1130 -33.28509855800511 -167.54842544090664 1315.7093322446408 1128 1132 -1
1131 51.66443552639398 -142.27804745568218 1262.9258571030045 1129 1133 -1
1132 -33.307390891913315 -167.738437064294 1315.7617553886112 1130 1134 -1
1133 51.81995553420495 -142.22478481841762 1262.8023258802934 1131 1135 -1
1134 -33.33511952112886 -167.9278459580904 1315.8137636496433 1132 1136 -1
1135 51.97635104240064 -142.17119007227072 1262.6800500294266 1133 1137 -1
1136 -33.36832208077939 -168.11650113803563 1315.8653020665886 1134 1138 -1
1137 52.13365050549803 -142.11722600661815 1262.5591034769923 1135 1139 -1
1138 -33.40701827911111 -168.3042497140438 1315.9163160846635 1136 1140 -1
1139 52.2918626914873 -142.0628632993891 1262.4395338894462 1137 1141 -1
1140 -33.4511470901 -168.49095497741826 1315.9667468020536 1138 1142 -1
1141 52.45101548262007 -142.0080639810253 1262.3214208212949 1139 1143 -1
1142 -33.50051503977365 -168.6765197186311 1316.0165279197922 1140 1144 -1
1143 52.611124900347534 -141.95279467271772 1262.2048295931231 1141 1145 -1
1144 -33.5549105800836 -168.86086468775562 1316.065597705446 1142 1146 -1
1145 52.77220064575348 -141.8970250641089 1262.0898184122432 1143 1147 -1
1146 -33.614121185707106 -169.04392452454422 1316.1139003441178 1144 1148 -1
1147 52.93426700398653 -141.8407165714112 1261.9764735810836 1145 1149 -1
1148 -33.67793532923994 -169.22564685360518 1316.1613857154382 1146 1150 -1
1149 53.09733346504315 -141.78383771133815 1261.864861391543 1147 1151 -1
1150 -33.74615220731692 -169.40598856750074 1316.2080073727532 1148 1152 -1
1151 53.26140594707059 -141.72635888354418 1261.7550454770267 1149 1153 -1
1152 -33.81856512620731 -169.58492032113307 1316.2537256491448 1150 1154 -1
1153 53.426499984558575 -141.66824399400085 1261.6471115224563 1151 1155 -1
1154 -33.89497024658937 -169.7624236763761 1316.2985063318106 1152 1156 -1
1155 53.592624565627574 -141.6094597977671 1261.5411392838823 1153 1157 -1
1156 -33.975189680512344 -169.938481350741 1316.342314397397 1154 1158 -1
1157 53.759776794041045 -141.5499802858682 1261.4371905060996 1155 1159 -1
1158 -34.05902526988712 -170.11309383511824 1316.3851254655374 1156 1160 -1
1159 53.92795923331877 -141.4897752991549 1261.3353422929367 1157 1161 -1
1160 -34.14631430628455 -170.28625685515638 1316.426910675957 1158 1162 -1
1161 54.0971840125813 -141.4288062623817 1261.2356991714742 1159 1163 -1
1162 -34.236875394829035 -170.45798263335593 1316.4676517884386 1160 1164 -1
1163 54.26743618987758 -141.36705339548922 1261.1383148498967 1161 1165 -1
1164 -34.330550139650036 -170.62828173078972 1316.5073286110626 1162 1166 -1
1165 54.438709496174866 -141.30448998852444 1261.043266587314 1163 1167 -1
1166 -34.427191190699254 -170.79716677912575 1316.5459215637525 1164 1168 -1
1167 54.610997644415804 -141.24108881337716 1260.9506383597495 1165 1169 -1
1168 -34.526644874827596 -170.96466036700616 1316.583418071347 1166 1170 -1
1169 54.78428675436071 -141.17685213680477 1260.8604860850544 1167 1171 -1
1170 -34.62877255632158 -171.1307842590514 1316.6198045319436 1168 1172 -1
1171 54.958538172632764 -141.11183286617518 1260.772783079695 1169 1173 -1
1172 -34.733442125969646 -171.29556272986454 1316.6550689699034 1170 1174 -1
1173 55.13372248767709 -141.04607846889277 1260.6875203970947 1171 1175 -1
1174 -34.84052784417782 -171.45902209790322 1316.6892008300576 1172 1176 -1
1175 55.30981466197328 -140.97963369462192 1260.6046977347382 1173 1177 -1
1176 -34.94991015032047 -171.6211903102124 1316.7221907894045 1174 1178 -1
1177 55.48678903953901 -140.91254463660084 1260.524310669639 1175 1179 -1
1178 -35.06147738950376 -171.78209542104838 1316.7540295010006 1176 1180 -1
1179 55.66461204266938 -140.84486335283535 1260.446328851784 1177 1181 -1
1180 -35.17512444107314 -171.94176580984367 1316.7847077872532 1178 1182 -1
1181 55.843257467050954 -140.77663670058467 1260.3707384531415 1179 1183 -1
1182 -35.29074514145879 -172.1002344229269 1316.814220918238 1180 1184 -1
1183 56.02270366605189 -140.7079091146945 1260.2975360520084 1181 1185 -1
1184 -35.40824251826114 -172.25753231663612 1316.8425626783521 1182 1186 -1
1185 56.202926976690534 -140.63872697258842 1260.2267095364457 1183 1187 -1
1186 -35.52753330975939 -172.41368502197173 1316.869721223849 1184 1188 -1
1187 56.38389861506768 -140.56913951254873 1260.1582270630547 1185 1189 -1
1188 -35.64852082888184 -172.5687296871977 1316.895697070193 1186 1190 -1
1189 56.565595793522576 -140.49919242492447 1260.0920714228284 1187 1191 -1
1190 -35.7711312587422 -172.7226913083763 1316.9204781351243 1188 1192 -1
1191 56.74800035140933 -140.42892957961928 1260.0282374887013 1189 1193 -1
1192 -35.89527839649182 -172.87560564196687 1316.94406456881 1190 1194 -1
1193 56.93109100900822 -140.35839671079754 1259.9667071743067 1191 1195 -1
1194 -36.02089694086854 -173.02749647446925 1316.9664432110956 1192 1196 -1
1195 57.11484343592448 -140.28764029131997 1259.907448221785 1193 1197 -1
1196 -36.147909059760515 -173.1783983688938 1316.9876139787089 1194 1198 -1
1197 57.29923819155554 -140.21670461498005 1259.850441351703 1195 1199 -1
1198 -36.27624827524075 -173.32833993666947 1317.0075703740772 1196 1200 -1
1199 57.48426070742166 -140.14563302031397 1259.7956818552152 1197 1201 -1
1200 -36.405855462859115 -173.47734607770104 1317.0263013612146 1198 1202 -1
1201 57.669891613934546 -140.07447011636796 1259.7431451769617 1199 1203 -1
1202 -36.53666499948738 -173.62544809252861 1317.0438047947234 1200 1204 -1
1203 57.85611085283624 -140.0032598036748 1259.6928005701548 1201 1205 -1
1204 -36.66861871793021 -173.77267327601157 1317.0600739569495 1202 1206 -1
1205 58.042902067706436 -139.93204501085387 1259.644627756466 1203 1207 -1
1206 -36.801661056697085 -173.9190482691301 1317.0751017789776 1204 1208 -1
1207 58.230254230797776 -139.860869064388 1259.5986245552824 1205 1209 -1
1208 -36.93573869609654 -174.06459919071457 1317.0888810209492 1206 1210 -1
1209 58.418149164165776 -139.78977474639498 1259.5547586232815 1207 1211 -1
1210 -37.07080041867045 -174.2093516142778 1317.1014042443453 1208 1212 -1
1211 58.60657084170986 -139.71880398156986 1259.5130027568423 1209 1213 -1
1212 -37.20679697560237 -174.35333055022735 1317.1126637869488 1210 1214 -1
1213 58.79550560519497 -139.64799855933305 1259.4733365028865 1211 1215 -1
1214 -37.34368095897408 -174.4965604327479 1317.1226517402106 1212 1216 -1
1215 58.98494570451141 -139.57740277750935 1259.435761800738 1213 1217 -1
1216 -37.48140667970763 -174.63906511071423 1317.1313599287787 1214 1218 -1
1217 59.1748735090571 -139.50705647563765 1259.4002374299112 1215 1219 -1
1218 -37.61993005100209 -174.78086784206198 1317.1387798919634 1216 1220 -1
1219 59.36527663846628 -139.43700063212012 1259.3667413356636 1217 1221 -1
1220 -37.75920847705218 -174.9219912911049 1317.1449028669385 1218 1222 -1
1221 59.55614444631111 -139.36727689600212 1259.3352568754478 1219 1223 -1
1222 -37.89920074682114 -175.06245752833968 1317.1497197735114 1220 1224 -1
1223 59.74746966581501 -139.29792989516972 1259.3057806973934 1221 1225 -1
1224 -38.039866932631405 -175.20228803233135 1317.1532212002924 1222 1226 -1
1225 59.93923710551219 -139.22899706686454 1259.2782727364101 1223 1227 -1
1226 -38.18116829332873 -175.34150369331516 1317.155397392142 1224 1228 -1
1227 60.131436701925125 -139.16051913020377 1259.252713535059 1225 1229 -1
1228 -38.32306718177566 -175.4801248181915 1317.156238238768 1226 1230 -1
1229 60.32406056690725 -139.09253910439435 1259.2290921593699 1227 1231 -1
1230 -38.465528250020654 -175.6181697667805 1317.155729916118 1228 1232 -1
1231 60.51710049727217 -139.02510003675292 1259.2073952314472 1229 1233 -1
1232 -38.60851506378617 -175.7556583314253 1317.153862740765 1230 1234 -1
1233 60.710544328402236 -138.9582389307392 1259.187589583065 1231 1235 -1
1234 -38.75199205388828 -175.89260979643205 1317.150627032883 1232 1236 -1
1235 60.904383340031785 -138.89199654873372 1259.1696567436284 1233 1237 -1
1236 -38.89592506359629 -176.02904222558396 1317.1460111679119 1234 1238 -1
1237 61.098611529600625 -138.82641833264958 1259.153590497349 1235 1239 -1
1238 -39.04028211656086 -176.16497127762622 1317.1399977326125 1236 1240 -1
1239 61.29321992419864 -138.7615450083629 1259.139369844163 1237 1241 -1
1240 -39.185029160888526 -176.30041519784106 1317.1325774061452 1238 1242 -1
1241 61.48819847571353 -138.69741433469716 1259.126967642726 1239 1243 -1
1242 -39.330133358705595 -176.43539104638077 1317.123739021216 1240 1244 -1
1243 61.68353925926067 -138.63406763216076 1259.1163665158867 1241 1245 -1
1244 -39.47556396318854 -176.56991311713972 1317.1134638941166 1242 1246 -1
1245 61.87923713150652 -138.57155315517005 1259.1075629924944 1243 1247 -1
1246 -39.62128884230012 -176.70399754628963 1317.1017400791957 1244 1248 -1
1247 62.075282725152576 -138.50990985335514 1259.1005324090777 1245 1249 -1
1248 -39.76727619155916 -176.83766023268174 1317.0885565998535 1246 1250 -1
1249 62.27166706106676 -138.44917683477385 1259.0952517931798 1247 1251 -1
1250 -39.91349639340798 -176.9709132627531 1317.0738901249895 1248 1252 -1
1251 62.468382430526496 -138.38939648864417 1259.0917048388812 1249 1253 -1
1252 -40.05991750178732 -177.1037726511184 1317.0577327969563 1250 1254 -1
1253 62.665423394235056 -138.33061918260677 1259.0898879632678 1251 1255 -1
1254 -40.20650930221513 -177.2362511817341 1317.040066428029 1252 1256 -1
1255 62.86278070644678 -138.27288467890557 1259.0897782249103 1253 1257 -1
1256 -40.35324150018453 -177.36836115045264 1317.0208718622898 1254 1258 -1
1257 63.060445288433534 -138.21623301497976 1259.0913540593206 1255 1259 -1
1258 -40.5 -177.5 1317.0 1256 -1 -1
1259 63.25840902482952 -138.16070812478148 1259.094600096486 1257 1260 -1
1260 63.45666495217503 -138.10636025660213 1259.0995090509655 1259 1261 -1
1261 63.65520414456638 -138.05323422277198 1259.1060663690075 1260 1262 -1
1262 63.85400261091678 -138.0013175505377 1259.1142526472368 1261 1263 -1
1263 64.05301956617134 -137.95053151636324 1259.1240629456995 1262 1264 -1
1264 64.25221397677112 -137.90079003795483 1259.1354920377883 1263 1265 -1
1265 64.45154704339079 -137.85201384284284 1259.148548873189 1264 1266 -1
1266 64.65097872209725 -137.80410487956723 1259.163211847993 1265 1267 -1
1267 64.85047182595208 -137.75697381917627 1259.1794734927657 1266 1268 -1
1268 65.04999031427263 -137.71053074024198 1259.1973259925364 1267 1269 -1
1269 65.24949906388865 -137.6646865627511 1259.2167654487098 1268 1270 -1
1270 65.44896344575054 -137.61935101850753 1259.2377886701554 1269 1271 -1
1271 65.6483503489749 -137.57442895155418 1259.2603761586672 1270 1272 -1
1272 65.8476273551434 -137.5298288766947 1259.2845182184974 1271 1273 -1
1273 66.04676269266331 -137.48545921466547 1259.310204742905 1272 1274 -1
1274 66.24572387960889 -137.4412286650294 1259.3374345288903 1273 1275 -1
1275 66.4444801429731 -137.39704415407198 1259.3661925981028 1274 1276 -1
1276 66.64300160391868 -137.35281393861962 1259.3964624085725 1275 1277 -1
1277 66.84125800898161 -137.30844706359665 1259.428232296158 1276 1278 -1
1278 67.03921871973812 -137.2638524879621 1259.4614924611794 1277 1279 -1
1279 67.23685091080341 -137.2189367724988 1259.496240803466 1278 1280 -1
1280 67.43412684990219 -137.17361232816543 1259.532451748669 1279 1281 -1
1281 67.63101612379926 -137.12779035394823 1259.5701119142548 1280 1282 -1
1282 67.82748805288593 -137.0813828452365 1259.6092074251958 1281 1283 -1
1283 68.02350659346712 -137.03429474038654 1259.6497385100347 1282 1284 -1
1284 68.21904412370293 -136.986445232445 1259.6916765456913 1283 1285 -1
1285 68.41406893569352 -136.93774974198828 1259.7350050484663 1284 1286 -1
1286 68.60854813653303 -136.88812390425988 1259.7797086210612 1285 1287 -1
1287 68.80244170923348 -136.8374730151993 1259.8257851582428 1286 1288 -1
1288 68.9957219070504 -136.78572657269373 1259.8732015409814 1287 1289 -1
1289 69.1883541766906 -136.7328052827839 1259.9219393988767 1288 1290 -1
1290 69.38029853304707 -136.6786228891322 1259.9719879895422 1289 1291 -1
1291 69.57151774975841 -136.62310134240295 1260.0233277061193 1290 1292 -1
1292 69.76197970791259 -136.56617560950787 1260.0759288063784 1291 1293 -1
1293 69.95164389982195 -136.5077687093942 1260.1297739803829 1292 1294 -1
1294 70.14046491757261 -136.4477982972813 1260.1848495517904 1293 1295 -1
1295 70.3284127553839 -136.38621438536518 1260.2411180461852 1294 1296 -1
1296 70.51544326248667 -136.3229446188794 1260.2985605317583 1295 1297 -1
1297 70.7015091395071 -136.25791503296097 1260.3571585054565 1296 1298 -1
1298 70.88658057412457 -136.19108732213363 1260.4168717968375 1297 1299 -1
1299 71.07060432783719 -136.12238472457489 1260.477685119222 1298 1300 -1
1300 71.25354309334313 -136.05176314088206 1260.539564090734 1299 1301 -1
1301 71.43535866528036 -135.979180230861 1260.6024753745799 1300 1302 -1
1302 71.61599395716574 -135.90456492948437 1260.6664005687899 1301 1303 -1
1303 71.79542709992515 -135.8279100559635 1260.7312908869064 1302 1304 -1
1304 71.97358940954607 -135.7491327807748 1260.7971338139762 1303 1305 -1
1305 72.15046623862243 -135.6682437651811 1260.8638757798346 1304 1306 -1
1306 72.32598861513146 -135.5851675353417 1260.9315009048216 1305 1307 -1
1307 72.5 -135.5 1261.0 1306 -1 -1
