0 85.0 -125.5 850.5 -1 1 -1
1 84.5 -126.0 850.5 0 2 -1
2 84.0 -126.5 850.5 1 3 -1
3 83.5 -127.0 851.0 2 4 -1
4 83.0 -127.5 851.0 3 5 -1
5 82.5 -128.0 851.0 4 6 -1
6 82.5 -128.5 851.0 5 7 -1
7 82.0 -129.0 851.5 6 8 -1
8 82.0 -129.5 851.5 7 9 -1
9 82.0 -130.0 851.0 8 10 -1
10 82.0 -130.5 851.0 9 11 -1
11 82.0 -131.0 850.5 10 12 -1
12 81.5 -131.5 850.5 11 13 -1
13 81.5 -132.0 850.0 12 14 -1
14 81.5 -132.5 850.0 13 15 -1
15 81.0 -133.0 849.5 14 16 -1
16 81.0 -133.5 849.0 15 17 -1
17 81.0 -134.0 848.5 16 18 -1
18 81.0 -134.5 848.0 17 19 -1
19 80.5 -135.0 847.5 18 20 -1
20 80.0 -135.5 847.0 19 21 -1
21 80.0 -136.0 846.5 20 22 -1
22 79.5 -136.5 846.0 21 23 -1
23 79.0 -136.5 845.5 22 24 -1
24 79.0 -137.0 845.0 23 25 -1
25 78.5 -137.0 844.5 24 26 -1
26 78.5 -137.5 844.0 25 27 -1
27 78.0 -137.5 843.5 26 28 -1
28 78.0 -138.0 843.0 27 29 -1
29 77.5 -138.5 842.5 28 30 -1
30 77.0 -138.5 842.0 29 31 -1
31 77.0 -138.5 841.5 30 32 -1
32 76.5 -139.0 841.0 31 33 -1
33 76.0 -138.5 840.5 32 34 -1
34 75.5 -139.0 840.0 33 35 -1
35 75.0 -139.0 839.5 34 36 -1
36 74.5 -139.0 839.0 35 37 -1
37 74.0 -139.0 838.5 36 38 -1
38 73.5 -139.0 838.5 37 39 -1
39 73.0 -138.5 838.0 38 40 -1
40 72.5 -138.5 838.0 39 41 -1
41 72.0 -138.5 837.5 40 42 -1
42 71.5 -138.0 837.5 41 43 -1
43 71.0 -138.5 837.0 42 44 -1
44 70.5 -138.5 836.5 43 45 -1
45 70.0 -138.0 836.5 44 46 -1
46 69.5 -138.5 836.0 45 47 -1
47 69.0 -138.5 836.0 46 48 -1
48 68.5 -138.0 836.0 47 49 -1
49 68.0 -137.5 836.0 48 50 -1
50 67.5 -137.5 835.5 49 51 -1
51 67.0 -137.5 835.5 50 52 -1
52 66.5 -137.5 835.5 51 53 -1
53 66.0 -137.0 835.5 52 54 -1
54 65.5 -136.5 835.5 53 55 -1
55 65.0 -136.5 835.5 54 56 -1
56 64.5 -136.5 835.5 55 57 -1
57 64.0 -136.5 835.5 56 58 -1
58 63.5 -136.0 835.0 57 59 -1
59 63.0 -136.0 835.0 58 60 -1
60 62.5 -136.0 835.5 59 61 -1
61 62.0 -135.5 835.0 60 62 -1
62 61.5 -135.0 835.0 61 63 -1
63 61.0 -135.0 835.5 62 64 -1
64 60.5 -135.0 835.5 63 65 -1
65 60.0 -135.0 836.0 64 66 -1
66 59.5 -134.5 836.0 65 67 -1
67 59.0 -134.5 836.5 66 68 -1
68 58.5 -134.5 836.5 67 69 -1
69 58.0 -134.5 837.0 68 70 -1
70 57.5 -134.0 837.5 69 71 -1
71 57.0 -134.0 837.5 70 72 -1
72 56.5 -133.5 838.0 71 73 -1
73 56.0 -133.5 838.0 72 74 -1
74 55.5 -133.0 838.5 73 75 -1
75 55.0 -132.5 839.0 74 76 -1
76 55.0 -132.5 839.5 75 77 -1
77 54.5 -132.0 840.0 76 78 -1
78 54.0 -131.5 840.5 77 79 -1
79 53.5 -131.0 841.0 78 80 -1
80 53.0 -131.0 841.5 79 81 -1
81 53.0 -131.0 842.0 80 82 -1
82 52.5 -130.5 842.5 81 83 -1
83 52.0 -130.5 843.0 82 84 -1
84 51.5 -130.5 843.5 83 85 -1
85 51.5 -130.0 844.0 84 86 -1
86 51.5 -130.0 844.5 85 87 -1
87 51.0 -130.0 845.0 86 88 -1
88 50.5 -130.0 845.5 87 89 -1
89 50.0 -130.0 846.0 88 90 -1
90 50.0 -130.0 846.5 89 91 -1
91 50.0 -130.0 847.0 90 92 -1
92 49.5 -130.0 847.5 91 93 -1
93 49.0 -130.0 848.0 92 94 -1
94 49.0 -130.0 848.5 93 95 -1
95 48.5 -130.0 849.0 94 96 -1
96 48.5 -130.0 849.5 95 97 -1
97 48.0 -130.0 850.0 96 98 -1
98 47.5 -130.5 850.5 97 99 -1
99 47.0 -130.0 851.0 98 100 -1
100 47.0 -130.0 851.5 99 101 -1
101 46.5 -130.0 852.0 100 102 -1
102 46.0 -130.0 852.5 101 103 -1
103 46.0 -129.5 853.0 102 104 -1
104 45.5 -130.0 853.5 103 105 -1
105 45.0 -130.0 854.0 104 106 -1
106 44.5 -130.0 854.5 105 107 -1
107 44.5 -130.0 855.0 106 108 -1
108 44.0 -130.0 855.5 107 109 -1
109 44.0 -130.5 856.0 108 110 -1
110 43.5 -130.5 856.5 109 111 -1
111 43.0 -130.5 857.0 110 112 -1
112 42.5 -131.0 857.5 111 113 -1
113 42.0 -131.0 858.0 112 114 -1
114 42.0 -131.5 858.5 113 115 -1
115 41.5 -131.5 859.0 114 116 -1
116 41.0 -132.0 859.5 115 117 -1
117 40.5 -132.5 860.0 116 118 -1
118 40.0 -133.0 860.5 117 119 -1
119 39.5 -133.5 861.0 118 120 -1
120 39.5 -134.0 861.5 119 121 -1
121 39.0 -134.5 861.5 120 122 -1
122 38.5 -135.0 862.0 121 123 -1
123 38.5 -135.5 862.5 122 124 -1
124 38.0 -136.0 862.5 123 125 -1
125 38.0 -136.5 863.0 124 126 -1
126 37.5 -137.0 863.0 125 127 -1
127 37.5 -137.5 863.0 126 128 -1
128 37.0 -138.0 863.5 127 129 -1
129 36.5 -138.5 863.5 128 130 -1
130 36.0 -139.0 863.5 129 131 -1
131 36.0 -139.5 863.5 130 132 -1
132 35.5 -140.0 863.5 131 133 -1
133 35.5 -140.5 863.5 132 134 -1
134 35.0 -141.0 863.5 133 135 -1
135 35.0 -141.5 863.5 134 136 -1
136 35.0 -142.0 863.5 135 137 -1
137 35.0 -142.5 863.5 136 138 -1
138 34.5 -143.0 863.5 137 139 -1
139 34.0 -143.5 863.5 138 140 -1
140 34.0 -144.0 863.0 139 141 -1
141 33.5 -144.5 863.5 140 142 -1
142 33.5 -145.0 863.0 141 143 -1
143 33.0 -145.5 863.0 142 144 -1
144 33.0 -146.0 862.5 143 145 -1
145 33.0 -146.5 863.0 144 146 -1
146 32.5 -147.0 862.5 145 147 -1
147 32.5 -147.5 862.0 146 148 -1
148 32.0 -148.0 862.0 147 149 -1
149 32.0 -148.5 861.5 148 150 -1
150 31.5 -149.0 861.5 149 151 -1
151 31.0 -149.5 861.5 150 152 -1
152 31.0 -150.0 861.0 151 153 -1
153 30.5 -150.5 861.5 152 154 -1
154 30.5 -151.0 861.0 153 155 -1
155 30.0 -151.5 861.0 154 156 -1
156 30.0 -152.0 860.5 155 157 -1
157 29.5 -152.5 860.5 156 158 -1
158 29.5 -153.0 860.0 157 159 -1
159 29.0 -153.5 860.0 158 160 -1
160 29.0 -154.0 859.5 159 161 -1
161 28.5 -154.5 859.5 160 162 -1
162 28.5 -155.0 859.0 161 163 -1
163 28.0 -155.5 858.5 162 164 -1
164 27.5 -156.0 858.0 163 165 -1
165 27.0 -156.5 858.0 164 166 -1
166 27.0 -157.0 857.5 165 167 -1
167 26.5 -157.5 857.5 166 168 -1
168 26.0 -158.0 857.0 167 169 -1
169 25.5 -158.5 857.0 168 170 -1
170 25.0 -159.0 856.5 169 171 -1
171 25.0 -159.5 856.0 170 172 -1
172 24.5 -160.0 856.0 171 173 -1
173 24.0 -160.5 855.5 172 174 -1
174 24.0 -161.0 855.0 173 175 -1
175 23.5 -161.5 855.0 174 176 -1
176 23.0 -162.0 854.5 175 177 -1
177 22.5 -162.5 854.5 176 178 -1
178 22.0 -162.5 854.5 177 179 -1
179 21.5 -163.0 854.0 178 180 -1
180 21.0 -163.5 854.0 179 181 -1
181 20.5 -164.0 853.5 180 182 -1
182 20.0 -164.5 853.5 181 183 -1
183 19.5 -164.5 853.0 182 184 -1
184 19.0 -165.0 853.0 183 185 -1
185 18.5 -165.5 853.0 184 186 -1
186 18.0 -165.5 852.5 185 187 -1
187 17.5 -166.0 852.5 186 188 -1
188 17.0 -166.0 852.5 187 189 -1
189 16.5 -166.5 852.0 188 190 -1
190 16.0 -166.5 852.0 189 191 -1
191 15.5 -167.0 852.0 190 192 -1
192 15.0 -167.0 852.0 191 193 -1
193 14.5 -167.5 851.5 192 194 -1
194 14.0 -167.5 851.5 193 195 -1
195 13.5 -168.0 851.5 194 196 -1
196 13.0 -168.0 851.5 195 197 -1
197 12.5 -168.0 851.5 196 198 -1
198 12.0 -168.5 851.5 197 199 -1
199 11.5 -168.5 851.5 198 200 -1
200 11.0 -169.0 851.5 199 201 -1
201 10.5 -169.0 851.5 200 202 -1
202 10.0 -169.0 851.5 201 203 -1
203 9.5 -169.5 851.5 202 204 -1
204 9.0 -169.5 851.5 203 205 -1
205 8.5 -169.5 851.5 204 206 -1
206 8.0 -170.0 851.0 205 207 -1
207 7.5 -170.0 851.0 206 208 -1
208 7.0 -170.0 851.0 207 209 -1
209 6.5 -170.0 851.0 208 210 -1
210 6.0 -170.0 851.0 209 211 -1
211 5.5 -170.0 851.0 210 212 -1
212 5.0 -170.0 851.0 211 213 -1
213 4.5 -170.0 851.0 212 214 -1
214 4.0 -170.0 851.0 213 215 -1
215 3.5 -170.0 851.0 214 216 -1
216 3.0 -170.0 851.0 215 217 -1
217 2.5 -170.0 851.0 216 218 -1
218 2.0 -170.0 851.0 217 219 -1
219 1.5 -170.0 851.0 218 220 -1
220 1.0 -170.0 851.0 219 221 -1
221 0.5 -170.0 851.0 220 222 -1
222 0.0 -170.0 851.0 221 223 -1
223 -0.5 -170.0 851.0 222 224 -1
224 -1.0 -170.0 851.0 223 225 -1
225 -1.5 -169.5 851.0 224 226 -1
226 -2.0 -169.5 851.0 225 227 -1
227 -2.5 -169.5 851.0 226 228 -1
228 -3.0 -169.5 851.0 227 229 -1
229 -3.5 -169.0 851.0 228 230 -1
230 -4.0 -169.0 851.0 229 231 -1
231 -4.5 -169.0 850.5 230 232 -1
232 -5.0 -169.0 850.5 231 233 -1
233 -5.5 -169.0 850.5 232 234 -1
234 -6.0 -168.5 850.5 233 235 -1
235 -6.5 -168.5 850.0 234 236 -1
236 -7.0 -168.5 850.0 235 237 -1
237 -7.5 -168.5 850.0 236 238 -1
238 -8.0 -168.0 850.0 237 239 -1
239 -8.5 -168.0 850.0 238 240 -1
240 -9.0 -168.0 850.0 239 241 -1
241 -9.5 -167.5 850.0 240 242 -1
242 -10.0 -167.5 850.0 241 243 -1
243 -10.5 -167.5 849.5 242 244 -1
244 -11.0 -167.5 849.5 243 245 -1
245 -11.5 -167.0 849.5 244 246 -1
246 -12.0 -166.5 849.5 245 247 -1
247 -12.5 -166.5 849.5 246 248 -1
248 -13.0 -166.5 849.5 247 249 -1
249 -13.5 -166.0 849.5 248 250 -1
250 -14.0 -165.5 849.5 249 251 -1
251 -14.5 -165.5 849.5 250 252 -1
252 -15.0 -165.0 850.0 251 253 -1
253 -15.5 -164.5 850.0 252 254 -1
254 -16.0 -164.5 849.5 253 255 -1
255 -16.5 -164.5 849.5 254 256 -1
256 -17.0 -164.5 849.0 255 257 258
257 -17.5 -164.0 849.5 256 259 -1
258 -16.5 -165.0 848.5 256 260 -1
259 -17.0 -163.5 850.0 257 261 -1
260 -16.5 -165.0 848.0 258 262 -1
261 -17.5 -163.0 850.0 259 263 -1
262 -16.5 -165.5 847.5 260 264 -1
263 -18.0 -162.5 850.0 261 265 -1
264 -16.5 -165.5 847.0 262 266 -1
265 -18.0 -162.0 850.5 263 267 -1
266 -16.5 -166.0 846.5 264 268 -1
267 -18.5 -161.5 851.0 265 269 -1
268 -16.0 -166.0 846.0 266 270 -1
269 -18.5 -161.0 851.0 267 271 -1
270 -15.5 -166.5 845.5 268 272 -1
271 -19.0 -160.5 851.5 269 273 -1
272 -15.5 -167.0 845.0 270 274 -1
273 -19.0 -160.0 852.0 271 275 276
274 -15.5 -167.0 844.5 272 277 -1
275 -18.5 -159.5 852.5 273 278 -1
276 -19.5 -159.0 852.5 273 279 -1
277 -15.5 -167.0 844.0 274 280 -1
278 -18.0 -159.5 852.5 275 281 -1
279 -19.5 -158.5 853.0 276 282 -1
280 -15.0 -167.5 843.5 277 283 -1
281 -17.5 -159.5 852.5 278 284 -1
282 -19.5 -158.5 853.5 279 285 -1
283 -15.0 -167.5 843.0 280 286 -1
284 -17.0 -159.5 852.5 281 287 -1
285 -20.0 -158.0 854.0 282 288 -1
286 -15.0 -168.0 842.5 283 289 -1
287 -16.5 -159.0 852.5 284 290 -1
288 -20.0 -157.5 854.0 285 291 -1
289 -14.5 -168.0 842.0 286 292 -1
290 -16.0 -159.0 852.5 287 293 -1
291 -20.0 -157.0 854.5 288 294 -1
292 -14.5 -168.5 841.5 289 295 -1
293 -15.5 -158.5 853.0 290 296 -1
294 -20.5 -156.5 855.0 291 297 -1
295 -14.5 -168.5 841.0 292 298 -1
296 -15.0 -158.5 853.0 293 299 -1
297 -20.5 -156.0 855.5 294 300 -1
298 -14.5 -169.0 840.5 295 301 -1
299 -14.5 -158.0 853.5 296 302 -1
300 -21.0 -156.0 856.0 297 303 -1
301 -14.5 -169.5 840.0 298 304 -1
302 -14.0 -157.5 854.0 299 305 -1
303 -21.0 -155.5 856.5 300 306 -1
304 -14.0 -169.5 839.5 301 307 -1
305 -13.5 -157.0 854.0 302 308 -1
306 -21.0 -155.0 857.0 303 309 -1
307 -14.5 -169.5 839.0 304 310 -1
308 -13.0 -157.0 854.0 305 311 -1
309 -21.5 -154.5 857.5 306 312 -1
310 -14.5 -170.0 838.5 307 313 -1
311 -12.5 -157.0 854.0 308 314 -1
312 -21.5 -154.0 858.0 309 315 -1
313 -14.5 -170.0 838.0 310 316 -1
314 -12.0 -156.5 854.5 311 317 -1
315 -21.5 -153.5 858.5 312 318 -1
316 -15.0 -170.0 837.5 313 319 -1
317 -11.5 -156.5 854.5 314 320 -1
318 -22.0 -153.0 859.0 315 321 -1
319 -14.5 -170.5 837.0 316 322 -1
320 -11.0 -156.0 855.0 317 323 -1
321 -22.5 -153.0 859.5 318 324 -1
322 -14.5 -170.5 836.5 319 325 -1
323 -10.5 -156.0 855.5 320 326 -1
324 -22.5 -152.5 860.0 321 327 -1
325 -14.5 -170.5 836.0 322 328 -1
326 -10.0 -155.5 856.0 323 329 -1
327 -22.5 -152.0 860.0 324 330 -1
328 -14.5 -171.0 835.5 325 331 -1
329 -9.5 -155.0 856.5 326 332 -1
330 -22.5 -151.5 860.5 327 333 -1
331 -14.5 -171.0 835.0 328 334 -1
332 -9.0 -155.0 856.5 329 335 -1
333 -23.0 -151.5 861.0 330 336 -1
334 -14.5 -171.0 834.5 331 337 -1
335 -8.5 -155.0 856.5 332 338 -1
336 -23.5 -151.0 861.5 333 339 -1
337 -14.5 -171.5 834.0 334 340 -1
338 -8.0 -155.0 857.0 335 341 -1
339 -23.5 -150.5 862.0 336 342 -1
340 -14.5 -171.5 833.5 337 343 -1
341 -8.0 -154.5 857.5 338 344 -1
342 -23.5 -150.0 862.5 339 345 -1
343 -14.0 -172.0 833.0 340 346 -1
344 -7.5 -154.0 858.0 341 347 -1
345 -23.5 -149.5 863.0 342 348 -1
346 -14.0 -172.0 832.5 343 349 -1
347 -7.5 -154.0 858.5 344 350 -1
348 -23.5 -149.0 863.5 345 351 -1
349 -14.0 -172.5 832.0 346 352 -1
350 -7.0 -153.5 859.0 347 353 -1
351 -24.0 -148.5 864.0 348 354 -1
352 -14.0 -172.5 831.5 349 355 -1
353 -7.0 -153.0 859.5 350 356 -1
354 -24.0 -148.0 864.5 351 357 -1
355 -14.0 -172.5 831.0 352 358 -1
356 -7.0 -152.5 860.0 353 359 -1
357 -24.5 -148.0 865.0 354 360 -1
358 -13.5 -172.5 830.5 355 361 -1
359 -7.0 -152.5 860.5 356 362 -1
360 -24.5 -147.5 865.5 357 363 -1
361 -13.5 -173.0 830.0 358 364 -1
362 -7.0 -152.0 861.0 359 365 -1
363 -24.5 -147.0 866.0 360 366 -1
364 -13.5 -173.0 829.5 361 367 -1
365 -6.5 -151.5 861.5 362 368 -1
366 -24.5 -146.5 866.5 363 369 -1
367 -13.0 -173.0 829.0 364 370 -1
368 -6.5 -151.0 862.0 365 371 -1
369 -25.0 -146.0 867.0 366 372 -1
370 -13.0 -173.5 828.5 367 373 -1
371 -6.5 -150.5 862.5 368 374 -1
372 -25.5 -145.5 867.5 369 375 -1
373 -13.0 -173.5 828.0 370 376 -1
374 -6.5 -150.0 863.0 371 377 -1
375 -26.0 -145.0 868.0 372 378 -1
376 -13.0 -173.5 827.5 373 379 -1
377 -7.0 -149.5 863.5 374 380 -1
378 -25.5 -145.0 868.5 375 381 -1
379 -12.5 -173.5 827.0 376 382 -1
380 -7.0 -149.0 864.0 377 383 -1
381 -26.0 -144.5 869.0 378 384 -1
382 -13.0 -174.0 826.5 379 385 -1
383 -7.0 -148.5 864.5 380 386 -1
384 -26.0 -144.0 869.5 381 387 -1
385 -13.0 -174.0 826.0 382 388 -1
386 -7.0 -148.0 865.0 383 389 -1
387 -26.5 -143.5 870.0 384 390 -1
388 -12.5 -174.0 825.5 385 391 -1
389 -7.0 -147.5 865.5 386 392 -1
390 -27.0 -143.0 870.5 387 393 -1
391 -12.5 -174.0 825.0 388 394 -1
392 -7.0 -147.5 866.0 389 395 -1
393 -27.0 -142.5 871.0 390 396 -1
394 -12.5 -174.5 824.5 391 397 -1
395 -7.0 -147.0 866.5 392 398 -1
396 -27.5 -142.0 871.5 393 399 -1
397 -12.5 -174.5 824.0 394 400 -1
398 -7.0 -146.5 867.0 395 401 -1
399 -28.0 -141.5 872.0 396 402 -1
400 -12.5 -174.5 823.5 397 403 -1
401 -7.5 -146.5 867.5 398 404 -1
402 -28.0 -141.0 872.5 399 405 -1
403 -12.5 -174.5 823.0 400 406 -1
404 -7.5 -146.0 868.0 401 407 -1
405 -28.5 -140.5 873.0 402 408 -1
406 -12.5 -175.0 822.5 403 409 -1
407 -7.5 -146.0 868.5 404 410 -1
408 -28.5 -140.0 873.5 405 411 -1
409 -12.5 -175.0 822.0 406 412 -1
410 -7.5 -145.5 869.0 407 413 -1
411 -29.0 -140.0 874.0 408 414 -1
412 -12.5 -175.0 821.5 409 415 -1
413 -7.5 -145.5 869.5 410 416 -1
414 -29.0 -139.5 874.5 411 417 -1
415 -12.5 -175.5 821.0 412 418 -1
416 -7.5 -145.5 870.0 413 419 -1
417 -29.5 -139.5 875.0 414 420 -1
418 -12.5 -175.5 820.5 415 421 -1
419 -7.5 -145.5 870.5 416 422 -1
420 -29.5 -139.0 875.5 417 423 -1
421 -12.5 -175.5 820.0 418 424 -1
422 -7.5 -145.5 871.0 419 425 -1
423 -30.0 -139.0 876.0 420 426 -1
424 -12.5 -175.5 819.5 421 427 -1
425 -7.5 -145.0 871.5 422 428 -1
426 -30.5 -139.0 876.5 423 429 -1
427 -12.0 -176.0 819.0 424 430 -1
428 -7.5 -145.5 872.0 425 431 -1
429 -31.0 -139.0 877.0 426 432 -1
430 -12.0 -176.0 818.5 427 433 -1
431 -7.5 -145.5 872.5 428 434 -1
432 -31.0 -138.5 877.5 429 435 -1
433 -12.0 -176.0 818.0 430 436 -1
434 -7.0 -145.5 873.0 431 437 -1
435 -31.5 -138.0 878.0 432 438 -1
436 -12.0 -176.0 817.5 433 439 -1
437 -6.5 -146.0 873.5 434 440 -1
438 -32.0 -138.0 878.5 435 441 -1
439 -12.0 -176.0 817.0 436 442 -1
440 -6.0 -146.0 874.0 437 443 -1
441 -32.5 -137.5 879.0 438 444 -1
442 -12.0 -176.0 816.5 439 445 -1
443 -5.5 -146.5 874.5 440 446 -1
444 -33.0 -137.5 879.5 441 447 -1
445 -12.0 -176.0 816.0 442 448 -1
446 -5.0 -146.5 875.0 443 449 -1
447 -33.5 -137.0 880.0 444 450 -1
448 -12.0 -176.0 815.5 445 451 -1
449 -4.5 -147.0 875.0 446 452 -1
450 -34.0 -137.5 880.5 447 453 -1
451 -12.0 -176.0 815.0 448 -1 -1
452 -4.0 -147.0 875.5 449 454 -1
453 -34.0 -137.5 881.0 450 455 -1
454 -3.5 -147.5 875.5 452 456 -1
455 -34.5 -137.5 881.5 453 457 -1
456 -3.0 -148.0 875.5 454 458 -1
457 -35.0 -137.0 882.0 455 459 -1
458 -2.5 -148.0 875.5 456 460 -1
459 -35.5 -137.0 882.5 457 461 -1
460 -2.0 -148.5 875.5 458 462 -1
461 -36.0 -137.5 883.0 459 463 464
462 -1.5 -149.0 875.5 460 465 -1
463 -36.0 -138.0 883.5 461 466 -1
464 -36.5 -136.5 883.0 461 467 -1
465 -1.0 -149.0 876.0 462 468 -1
466 -36.0 -138.5 884.0 463 469 -1
467 -37.0 -136.5 883.5 464 470 -1
468 -0.5 -149.0 876.0 465 471 -1
469 -35.5 -139.0 884.5 466 472 -1
470 -37.5 -136.0 883.5 467 473 -1
471 0.0 -149.0 876.0 468 474 -1
472 -35.0 -139.5 884.5 469 475 -1
473 -38.0 -135.5 884.0 470 476 -1
474 0.5 -149.0 876.0 471 477 -1
475 -35.0 -140.0 884.5 472 478 -1
476 -38.5 -135.0 884.0 473 479 -1
477 1.0 -149.5 876.0 474 480 -1
478 -34.5 -140.5 884.5 475 481 -1
479 -39.0 -135.0 884.0 476 482 -1
480 1.5 -150.0 875.5 477 483 -1
481 -34.5 -141.0 885.0 478 484 -1
482 -39.5 -134.5 884.0 479 485 -1
483 2.0 -150.0 875.5 480 486 -1
484 -34.5 -141.5 885.5 481 487 -1
485 -40.0 -134.5 884.5 482 488 -1
486 2.5 -150.0 875.5 483 489 -1
487 -34.5 -142.0 886.0 484 490 -1
488 -40.5 -134.0 884.5 485 491 -1
489 3.0 -150.0 875.5 486 492 -1
490 -34.5 -142.5 886.0 487 493 -1
491 -41.0 -133.5 885.0 488 494 -1
492 3.5 -150.5 875.5 489 495 -1
493 -34.5 -143.0 886.5 490 496 -1
494 -41.5 -133.5 885.5 491 497 -1
495 4.0 -150.5 875.0 492 498 -1
496 -34.0 -143.5 886.5 493 499 -1
497 -42.0 -133.5 885.5 494 500 -1
498 4.5 -150.5 875.0 495 501 -1
499 -34.0 -144.0 887.0 496 502 -1
500 -42.5 -133.0 886.0 497 503 -1
501 5.0 -150.5 875.0 498 504 -1
502 -34.0 -144.5 887.5 499 505 -1
503 -43.0 -132.5 886.5 500 506 -1
504 5.5 -151.0 875.5 501 507 -1
505 -34.0 -145.0 887.5 502 508 -1
506 -43.5 -132.5 887.0 503 509 -1
507 6.0 -151.0 875.5 504 510 -1
508 -33.5 -145.5 888.0 505 511 -1
509 -44.0 -133.0 887.0 506 512 -1
510 6.5 -151.0 875.5 507 513 -1
511 -33.0 -146.0 888.5 508 514 -1
512 -44.5 -132.5 887.5 509 515 -1
513 7.0 -151.0 875.5 510 516 -1
514 -32.5 -146.5 889.0 511 517 -1
515 -45.0 -132.5 887.5 512 518 -1
516 7.5 -151.5 876.0 513 519 -1
517 -32.0 -147.0 889.5 514 520 -1
518 -45.5 -132.5 887.5 515 521 -1
519 8.0 -151.0 876.0 516 522 -1
520 -31.5 -147.5 890.0 517 523 -1
521 -46.0 -132.0 888.0 518 524 -1
522 8.5 -151.0 876.5 519 525 -1
523 -31.0 -148.0 890.5 520 526 -1
524 -46.5 -132.0 888.0 521 527 -1
525 9.0 -151.0 877.0 522 528 -1
526 -30.5 -148.0 890.5 523 529 -1
527 -47.0 -132.0 888.0 524 530 -1
528 9.5 -151.0 877.5 525 531 -1
529 -30.0 -148.5 891.0 526 532 -1
530 -47.5 -132.0 888.0 527 533 -1
531 10.0 -150.5 878.0 528 534 -1
532 -29.5 -149.0 891.5 529 535 -1
533 -48.0 -132.0 888.0 530 536 -1
534 10.5 -150.5 878.5 531 537 -1
535 -29.0 -149.5 892.0 532 538 -1
536 -48.5 -132.0 888.5 533 539 -1
537 10.5 -150.5 879.0 534 540 -1
538 -28.5 -149.5 892.5 535 541 -1
539 -49.0 -132.0 888.5 536 542 -1
540 10.5 -150.5 879.5 537 543 -1
541 -28.0 -149.5 892.5 538 544 -1
542 -49.5 -132.0 888.5 539 545 -1
543 11.0 -150.0 880.0 540 546 -1
544 -27.5 -150.0 892.5 541 547 -1
545 -50.0 -132.0 889.0 542 548 -1
546 11.0 -150.0 880.5 543 549 -1
547 -27.0 -150.0 893.0 544 550 -1
548 -50.5 -132.5 889.0 545 551 -1
549 11.0 -150.0 881.0 546 552 -1
550 -26.5 -150.5 893.5 547 553 -1
551 -51.0 -132.0 889.5 548 554 -1
552 11.5 -149.5 881.5 549 555 -1
553 -26.0 -150.5 894.0 550 556 -1
554 -51.5 -132.5 889.5 551 557 -1
555 11.5 -149.5 882.0 552 558 -1
556 -25.5 -151.0 894.5 553 559 -1
557 -52.0 -132.5 890.0 554 560 -1
558 11.0 -149.0 882.5 555 561 -1
559 -25.0 -151.0 895.0 556 562 -1
560 -52.5 -133.0 890.0 557 563 -1
561 11.5 -148.5 883.0 558 564 -1
562 -24.5 -151.5 895.5 559 565 -1
563 -53.0 -133.0 890.5 560 566 -1
564 11.5 -148.0 883.5 561 567 -1
565 -24.5 -151.5 896.0 562 568 -1
566 -53.5 -133.5 890.5 563 569 -1
567 11.5 -148.0 884.0 564 570 -1
568 -24.0 -152.0 896.5 565 571 -1
569 -54.0 -133.5 891.0 566 572 -1
570 11.5 -147.5 884.5 567 573 -1
571 -23.5 -152.0 897.0 568 574 -1
572 -54.5 -134.0 891.0 569 575 -1
573 11.5 -147.0 885.0 570 576 -1
574 -23.0 -152.5 897.5 571 577 -1
575 -55.0 -134.0 891.5 572 -1 -1
576 11.5 -146.5 885.5 573 578 -1
577 -22.5 -152.5 898.0 574 579 -1
578 11.5 -146.0 886.0 576 580 -1
579 -22.0 -153.0 898.5 577 581 -1
580 11.0 -146.0 886.5 578 582 -1
581 -22.0 -153.0 899.0 579 583 -1
582 11.0 -145.5 887.0 580 584 -1
583 -21.5 -153.0 899.5 581 585 -1
584 11.5 -145.0 887.5 582 586 -1
585 -21.5 -153.5 900.0 583 587 -1
586 11.5 -144.5 888.0 584 588 -1
587 -21.0 -154.0 900.5 585 589 -1
588 11.5 -144.0 888.5 586 590 -1
589 -21.0 -154.5 901.0 587 591 -1
590 12.0 -143.5 889.0 588 -1 -1
591 -20.5 -155.0 901.5 589 592 -1
592 -20.5 -155.5 902.0 591 593 -1
593 -20.0 -156.0 902.5 592 594 -1
594 -19.5 -156.5 902.5 593 595 -1
595 -19.5 -157.0 903.0 594 596 -1
596 -19.5 -157.5 903.5 595 597 -1
597 -19.5 -158.0 904.0 596 598 -1
598 -19.0 -158.5 904.0 597 599 -1
599 -19.0 -159.0 904.0 598 600 -1
600 -19.0 -159.5 904.0 599 601 -1
601 -19.0 -160.0 904.5 600 602 -1
602 -19.0 -160.5 904.5 601 603 -1
603 -19.0 -161.0 904.5 602 604 -1
604 -18.5 -161.5 904.5 603 605 -1
605 -18.5 -162.0 904.5 604 606 -1
606 -18.5 -162.5 904.5 605 607 -1
607 -18.5 -163.0 904.5 606 608 -1
608 -18.5 -163.5 904.5 607 609 -1
609 -19.0 -164.0 905.0 608 610 -1
610 -19.0 -164.5 905.0 609 611 -1
611 -18.5 -165.0 905.0 610 612 -1
612 -18.5 -165.5 905.0 611 613 -1
613 -18.5 -166.0 905.0 612 614 -1
614 -18.5 -166.5 905.0 613 615 -1
615 -18.5 -167.0 905.5 614 616 -1
616 -18.5 -167.5 905.5 615 617 -1
617 -18.5 -168.0 905.5 616 618 -1
618 -18.5 -168.5 905.5 617 619 -1
619 -18.5 -169.0 905.5 618 620 -1
620 -19.0 -169.5 905.5 619 621 -1
621 -19.0 -170.0 905.5 620 -1 -1
