0 -31.0 -154.5 1042.5 -1 1 -1
1 -31.5 -154.0 1042.0 0 2 -1
2 -31.5 -153.5 1041.5 1 3 -1
3 -32.0 -153.0 1041.0 2 4 -1
4 -32.5 -152.5 1040.5 3 5 -1
5 -32.5 -152.0 1040.0 4 6 -1
6 -33.0 -151.5 1040.0 5 7 -1
7 -33.5 -151.0 1039.5 6 8 -1
8 -34.0 -150.5 1039.0 7 9 -1
9 -34.5 -150.0 1038.5 8 10 -1
10 -35.0 -149.5 1038.0 9 11 -1
11 -35.5 -149.5 1038.0 10 12 -1
12 -36.0 -149.5 1037.5 11 13 -1
13 -36.5 -149.0 1037.5 12 14 -1
14 -37.0 -149.0 1037.0 13 15 -1
15 -37.5 -148.5 1037.0 14 16 -1
16 -38.0 -148.5 1036.5 15 17 -1
17 -38.5 -148.5 1036.5 16 18 -1
18 -39.0 -148.5 1036.5 17 19 -1
19 -39.5 -148.0 1036.5 18 20 -1
20 -40.0 -148.0 1036.5 19 21 -1
21 -40.5 -147.5 1036.5 20 22 -1
22 -41.0 -147.5 1036.0 21 23 -1
23 -41.5 -147.5 1036.0 22 24 -1
24 -42.0 -147.0 1036.0 23 25 -1
25 -42.5 -147.0 1036.0 24 26 -1
26 -43.0 -147.0 1035.5 25 27 -1
27 -43.5 -147.0 1035.5 26 28 -1
28 -44.0 -146.5 1036.0 27 29 -1
29 -44.5 -146.5 1035.5 28 30 -1
30 -45.0 -146.0 1035.5 29 31 -1
31 -45.5 -146.0 1035.5 30 32 -1
32 -46.0 -146.0 1036.0 31 33 -1
33 -46.5 -145.5 1035.5 32 34 -1
34 -47.0 -145.5 1035.5 33 35 -1
35 -47.5 -145.5 1035.5 34 36 -1
36 -48.0 -145.0 1035.5 35 37 -1
37 -48.5 -144.5 1035.5 36 38 -1
38 -49.0 -144.5 1035.5 37 39 -1
39 -49.5 -144.0 1035.5 38 40 -1
40 -50.0 -143.5 1035.5 39 41 -1
41 -50.5 -143.0 1035.5 40 42 -1
42 -51.0 -142.5 1035.5 41 43 -1
43 -51.0 -142.0 1036.0 42 44 -1
44 -51.5 -141.5 1035.5 43 45 -1
45 -51.5 -141.0 1036.0 44 46 -1
46 -52.0 -140.5 1035.5 45 47 -1
47 -52.5 -140.0 1035.5 46 48 -1
48 -52.5 -139.5 1035.5 47 49 -1
49 -52.5 -139.0 1035.0 48 50 -1
50 -53.0 -138.5 1035.0 49 51 -1
51 -53.0 -138.0 1034.5 50 52 -1
52 -53.5 -137.5 1035.0 51 53 -1
53 -54.0 -137.0 1035.0 52 54 -1
54 -54.5 -136.5 1034.5 53 55 -1
55 -54.5 -136.0 1034.0 54 56 -1
56 -55.0 -135.5 1034.0 55 57 -1
57 -55.5 -135.0 1034.5 56 58 -1
58 -55.5 -134.5 1034.0 57 59 -1
59 -55.5 -134.0 1033.5 58 60 -1
60 -55.5 -133.5 1033.0 59 61 -1
61 -56.0 -133.0 1032.5 60 62 -1
62 -56.0 -132.5 1032.0 61 63 -1
63 -56.0 -132.0 1031.5 62 64 -1
64 -56.0 -131.5 1031.0 63 65 -1
65 -56.0 -131.0 1030.5 64 66 -1
66 -56.0 -130.5 1030.0 65 67 -1
67 -55.5 -130.5 1029.5 66 68 -1
68 -55.5 -130.0 1029.0 67 69 -1
69 -55.5 -129.5 1028.5 68 70 -1
70 -55.5 -129.0 1028.0 69 71 -1
71 -55.0 -128.5 1027.5 70 72 -1
72 -55.0 -128.0 1027.0 71 73 -1
73 -54.5 -128.0 1026.5 72 74 -1
74 -54.5 -127.5 1026.0 73 75 -1
75 -54.5 -127.0 1025.5 74 76 -1
76 -54.0 -127.0 1025.0 75 77 -1
77 -54.0 -126.5 1024.5 76 78 -1
78 -53.5 -126.5 1024.0 77 79 -1
79 -53.5 -126.0 1023.5 78 80 -1
80 -53.5 -125.5 1023.0 79 81 -1
81 -53.0 -125.5 1022.5 80 82 -1
82 -53.5 -125.0 1022.0 81 83 -1
83 -53.0 -125.0 1021.5 82 84 -1
84 -52.5 -125.0 1021.0 83 85 -1
85 -52.5 -125.0 1020.5 84 86 -1
86 -52.5 -124.5 1020.0 85 87 -1
87 -52.5 -124.5 1019.5 86 88 -1
88 -52.5 -124.0 1019.0 87 89 -1
89 -52.0 -124.0 1018.5 88 90 -1
90 -52.0 -124.0 1018.0 89 91 -1
91 -52.0 -123.5 1017.5 90 92 -1
92 -51.5 -123.5 1017.0 91 93 -1
93 -51.5 -123.0 1016.5 92 94 -1
94 -51.5 -123.0 1016.0 93 95 -1
95 -51.5 -122.5 1015.5 94 96 -1
96 -51.0 -123.0 1015.0 95 97 -1
97 -51.0 -122.5 1014.5 96 98 -1
98 -51.0 -122.5 1014.0 97 99 -1
99 -50.5 -122.0 1013.5 98 100 -1
100 -50.5 -122.0 1013.0 99 101 -1
101 -50.0 -122.0 1012.5 100 102 -1
102 -50.0 -121.5 1012.0 101 103 104
103 -50.0 -121.5 1011.5 102 105 -1
104 -50.0 -121.0 1012.5 102 106 -1
105 -49.5 -121.0 1011.0 103 107 -1
106 -50.0 -120.5 1013.0 104 108 -1
107 -49.5 -120.5 1010.5 105 109 -1
108 -50.0 -120.0 1013.0 106 110 -1
109 -49.5 -120.5 1010.0 107 111 -1
110 -50.5 -119.5 1013.5 108 112 -1
111 -49.0 -120.5 1009.5 109 113 -1
112 -50.5 -119.0 1014.0 110 114 -1
113 -49.0 -120.5 1009.0 111 115 -1
114 -50.5 -118.5 1014.5 112 116 -1
115 -49.0 -120.5 1008.5 113 117 -1
116 -50.5 -118.0 1014.5 114 118 -1
117 -48.5 -120.0 1008.0 115 119 -1
118 -50.5 -117.5 1014.5 116 120 -1
119 -48.5 -120.0 1007.5 117 121 -1
120 -51.0 -117.0 1015.0 118 122 -1
121 -49.0 -120.5 1007.0 119 123 -1
122 -51.5 -116.5 1015.5 120 124 -1
123 -48.5 -120.0 1006.5 121 125 -1
124 -51.5 -116.0 1016.0 122 126 -1
125 -48.5 -120.0 1006.0 123 127 -1
126 -52.0 -115.5 1016.0 124 128 -1
127 -48.5 -120.0 1005.5 125 129 -1
128 -52.5 -115.0 1016.5 126 130 -1
129 -48.0 -120.0 1005.0 127 131 -1
130 -53.0 -114.5 1016.5 128 132 -1
131 -48.0 -120.0 1004.5 129 133 -1
132 -53.0 -114.0 1016.5 130 134 -1
133 -48.5 -120.5 1004.0 131 135 -1
134 -53.5 -113.5 1017.0 132 136 -1
135 -48.5 -121.0 1003.5 133 137 -1
136 -54.0 -113.0 1017.0 134 138 -1
137 -48.0 -120.5 1003.0 135 139 -1
138 -54.5 -112.5 1017.0 136 140 -1
139 -48.0 -120.5 1002.5 137 141 -1
140 -55.0 -112.5 1017.5 138 142 -1
141 -48.0 -121.0 1002.0 139 143 -1
142 -55.5 -112.5 1017.5 140 144 -1
143 -47.5 -120.5 1001.5 141 145 -1
144 -56.0 -112.0 1017.5 142 146 -1
145 -48.0 -121.0 1001.0 143 147 -1
146 -56.5 -112.0 1018.0 144 148 -1
147 -47.5 -121.0 1000.5 145 149 -1
148 -57.0 -112.0 1018.0 146 150 -1
149 -48.0 -121.5 1000.0 147 151 -1
150 -57.5 -111.5 1018.5 148 152 -1
151 -47.5 -121.5 999.5 149 153 -1
152 -58.0 -111.0 1019.0 150 154 -1
153 -47.0 -121.5 999.0 151 155 -1
154 -59.0 -110.0 1020.0 152 156 -1
155 -47.5 -122.0 998.5 153 157 -1
156 -59.5 -109.5 1020.5 154 158 -1
157 -47.5 -122.0 998.0 155 159 -1
158 -60.0 -109.0 1021.0 156 160 -1
159 -47.5 -122.5 997.5 157 161 -1
160 -60.5 -108.5 1021.5 158 162 -1
161 -47.0 -122.5 997.0 159 163 -1
162 -61.0 -108.5 1022.0 160 164 -1
163 -47.0 -123.0 996.5 161 165 -1
164 -61.5 -108.0 1022.5 162 166 -1
165 -47.0 -123.0 996.0 163 167 -1
166 -62.0 -108.0 1023.0 164 168 -1
167 -46.5 -123.0 995.5 165 169 -1
168 -62.5 -108.0 1023.5 166 170 -1
169 -46.5 -123.0 995.0 167 171 -1
170 -63.0 -107.5 1024.0 168 172 -1
171 -46.0 -123.0 994.5 169 173 -1
172 -63.5 -107.0 1024.5 170 174 -1
173 -46.0 -123.5 994.0 171 175 -1
174 -64.0 -107.0 1025.0 172 176 -1
175 -46.0 -123.5 993.5 173 177 -1
176 -64.5 -106.5 1025.5 174 178 -1
177 -46.0 -124.0 993.0 175 179 -1
178 -64.5 -106.0 1025.5 176 180 -1
179 -45.5 -123.5 992.5 177 181 -1
180 -65.0 -105.5 1026.0 178 182 -1
181 -45.5 -123.5 992.0 179 183 -1
182 -65.5 -105.5 1026.5 180 184 -1
183 -45.5 -124.0 991.5 181 185 -1
184 -66.0 -105.0 1027.0 182 186 -1
185 -45.5 -124.0 991.0 183 187 -1
186 -66.5 -104.5 1027.5 184 188 -1
187 -46.0 -124.5 990.5 185 189 -1
188 -67.0 -104.5 1028.0 186 190 -1
189 -45.5 -124.5 990.0 187 191 -1
190 -67.5 -104.0 1028.5 188 192 -1
191 -45.5 -124.5 989.5 189 193 -1
192 -68.0 -104.0 1029.0 190 194 -1
193 -45.5 -124.5 989.0 191 195 -1
194 -68.5 -103.5 1029.5 192 196 -1
195 -45.0 -124.5 988.5 193 197 -1
196 -69.0 -103.5 1030.0 194 198 -1
197 -45.5 -125.0 988.0 195 199 -1
198 -69.5 -103.0 1030.5 196 200 -1
199 -45.5 -125.0 987.5 197 201 -1
200 -70.0 -103.0 1031.0 198 202 -1
201 -45.0 -125.0 987.0 199 203 -1
202 -70.5 -102.5 1031.0 200 204 -1
203 -45.0 -125.0 986.5 201 205 -1
204 -71.0 -102.5 1031.5 202 206 -1
205 -45.0 -125.0 986.0 203 207 -1
206 -71.5 -102.5 1032.0 204 208 -1
207 -45.0 -125.0 985.5 205 209 -1
208 -72.0 -102.5 1032.5 206 210 -1
209 -45.5 -125.5 985.0 207 211 -1
210 -72.5 -102.0 1032.5 208 212 -1
211 -45.5 -125.5 984.5 209 213 -1
212 -73.0 -102.0 1033.0 210 214 -1
213 -45.0 -125.5 984.0 211 215 -1
214 -73.5 -102.0 1033.5 212 216 -1
215 -45.0 -125.5 983.5 213 217 -1
216 -74.0 -102.0 1034.0 214 218 -1
217 -45.0 -126.0 983.0 215 219 -1
218 -74.5 -101.5 1034.5 216 220 -1
219 -45.0 -126.0 982.5 217 221 -1
220 -74.5 -101.5 1035.0 218 222 -1
221 -45.0 -126.0 982.0 219 223 -1
222 -75.0 -101.0 1035.5 220 224 -1
223 -44.5 -126.0 981.5 221 225 -1
224 -75.5 -101.0 1036.0 222 226 -1
225 -44.5 -126.0 981.0 223 227 -1
226 -76.0 -100.5 1036.5 224 -1 -1
227 -44.5 -126.0 980.5 225 228 -1
228 -44.0 -126.0 980.0 227 229 -1
229 -44.0 -126.0 979.5 228 230 -1
230 -44.0 -126.5 979.0 229 231 -1
231 -44.0 -126.5 978.5 230 232 -1
232 -43.5 -126.5 978.0 231 233 -1
233 -43.5 -126.5 977.5 232 234 -1
234 -43.5 -127.0 977.0 233 235 -1
235 -43.5 -127.0 976.5 234 236 -1
236 -43.5 -127.5 976.0 235 237 -1
237 -43.5 -127.5 975.5 236 238 -1
238 -43.0 -127.5 975.0 237 239 -1
239 -43.0 -127.5 974.5 238 240 -1
240 -42.5 -127.5 974.0 239 241 -1
241 -43.0 -128.0 973.5 240 242 -1
242 -43.0 -128.0 973.0 241 243 -1
243 -42.5 -128.0 972.5 242 244 -1
244 -42.5 -128.5 972.0 243 245 -1
245 -42.5 -128.5 971.5 244 246 -1
246 -42.5 -129.0 971.0 245 247 -1
247 -42.0 -129.0 970.5 246 248 -1
248 -42.5 -129.5 970.0 247 249 -1
249 -42.0 -129.5 969.5 248 250 -1
250 -42.0 -130.0 969.0 249 251 -1
251 -42.0 -130.0 968.5 250 252 -1
252 -41.5 -130.0 968.0 251 253 -1
253 -41.5 -130.0 967.5 252 254 -1
254 -41.5 -130.5 967.0 253 255 -1
255 -41.0 -130.5 966.5 254 256 -1
256 -41.0 -131.0 966.0 255 257 -1
257 -41.0 -131.0 965.5 256 258 -1
258 -40.5 -131.0 965.0 257 259 -1
259 -40.5 -131.5 964.5 258 260 -1
260 -40.5 -132.0 964.0 259 261 -1
261 -40.5 -132.0 963.5 260 262 -1
262 -40.0 -132.5 963.0 261 263 -1
263 -40.0 -132.5 962.5 262 264 -1
264 -40.0 -133.0 962.0 263 265 -1
265 -39.5 -133.0 961.5 264 266 -1
266 -39.5 -133.5 961.0 265 267 -1
267 -39.5 -134.0 960.5 266 268 -1
268 -39.5 -134.5 960.0 267 269 -1
269 -39.5 -135.0 959.5 268 270 -1
270 -39.0 -135.0 959.0 269 271 -1
271 -38.5 -135.5 958.5 270 272 -1
272 -38.5 -136.0 958.0 271 273 -1
273 -38.0 -136.0 957.5 272 274 -1
274 -37.5 -136.5 957.0 273 275 -1
275 -37.0 -137.0 956.5 274 276 -1
276 -37.0 -137.0 956.0 275 277 -1
277 -37.0 -137.5 955.5 276 278 -1
278 -36.5 -137.5 955.0 277 279 -1
279 -36.5 -138.0 954.5 278 280 -1
280 -36.0 -138.5 954.0 279 281 -1
281 -36.0 -139.0 953.5 280 282 -1
282 -35.5 -139.5 953.0 281 283 -1
283 -35.0 -140.0 952.5 282 284 -1
284 -34.5 -140.5 952.0 283 285 -1
285 -34.5 -141.0 951.5 284 286 -1
286 -34.0 -142.0 950.5 285 287 288
287 -34.5 -142.5 950.0 286 289 -1
288 -33.5 -142.0 951.0 286 290 -1
289 -35.0 -143.0 949.5 287 291 -1
290 -33.0 -142.5 951.0 288 292 -1
291 -35.5 -143.5 949.0 289 293 -1
292 -32.5 -143.0 951.5 290 294 -1
293 -36.0 -144.0 948.5 291 295 -1
294 -32.0 -143.5 951.5 292 296 -1
295 -36.5 -144.5 948.0 293 297 -1
296 -31.5 -144.0 952.0 294 298 -1
297 -37.0 -145.0 947.5 295 299 -1
298 -31.0 -144.5 952.0 296 300 -1
299 -37.5 -145.0 947.0 297 301 -1
300 -30.5 -145.0 952.0 298 302 -1
301 -38.0 -145.5 946.5 299 303 -1
302 -30.5 -145.5 952.5 300 304 -1
303 -38.0 -145.5 946.0 301 305 -1
304 -30.0 -146.0 952.5 302 306 -1
305 -38.5 -145.5 945.5 303 307 -1
306 -30.0 -146.5 952.0 304 308 -1
307 -39.0 -146.0 945.0 305 309 -1
308 -29.5 -147.0 952.5 306 310 -1
309 -39.5 -146.0 944.5 307 311 -1
310 -29.5 -147.5 952.5 308 312 -1
311 -40.0 -146.0 944.0 309 313 -1
312 -29.0 -148.0 953.0 310 314 -1
313 -40.5 -146.0 943.5 311 315 -1
314 -28.5 -148.5 953.0 312 316 -1
315 -40.5 -146.5 943.0 313 317 -1
316 -28.0 -149.0 953.0 314 318 -1
317 -40.5 -146.5 942.5 315 319 -1
318 -27.5 -149.5 953.5 316 320 -1
319 -41.0 -147.0 942.0 317 321 -1
320 -27.0 -149.5 953.5 318 322 -1
321 -41.0 -147.0 941.5 319 323 -1
322 -26.5 -149.5 953.5 320 324 -1
323 -41.5 -147.5 941.0 321 325 -1
324 -26.0 -150.0 954.0 322 326 -1
325 -42.0 -147.5 940.5 323 327 -1
326 -25.5 -150.0 954.0 324 328 -1
327 -42.5 -147.5 940.0 325 329 -1
328 -25.0 -150.5 954.5 326 330 -1
329 -42.5 -147.5 939.5 327 331 -1
330 -24.5 -150.5 955.0 328 332 -1
331 -42.5 -147.5 939.0 329 333 -1
332 -24.0 -150.5 955.5 330 334 -1
333 -43.0 -147.0 938.5 331 335 -1
334 -23.5 -150.5 956.0 332 336 -1
335 -43.0 -147.0 938.0 333 337 -1
336 -23.0 -151.0 956.5 334 338 -1
337 -43.0 -147.5 937.5 335 339 -1
338 -22.5 -151.5 956.5 336 340 -1
339 -43.0 -147.0 937.0 337 341 -1
340 -22.0 -151.0 957.0 338 342 -1
341 -43.5 -147.5 936.5 339 343 -1
342 -21.5 -151.5 957.0 340 344 -1
343 -43.5 -147.5 936.0 341 345 -1
344 -21.0 -151.5 957.5 342 346 -1
345 -43.5 -147.0 935.5 343 347 -1
346 -20.5 -152.0 957.5 344 348 -1
347 -43.5 -147.0 935.0 345 349 -1
348 -20.0 -152.0 958.0 346 350 -1
349 -44.0 -147.0 934.5 347 351 -1
350 -19.5 -152.0 958.5 348 352 -1
351 -44.0 -147.0 934.0 349 353 -1
352 -19.0 -152.0 959.0 350 354 -1
353 -44.0 -146.5 933.5 351 355 -1
354 -18.5 -152.0 959.5 352 356 -1
355 -44.5 -147.0 933.0 353 357 -1
356 -18.0 -152.5 959.5 354 358 -1
357 -44.5 -146.5 932.5 355 359 -1
358 -17.5 -152.5 960.0 356 360 -1
359 -44.5 -146.5 932.0 357 361 -1
360 -17.0 -152.5 960.5 358 362 -1
361 -44.5 -146.0 931.5 359 363 -1
362 -16.5 -152.0 961.0 360 364 -1
363 -44.5 -146.0 931.0 361 365 -1
364 -16.5 -152.0 961.5 362 366 -1
365 -44.5 -146.0 930.5 363 367 -1
366 -16.0 -152.0 962.0 364 368 -1
367 -44.5 -146.0 930.0 365 369 -1
368 -15.5 -152.0 962.0 366 370 -1
369 -44.5 -145.5 929.5 367 371 -1
370 -15.0 -152.0 962.5 368 372 -1
371 -44.5 -145.5 929.0 369 373 -1
372 -15.0 -151.5 963.0 370 374 -1
373 -45.0 -145.0 928.5 371 375 -1
374 -14.5 -152.0 963.5 372 376 -1
375 -44.5 -145.5 928.0 373 377 -1
376 -14.0 -152.0 964.0 374 378 -1
377 -44.0 -145.5 927.5 375 379 -1
378 -13.5 -152.0 964.5 376 380 -1
379 -44.5 -145.0 927.0 377 381 -1
380 -13.0 -151.5 965.0 378 382 -1
381 -44.5 -145.0 926.5 379 383 -1
382 -12.5 -151.5 965.5 380 384 -1
383 -44.0 -145.0 926.0 381 385 -1
384 -12.0 -151.5 966.0 382 386 -1
385 -44.0 -144.5 925.5 383 387 -1
386 -11.5 -151.5 966.5 384 388 -1
387 -44.0 -144.5 925.0 385 389 -1
388 -11.0 -151.5 967.0 386 390 -1
389 -43.5 -144.5 924.5 387 391 -1
390 -11.0 -151.5 967.5 388 392 -1
391 -43.5 -144.5 924.0 389 393 -1
392 -10.5 -151.0 968.0 390 394 -1
393 -44.0 -144.0 923.5 391 395 -1
394 -10.0 -151.0 968.5 392 396 -1
395 -43.5 -144.0 923.0 393 397 -1
396 -9.5 -151.0 969.0 394 398 -1
397 -43.5 -144.0 922.5 395 399 -1
398 -9.0 -151.0 969.5 396 400 -1
399 -43.0 -144.0 922.0 397 401 -1
400 -8.5 -151.0 970.0 398 402 -1
401 -43.5 -143.5 921.5 399 403 -1
402 -8.0 -150.5 970.5 400 404 -1
403 -43.5 -143.5 921.0 401 405 -1
404 -7.5 -150.0 970.5 402 406 -1
405 -43.0 -143.5 920.5 403 407 -1
406 -7.0 -150.0 971.0 404 408 -1
407 -43.0 -143.5 920.0 405 409 -1
408 -6.5 -150.0 971.5 406 410 -1
409 -43.0 -143.5 919.5 407 411 -1
410 -6.0 -149.5 972.0 408 412 -1
411 -42.5 -143.5 919.0 409 413 -1
412 -5.5 -149.5 972.5 410 414 -1
413 -42.5 -143.5 918.5 411 415 -1
414 -5.0 -149.5 973.0 412 416 -1
415 -42.5 -143.5 918.0 413 417 -1
416 -4.5 -149.0 973.5 414 418 -1
417 -42.5 -143.5 917.5 415 419 -1
418 -4.0 -149.0 974.0 416 420 -1
419 -42.5 -143.0 917.0 417 421 -1
420 -3.5 -149.0 974.5 418 422 -1
421 -42.5 -143.0 916.5 419 423 -1
422 -3.0 -149.0 975.0 420 424 -1
423 -42.5 -143.0 916.0 421 425 -1
424 -2.5 -148.5 975.5 422 426 -1
425 -42.5 -143.0 915.5 423 427 -1
426 -2.0 -148.0 976.0 424 428 -1
427 -42.5 -143.0 915.0 425 429 -1
428 -1.5 -148.0 976.5 426 430 -1
429 -42.5 -143.0 914.5 427 431 -1
430 -1.0 -148.0 977.0 428 432 -1
431 -42.5 -143.0 914.0 429 433 -1
432 -0.5 -148.0 977.5 430 434 -1
433 -42.0 -143.0 913.5 431 435 -1
434 0.0 -147.5 978.0 432 436 -1
435 -42.0 -143.0 913.0 433 437 -1
436 0.5 -147.5 978.5 434 438 -1
437 -42.0 -143.0 912.5 435 439 -1
438 1.0 -147.5 979.0 436 440 -1
439 -42.0 -143.0 912.0 437 441 -1
440 1.5 -147.0 979.5 438 442 -1
441 -42.0 -143.0 911.5 439 443 -1
442 2.0 -147.0 980.0 440 444 -1
443 -42.0 -143.0 911.0 441 445 -1
444 2.5 -147.0 980.5 442 446 -1
445 -41.5 -142.5 910.5 443 447 -1
446 3.0 -146.5 980.5 444 448 -1
447 -41.5 -142.5 910.0 445 449 -1
448 3.5 -146.5 981.0 446 450 -1
449 -41.5 -142.5 909.5 447 451 -1
450 4.0 -146.0 981.0 448 452 -1
451 -42.0 -143.0 909.0 449 453 -1
452 4.5 -146.0 981.5 450 454 -1
453 -42.0 -143.0 908.5 451 455 -1
454 5.0 -146.0 982.0 452 456 -1
455 -42.0 -143.0 908.0 453 457 -1
456 5.5 -146.0 982.5 454 458 -1
457 -41.5 -143.0 907.5 455 459 -1
458 6.0 -146.0 982.5 456 460 -1
459 -42.0 -143.0 907.0 457 461 -1
460 6.5 -146.0 983.0 458 462 -1
461 -42.0 -143.5 906.5 459 463 -1
462 7.0 -146.0 983.0 460 464 -1
463 -42.0 -143.5 906.0 461 465 -1
464 7.5 -146.0 983.5 462 466 -1
465 -42.0 -143.5 905.5 463 467 -1
466 8.0 -146.0 983.5 464 468 -1
467 -41.5 -143.5 905.0 465 469 -1
468 8.5 -146.0 984.0 466 470 -1
469 -41.5 -143.5 904.5 467 471 -1
470 9.0 -145.5 984.0 468 472 -1
471 -41.5 -143.5 904.0 469 473 -1
472 9.5 -146.0 984.5 470 474 -1
473 -41.5 -143.5 903.5 471 475 -1
474 10.0 -145.5 984.5 472 476 -1
475 -41.5 -143.0 903.0 473 477 -1
476 10.5 -146.0 985.0 474 478 -1
477 -41.5 -143.0 902.5 475 479 -1
478 11.0 -145.5 985.0 476 480 -1
479 -41.5 -143.0 902.0 477 481 -1
480 11.5 -145.5 985.5 478 482 -1
481 -41.0 -143.5 901.5 479 483 -1
482 12.0 -146.0 985.5 480 484 -1
483 -41.0 -143.5 901.0 481 485 -1
484 12.5 -145.5 985.5 482 486 -1
485 -41.0 -143.5 900.5 483 487 -1
486 13.0 -146.0 986.0 484 488 -1
487 -41.0 -143.5 900.0 485 489 -1
488 13.5 -146.0 986.5 486 490 -1
489 -40.5 -143.5 899.5 487 491 -1
490 14.0 -146.0 986.5 488 492 -1
491 -40.5 -143.5 899.0 489 493 -1
492 14.5 -146.0 987.0 490 494 -1
493 -40.5 -143.5 898.5 491 495 -1
494 15.0 -146.0 987.0 492 496 -1
495 -40.0 -143.5 898.0 493 497 -1
496 15.5 -146.0 987.0 494 498 -1
497 -40.0 -143.5 897.5 495 499 -1
498 16.0 -146.0 987.0 496 500 -1
499 -40.0 -143.5 897.0 497 501 -1
500 16.5 -146.0 987.0 498 502 -1
501 -40.0 -143.0 896.5 499 503 -1
502 17.0 -146.0 987.0 500 504 -1
503 -40.0 -143.0 896.0 501 505 -1
504 17.5 -146.0 987.0 502 506 -1
505 -40.0 -143.0 895.5 503 507 -1
506 18.0 -146.0 987.0 504 508 -1
507 -40.0 -143.0 895.0 505 509 -1
508 18.5 -146.0 987.0 506 510 -1
509 -40.0 -143.0 894.5 507 511 -1
510 19.0 -146.0 987.0 508 512 -1
511 -40.0 -143.0 894.0 509 513 -1
512 19.5 -146.5 987.5 510 514 -1
513 -40.0 -143.0 893.5 511 515 -1
514 20.0 -146.5 987.0 512 516 -1
515 -40.0 -143.0 893.0 513 517 -1
516 20.5 -146.5 987.0 514 518 -1
517 -40.0 -143.0 892.5 515 519 -1
518 21.0 -146.5 987.0 516 520 -1
519 -40.0 -143.0 892.0 517 521 -1
520 21.5 -147.0 987.5 518 522 -1
521 -40.0 -143.0 891.5 519 523 -1
522 22.0 -147.0 987.0 520 524 -1
523 -40.0 -142.5 891.0 521 525 -1
524 22.5 -146.5 986.5 522 526 -1
525 -40.0 -142.5 890.5 523 527 -1
526 23.0 -146.5 986.5 524 528 -1
527 -39.5 -143.0 890.0 525 529 -1
528 23.5 -146.5 986.5 526 530 -1
529 -39.5 -143.0 889.5 527 531 -1
530 24.0 -146.5 986.5 528 532 -1
531 -39.5 -143.0 889.0 529 533 -1
532 24.5 -147.0 987.0 530 534 -1
533 -39.5 -143.0 888.5 531 535 -1
534 25.0 -146.5 986.5 532 536 -1
535 -39.5 -143.0 888.0 533 537 -1
536 25.5 -146.5 986.5 534 538 -1
537 -39.5 -143.5 887.5 535 -1 -1
538 26.0 -147.0 986.5 536 539 -1
539 26.5 -147.0 986.5 538 540 -1
540 27.0 -147.0 986.5 539 541 -1
541 27.5 -147.0 986.5 540 542 -1
542 28.0 -147.0 986.0 541 543 -1
543 28.5 -146.5 986.0 542 544 -1
544 29.0 -146.0 985.5 543 545 -1
545 29.5 -146.0 985.5 544 546 -1
546 30.0 -146.0 985.5 545 547 -1
547 30.5 -146.0 985.5 546 548 -1
548 31.0 -146.0 985.0 547 549 -1
549 31.5 -146.0 985.0 548 550 -1
550 32.0 -146.0 985.0 549 551 -1
551 32.5 -145.5 984.5 550 552 -1
552 33.0 -145.0 984.0 551 553 -1
553 33.5 -145.0 984.0 552 554 -1
554 34.0 -144.5 984.0 553 555 -1
555 34.5 -144.0 983.5 554 556 -1
556 35.0 -144.0 983.0 555 557 -1
557 35.5 -144.0 982.5 556 558 -1
558 36.0 -143.5 982.0 557 559 -1
559 36.5 -143.5 981.5 558 560 -1
560 37.0 -143.5 981.0 559 561 -1
561 37.0 -143.5 980.5 560 562 -1
562 37.5 -143.5 980.0 561 563 -1
563 37.5 -143.5 979.5 562 564 -1
564 38.0 -143.5 979.0 563 565 -1
565 38.5 -143.5 978.5 564 566 -1
566 39.0 -143.5 978.0 565 567 -1
567 39.0 -144.0 977.5 566 568 -1
568 39.5 -144.0 977.0 567 569 -1
569 40.0 -144.0 976.5 568 570 -1
570 40.0 -144.5 976.0 569 571 -1
571 40.5 -144.5 975.5 570 572 -1
572 41.0 -144.5 975.0 571 573 -1
573 40.5 -145.0 974.5 572 574 -1
574 41.0 -145.0 974.0 573 575 -1
575 41.5 -145.0 973.5 574 576 -1
576 42.0 -145.0 973.0 575 577 -1
577 42.5 -145.0 972.5 576 578 -1
578 42.5 -145.5 972.0 577 579 -1
579 42.5 -145.5 971.5 578 580 -1
580 42.5 -145.5 971.0 579 581 -1
581 43.0 -145.5 970.5 580 582 -1
582 43.0 -145.5 970.0 581 583 -1
583 43.0 -145.5 969.5 582 584 -1
584 43.5 -145.5 969.0 583 585 -1
585 43.5 -145.5 968.5 584 586 -1
586 43.5 -145.5 968.0 585 587 -1
587 44.0 -145.5 967.5 586 588 -1
588 44.0 -145.5 967.0 587 589 -1
589 44.0 -146.0 966.5 588 590 -1
590 44.5 -146.0 966.0 589 591 -1
591 44.5 -146.0 965.5 590 592 -1
592 44.5 -146.0 965.0 591 593 -1
593 45.0 -146.0 964.5 592 594 -1
594 45.0 -146.5 964.0 593 595 -1
595 45.0 -146.5 963.5 594 596 -1
596 45.0 -147.0 963.0 595 597 -1
597 45.5 -147.0 962.5 596 598 -1
598 46.0 -147.0 962.0 597 599 -1
599 45.5 -147.5 961.5 598 600 -1
600 46.0 -147.5 961.0 599 601 -1
601 46.0 -148.0 960.5 600 602 -1
602 46.0 -148.0 960.0 601 603 -1
603 46.0 -148.5 959.5 602 604 -1
604 46.5 -148.0 959.0 603 605 -1
605 46.5 -148.5 958.5 604 606 -1
606 47.0 -148.5 958.0 605 607 -1
607 46.5 -149.0 957.5 606 608 -1
608 47.0 -149.0 957.0 607 609 -1
609 47.0 -149.0 956.5 608 610 -1
610 47.0 -149.0 956.0 609 611 -1
611 47.0 -149.0 955.5 610 -1 -1
