0 79.0 -18.5 -182.5 -1 1 -1
1 79.0 -18.0 -183.0 0 2 -1
2 78.5 -18.0 -183.5 1 3 -1
3 78.0 -18.5 -184.0 2 4 -1
4 77.5 -18.5 -184.5 3 5 -1
5 77.0 -18.5 -185.0 4 6 -1
6 76.5 -19.0 -185.0 5 7 -1
7 76.0 -19.5 -185.0 6 8 -1
8 75.5 -19.5 -185.5 7 9 -1
9 75.0 -19.5 -186.0 8 10 -1
10 74.5 -19.0 -186.5 9 11 -1
11 74.0 -19.5 -186.5 10 12 -1
12 73.5 -19.5 -186.5 11 13 -1
13 73.0 -19.5 -187.0 12 14 -1
14 72.5 -19.5 -187.0 13 15 -1
15 72.0 -19.5 -187.5 14 16 -1
16 71.5 -20.0 -187.0 15 17 -1
17 71.0 -19.5 -187.5 16 18 -1
18 70.5 -20.0 -187.5 17 19 -1
19 70.0 -19.5 -187.5 18 20 -1
20 69.5 -19.5 -187.5 19 21 -1
21 69.0 -19.5 -187.5 20 22 -1
22 68.5 -19.5 -188.0 21 23 -1
23 68.0 -20.0 -188.5 22 24 -1
24 67.5 -19.5 -188.5 23 25 -1
25 67.0 -19.5 -188.5 24 26 -1
26 66.5 -19.5 -189.0 25 27 -1
27 66.0 -19.0 -188.5 26 28 -1
28 65.5 -19.0 -189.0 27 29 -1
29 65.0 -19.0 -189.5 28 30 -1
30 64.5 -18.5 -189.0 29 31 -1
31 64.0 -18.5 -189.0 30 32 -1
32 63.5 -18.0 -189.0 31 33 -1
33 63.0 -18.0 -189.0 32 34 -1
34 62.5 -17.5 -188.5 33 35 -1
35 62.0 -17.5 -188.0 34 36 -1
36 61.5 -17.5 -188.0 35 37 -1
37 61.0 -17.0 -187.5 36 38 -1
38 60.5 -17.0 -187.5 37 39 -1
39 60.0 -16.5 -187.0 38 40 -1
40 59.5 -16.0 -186.5 39 41 -1
41 59.0 -15.5 -186.0 40 42 -1
42 58.5 -15.0 -185.5 41 43 -1
43 58.0 -15.0 -185.0 42 44 -1
44 57.5 -14.5 -184.5 43 45 -1
45 57.0 -14.0 -184.0 44 46 -1
46 57.0 -13.5 -183.5 45 47 -1
47 56.5 -13.5 -183.0 46 48 -1
48 56.0 -13.5 -182.5 47 49 -1
49 56.0 -13.0 -182.0 48 50 -1
50 55.5 -13.0 -181.5 49 51 -1
51 55.5 -12.5 -181.0 50 52 -1
52 55.0 -12.5 -180.5 51 53 -1
53 55.0 -12.5 -180.0 52 54 -1
54 54.5 -12.5 -179.5 53 55 -1
55 54.0 -12.5 -179.0 54 56 -1
56 53.5 -12.5 -178.5 55 57 -1
57 53.5 -12.0 -178.0 56 58 -1
58 53.5 -12.0 -177.5 57 59 -1
59 53.5 -11.5 -177.0 58 60 -1
60 53.0 -12.0 -176.5 59 61 -1
61 52.5 -12.0 -176.0 60 62 -1
62 53.0 -11.5 -175.5 61 63 -1
63 52.5 -12.0 -175.0 62 64 -1
64 52.5 -11.5 -174.5 63 65 -1
65 52.5 -11.5 -174.0 64 66 -1
66 52.5 -11.5 -173.5 65 67 -1
67 52.0 -11.5 -173.0 66 68 -1
68 52.0 -11.5 -172.5 67 69 -1
69 52.0 -11.5 -172.0 68 70 -1
70 51.5 -11.5 -171.5 69 71 -1
71 51.5 -11.5 -171.0 70 72 -1
72 51.0 -11.5 -170.5 71 73 -1
73 51.0 -11.5 -170.0 72 74 -1
74 51.5 -12.0 -169.5 73 75 -1
75 51.0 -11.5 -169.0 74 76 -1
76 51.0 -11.5 -168.5 75 77 -1
77 51.0 -11.5 -168.0 76 78 -1
78 51.0 -11.5 -167.5 77 79 -1
79 50.5 -11.5 -167.0 78 80 -1
80 50.5 -11.5 -166.5 79 81 -1
81 50.0 -11.5 -166.0 80 82 -1
82 50.0 -11.5 -165.5 81 83 -1
83 49.5 -11.5 -165.0 82 84 -1
84 49.5 -11.5 -164.5 83 85 -1
85 49.5 -12.0 -164.0 84 86 -1
86 49.0 -12.0 -163.0 85 87 -1
87 49.5 -12.5 -162.5 86 88 -1
88 49.0 -12.5 -162.0 87 89 -1
89 49.0 -12.5 -161.5 88 90 -1
90 49.0 -13.0 -161.0 89 91 -1
91 48.5 -12.5 -160.5 90 92 -1
92 48.5 -13.0 -160.0 91 93 -1
93 48.0 -13.0 -159.5 92 94 -1
94 48.0 -13.0 -159.0 93 95 -1
95 48.0 -13.5 -158.5 94 96 -1
96 48.0 -14.0 -158.0 95 97 -1
97 47.5 -14.0 -157.5 96 98 -1
98 47.0 -14.0 -157.0 97 99 -1
99 47.0 -14.5 -156.5 98 100 -1
100 46.5 -15.0 -156.0 99 101 -1
101 46.0 -15.5 -155.5 100 102 -1
102 45.5 -16.0 -155.0 101 103 -1
103 45.5 -16.5 -155.0 102 104 -1
104 45.0 -17.0 -154.5 103 105 -1
105 44.5 -17.5 -154.0 104 106 -1
106 44.5 -18.0 -153.5 105 107 -1
107 44.0 -18.5 -153.5 106 108 -1
108 43.5 -19.0 -153.5 107 109 -1
109 43.5 -19.5 -153.0 108 110 -1
110 43.5 -20.0 -153.0 109 111 -1
111 43.0 -20.5 -153.0 110 112 -1
112 43.0 -21.0 -152.5 111 113 -1
113 43.0 -21.5 -152.5 112 114 -1
114 42.5 -22.0 -152.5 113 115 -1
115 42.0 -22.5 -153.0 114 116 -1
116 42.0 -23.0 -153.0 115 117 -1
117 41.5 -23.5 -153.0 116 118 -1
118 41.0 -24.0 -153.5 117 119 -1
119 41.0 -24.5 -153.0 118 120 -1
120 40.5 -25.0 -153.5 119 121 -1
121 40.0 -25.5 -153.5 120 122 -1
122 39.5 -26.0 -154.0 121 123 -1
123 39.0 -26.5 -154.0 122 124 -1
124 38.5 -27.0 -154.5 123 125 -1
125 38.0 -27.5 -154.5 124 126 -1
126 37.5 -27.5 -155.0 125 127 -1
127 37.0 -28.0 -155.0 126 128 -1
128 36.5 -28.5 -155.5 127 129 -1
129 36.0 -29.0 -155.5 128 130 -1
130 35.5 -29.5 -156.0 129 131 -1
131 35.0 -29.5 -156.5 130 132 -1
132 34.5 -29.0 -156.0 131 133 -1
133 34.0 -29.5 -156.5 132 134 -1
134 33.5 -29.5 -156.5 133 135 -1
135 33.0 -30.0 -157.0 134 136 -1
136 32.5 -30.0 -157.5 135 137 -1
137 32.0 -30.5 -158.0 136 138 -1
138 31.5 -30.5 -158.5 137 139 -1
139 31.0 -31.0 -159.0 138 140 -1
140 30.5 -31.0 -159.5 139 141 -1
141 30.0 -31.0 -159.5 140 142 -1
142 29.5 -31.0 -160.0 141 143 -1
143 29.0 -31.0 -160.5 142 144 -1
144 28.5 -31.5 -161.0 143 145 -1
145 28.0 -31.5 -161.5 144 146 -1
146 27.5 -32.0 -162.0 145 147 -1
147 27.0 -32.0 -162.5 146 148 -1
148 26.5 -32.0 -163.0 147 149 -1
149 26.0 -32.0 -163.0 148 150 -1
150 25.5 -32.0 -163.5 149 151 -1
151 25.0 -31.5 -163.5 150 152 -1
152 24.5 -31.5 -164.0 151 153 -1
153 24.0 -31.5 -164.0 152 154 -1
154 23.5 -31.5 -164.5 153 155 -1
155 23.0 -32.0 -165.0 154 156 -1
156 22.5 -31.5 -165.0 155 157 -1
157 22.0 -31.5 -165.5 156 158 -1
158 21.5 -31.5 -166.0 157 159 -1
159 21.0 -32.0 -166.5 158 160 -1
160 20.5 -32.0 -167.0 159 161 -1
161 20.0 -31.5 -167.0 160 162 -1
162 19.5 -31.5 -167.5 161 163 -1
163 19.0 -31.5 -168.0 162 164 -1
164 18.5 -31.5 -168.5 163 165 -1
165 18.0 -31.0 -168.5 164 166 -1
166 17.5 -31.0 -169.0 165 167 -1
167 17.0 -31.0 -169.0 166 168 -1
168 16.5 -31.0 -169.5 167 169 -1
169 16.0 -30.5 -169.5 168 170 -1
170 15.5 -30.5 -170.0 169 171 -1
171 15.0 -31.0 -170.5 170 172 -1
172 14.5 -30.5 -170.5 171 173 -1
173 14.0 -30.5 -170.5 172 174 -1
174 13.5 -30.5 -170.5 173 175 -1
175 13.0 -30.0 -170.5 174 176 -1
176 12.5 -30.5 -171.0 175 177 -1
177 12.0 -30.0 -171.0 176 178 -1
178 11.5 -30.0 -171.5 177 179 -1
179 11.0 -30.0 -171.5 178 180 -1
180 10.5 -30.0 -171.5 179 181 -1
181 10.0 -30.0 -172.0 180 182 -1
182 9.5 -30.0 -172.0 181 183 -1
183 9.0 -29.5 -172.5 182 184 -1
184 8.5 -29.5 -172.5 183 185 -1
185 8.0 -29.0 -172.5 184 186 -1
186 7.5 -28.5 -172.5 185 187 -1
187 7.0 -28.5 -173.0 186 188 -1
188 6.5 -28.5 -173.0 187 189 -1
189 6.0 -28.5 -173.5 188 190 -1
190 5.5 -28.5 -173.5 189 191 -1
191 5.0 -28.0 -173.5 190 192 -1
192 4.5 -28.0 -174.0 191 193 -1
193 4.0 -28.0 -174.0 192 194 -1
194 3.5 -28.0 -174.5 193 195 -1
195 3.0 -28.0 -174.5 194 196 -1
196 2.5 -27.5 -174.5 195 197 -1
197 2.0 -27.0 -174.5 196 198 -1
198 1.5 -27.0 -174.5 197 199 -1
199 1.0 -27.0 -175.0 198 200 -1
200 0.5 -26.5 -175.0 199 201 -1
201 0.0 -26.5 -175.5 200 202 -1
202 -0.5 -26.5 -176.0 201 203 -1
203 -1.0 -26.5 -176.5 202 204 -1
204 -1.5 -26.0 -176.5 203 205 -1
205 -2.0 -25.5 -177.0 204 206 -1
206 -2.5 -25.5 -177.0 205 207 -1
207 -3.0 -25.5 -177.0 206 208 -1
208 -3.5 -25.0 -177.5 207 209 -1
209 -4.0 -24.5 -178.0 208 210 -1
210 -4.5 -24.0 -178.5 209 211 -1
211 -5.0 -23.5 -179.0 210 212 -1
212 -5.0 -23.0 -179.5 211 213 -1
213 -5.5 -22.5 -179.5 212 214 -1
214 -6.0 -22.0 -179.5 213 215 -1
215 -6.5 -21.5 -179.5 214 216 -1
216 -6.5 -21.0 -180.0 215 217 -1
217 -7.0 -20.5 -180.5 216 218 219
218 -7.5 -20.0 -180.0 217 220 -1
219 -6.5 -21.0 -181.0 217 221 -1
220 -7.5 -19.5 -179.5 218 222 -1
221 -6.5 -21.0 -181.5 219 223 -1
222 -7.5 -19.5 -179.0 220 224 -1
223 -7.0 -21.0 -182.0 221 225 -1
224 -8.0 -19.0 -178.5 222 226 -1
225 -7.0 -21.0 -182.5 223 227 -1
226 -8.5 -19.0 -178.5 224 228 -1
227 -7.0 -21.0 -183.0 225 229 -1
228 -9.0 -18.5 -178.0 226 230 -1
229 -7.0 -21.5 -183.5 227 231 -1
230 -9.0 -18.5 -177.5 228 232 -1
231 -6.5 -21.5 -184.0 229 233 -1
232 -9.5 -18.0 -177.0 230 234 -1
233 -7.0 -21.5 -184.5 231 235 -1
234 -10.0 -17.5 -176.5 232 236 -1
235 -7.0 -21.5 -185.0 233 237 -1
236 -10.5 -17.5 -176.0 234 238 -1
237 -7.0 -21.5 -185.5 235 239 -1
238 -11.0 -17.0 -175.5 236 240 -1
239 -7.0 -21.5 -186.0 237 241 -1
240 -11.5 -16.5 -175.0 238 242 -1
241 -7.0 -21.5 -186.5 239 243 -1
242 -12.0 -16.0 -174.5 240 244 -1
243 -7.0 -22.0 -187.0 241 245 -1
244 -12.0 -15.5 -174.0 242 246 -1
245 -7.0 -22.0 -187.5 243 247 -1
246 -12.5 -15.5 -173.5 244 248 -1
247 -7.5 -22.0 -188.0 245 249 -1
248 -13.0 -15.5 -173.0 246 250 -1
249 -7.5 -22.0 -188.5 247 251 -1
250 -13.0 -15.0 -172.5 248 252 -1
251 -7.5 -22.0 -189.0 249 253 -1
252 -13.5 -14.5 -172.0 250 254 -1
253 -7.5 -22.0 -189.5 251 255 -1
254 -14.0 -14.5 -171.5 252 256 -1
255 -7.5 -22.0 -190.0 253 257 -1
256 -14.0 -14.5 -171.0 254 258 -1
257 -7.5 -22.0 -190.5 255 259 -1
258 -14.5 -14.0 -170.5 256 260 -1
259 -7.5 -22.5 -191.0 257 261 -1
260 -15.0 -14.5 -170.0 258 262 -1
261 -7.5 -22.5 -191.5 259 263 -1
262 -15.0 -14.0 -169.5 260 264 -1
263 -7.5 -22.5 -192.0 261 265 -1
264 -15.5 -14.0 -169.0 262 266 -1
265 -8.0 -22.5 -192.5 263 267 -1
266 -16.0 -14.0 -168.5 264 268 -1
267 -8.0 -22.5 -193.0 265 269 -1
268 -16.5 -14.0 -168.0 266 270 -1
269 -7.5 -22.5 -193.5 267 271 -1
270 -16.5 -13.5 -167.5 268 272 -1
271 -7.5 -23.0 -194.0 269 273 -1
272 -17.0 -13.5 -167.0 270 274 -1
273 -7.5 -23.0 -194.5 271 275 -1
274 -17.0 -13.5 -166.5 272 276 -1
275 -7.5 -23.0 -195.0 273 277 -1
276 -17.5 -13.5 -166.0 274 278 -1
277 -7.5 -23.0 -195.5 275 279 -1
278 -17.5 -13.0 -165.5 276 280 -1
279 -8.0 -23.0 -196.0 277 281 -1
280 -18.0 -13.0 -165.0 278 282 -1
281 -8.0 -23.0 -196.5 279 283 -1
282 -18.5 -13.0 -164.5 280 284 -1
283 -8.0 -23.0 -197.0 281 285 -1
284 -19.0 -13.0 -164.0 282 286 -1
285 -8.0 -23.0 -197.5 283 287 -1
286 -19.5 -13.0 -163.5 284 288 -1
287 -8.0 -23.0 -198.0 285 289 -1
288 -20.0 -13.5 -163.0 286 290 -1
289 -8.5 -23.0 -198.5 287 291 -1
290 -20.5 -13.5 -162.5 288 292 -1
291 -8.5 -23.0 -199.0 289 293 -1
292 -21.0 -13.5 -162.0 290 294 -1
293 -8.5 -23.0 -199.5 291 295 -1
294 -21.5 -13.5 -161.5 292 296 -1
295 -8.5 -23.0 -200.0 293 297 -1
296 -21.5 -14.0 -161.0 294 298 -1
297 -8.5 -23.0 -200.5 295 299 -1
298 -22.0 -13.5 -160.5 296 300 -1
299 -8.5 -23.0 -201.0 297 301 -1
300 -22.5 -13.5 -160.0 298 302 -1
301 -8.5 -23.0 -201.5 299 303 -1
302 -23.0 -14.0 -159.5 300 304 -1
303 -8.5 -23.0 -202.0 301 305 -1
304 -23.0 -14.5 -159.0 302 306 -1
305 -8.5 -23.0 -202.5 303 307 -1
306 -23.5 -14.5 -158.5 304 308 -1
307 -8.5 -23.0 -203.0 305 309 -1
308 -24.0 -14.5 -158.0 306 310 -1
309 -8.5 -23.0 -203.5 307 311 -1
310 -24.5 -14.5 -157.5 308 312 -1
311 -9.0 -23.0 -204.0 309 313 -1
312 -24.5 -15.0 -157.0 310 314 -1
313 -9.0 -23.0 -204.5 311 315 -1
314 -25.0 -15.0 -156.5 312 316 -1
315 -9.0 -23.0 -205.0 313 317 -1
316 -25.5 -15.5 -156.0 314 318 -1
317 -9.0 -23.0 -205.5 315 319 -1
318 -26.0 -15.5 -155.5 316 320 -1
319 -9.0 -23.0 -206.0 317 321 -1
320 -26.5 -15.5 -155.0 318 322 -1
321 -9.5 -23.0 -206.5 319 323 -1
322 -27.0 -15.5 -154.5 320 324 -1
323 -9.5 -23.0 -207.0 321 -1 -1
324 -27.0 -15.5 -154.0 322 325 -1
325 -27.5 -16.0 -153.5 324 326 -1
326 -28.0 -15.5 -153.0 325 327 -1
327 -28.5 -15.5 -152.5 326 328 -1
328 -29.0 -15.5 -152.0 327 329 -1
329 -29.5 -16.0 -151.5 328 330 -1
330 -30.0 -16.0 -151.0 329 331 -1
331 -30.5 -16.0 -150.5 330 332 -1
332 -31.0 -16.0 -150.0 331 333 -1
333 -31.0 -16.0 -149.5 332 334 -1
334 -31.5 -16.0 -149.0 333 335 -1
335 -32.0 -16.5 -148.5 334 336 -1
336 -32.5 -16.5 -148.0 335 337 -1
337 -32.5 -16.5 -147.5 336 338 -1
338 -33.0 -17.0 -147.0 337 339 -1
339 -33.5 -17.0 -146.5 338 340 -1
340 -33.5 -17.0 -146.0 339 341 -1
341 -34.0 -17.0 -145.5 340 342 -1
342 -34.5 -17.0 -145.0 341 343 -1
343 -34.5 -17.0 -144.5 342 344 -1
344 -35.0 -17.0 -144.0 343 345 -1
345 -35.0 -17.5 -143.5 344 346 -1
346 -35.5 -17.0 -143.0 345 347 -1
347 -36.0 -17.5 -142.5 346 348 -1
348 -36.0 -17.5 -142.0 347 349 -1
349 -36.5 -17.5 -141.5 348 350 -1
350 -36.5 -17.5 -141.0 349 351 -1
351 -37.0 -17.5 -140.5 350 352 -1
352 -37.0 -17.5 -140.0 351 353 -1
353 -37.5 -17.5 -139.5 352 354 -1
354 -37.5 -18.0 -139.0 353 355 -1
355 -37.5 -18.0 -138.5 354 356 -1
356 -38.0 -18.0 -138.0 355 357 -1
357 -38.0 -18.0 -137.5 356 358 -1
358 -38.5 -18.0 -137.0 357 359 -1
359 -38.5 -18.0 -136.5 358 360 -1
360 -38.5 -18.5 -136.0 359 361 -1
361 -39.0 -18.0 -135.5 360 362 -1
362 -39.0 -18.0 -135.0 361 363 -1
363 -39.0 -18.5 -134.5 362 364 -1
364 -39.5 -18.0 -134.0 363 365 -1
365 -39.5 -18.0 -133.5 364 366 -1
366 -40.0 -18.0 -133.0 365 367 -1
367 -39.5 -18.5 -132.5 366 368 -1
368 -40.0 -18.0 -132.0 367 369 -1
369 -40.5 -18.0 -131.5 368 370 -1
370 -40.0 -18.5 -131.0 369 371 -1
371 -40.5 -18.0 -130.5 370 372 -1
372 -40.5 -18.0 -130.0 371 373 -1
373 -40.5 -18.5 -129.5 372 374 -1
374 -40.5 -18.5 -129.0 373 375 -1
375 -40.5 -18.5 -128.5 374 376 -1
376 -41.0 -18.5 -128.0 375 377 -1
377 -41.0 -18.5 -127.5 376 378 -1
378 -41.0 -18.5 -127.0 377 379 -1
379 -41.0 -18.5 -126.5 378 380 -1
380 -41.0 -19.0 -126.0 379 381 -1
381 -41.5 -18.5 -125.5 380 382 -1
382 -42.0 -18.5 -124.5 381 383 384
383 -42.0 -18.0 -124.5 382 385 -1
384 -41.5 -19.0 -124.0 382 386 -1
385 -42.5 -17.5 -124.0 383 387 -1
386 -42.0 -19.0 -123.5 384 388 -1
387 -43.0 -17.0 -124.0 385 389 -1
388 -41.5 -19.5 -123.0 386 390 -1
389 -43.5 -16.5 -124.0 387 391 -1
390 -41.0 -20.0 -122.5 388 392 -1
391 -44.0 -16.0 -124.0 389 393 -1
392 -41.0 -20.0 -122.0 390 394 -1
393 -44.5 -16.0 -123.5 391 395 -1
394 -41.0 -20.5 -121.5 392 396 -1
395 -45.0 -15.5 -123.5 393 397 -1
396 -41.0 -20.5 -121.0 394 398 -1
397 -45.5 -15.5 -123.5 395 399 -1
398 -40.5 -21.0 -120.5 396 400 -1
399 -46.0 -15.0 -123.5 397 401 -1
400 -40.0 -21.5 -120.0 398 402 -1
401 -46.5 -15.0 -123.0 399 403 -1
402 -39.5 -22.0 -119.5 400 404 -1
403 -47.0 -15.0 -123.0 401 405 -1
404 -39.5 -22.0 -119.0 402 406 -1
405 -47.5 -14.5 -123.0 403 407 -1
406 -39.0 -22.0 -118.5 404 408 -1
407 -48.0 -14.5 -122.5 405 409 -1
408 -39.0 -22.0 -118.0 406 410 -1
409 -48.5 -14.0 -122.0 407 411 -1
410 -38.5 -22.5 -117.5 408 412 -1
411 -49.0 -13.5 -122.0 409 413 -1
412 -38.0 -22.0 -117.0 410 414 -1
413 -49.5 -13.5 -121.5 411 415 -1
414 -38.0 -22.0 -116.5 412 416 -1
415 -50.0 -13.0 -121.5 413 417 -1
416 -38.0 -22.5 -116.0 414 418 -1
417 -50.5 -12.5 -121.5 415 419 -1
418 -37.5 -22.5 -115.5 416 420 -1
419 -51.0 -12.5 -121.0 417 421 -1
420 -37.5 -22.5 -115.0 418 422 -1
421 -51.5 -12.5 -121.0 419 423 -1
422 -37.0 -22.5 -114.5 420 424 -1
423 -52.0 -12.0 -121.0 421 425 -1
424 -37.0 -22.5 -114.0 422 426 -1
425 -52.5 -12.0 -120.5 423 427 -1
426 -36.5 -22.5 -113.5 424 428 -1
427 -53.0 -11.5 -120.5 425 429 -1
428 -36.5 -22.5 -113.0 426 430 -1
429 -53.5 -11.5 -120.5 427 431 -1
430 -36.5 -22.5 -112.5 428 432 -1
431 -54.0 -11.5 -120.0 429 433 -1
432 -36.0 -22.5 -112.0 430 434 -1
433 -54.5 -11.5 -120.0 431 435 -1
434 -36.5 -22.0 -111.5 432 436 -1
435 -55.0 -11.0 -120.0 433 437 -1
436 -36.0 -22.0 -111.0 434 438 -1
437 -55.5 -11.0 -120.0 435 439 -1
438 -35.5 -22.0 -110.5 436 440 -1
439 -56.0 -10.5 -120.0 437 -1 -1
440 -35.5 -22.0 -110.0 438 441 -1
441 -35.0 -22.0 -109.5 440 442 -1
442 -35.0 -21.5 -109.0 441 443 -1
443 -35.0 -21.5 -108.5 442 444 -1
444 -35.0 -21.0 -108.0 443 445 -1
445 -35.0 -21.0 -107.5 444 446 -1
446 -35.0 -20.5 -107.0 445 447 -1
447 -35.0 -20.0 -106.5 446 448 -1
448 -34.5 -20.0 -106.0 447 449 -1
449 -34.5 -19.5 -105.5 448 450 -1
450 -34.5 -19.5 -105.0 449 451 -1
451 -34.5 -19.0 -104.5 450 452 -1
452 -34.0 -18.5 -104.0 451 453 -1
453 -34.0 -18.0 -103.5 452 454 -1
454 -33.5 -18.0 -103.0 453 455 -1
455 -33.5 -17.5 -102.5 454 456 -1
456 -33.5 -17.0 -102.0 455 457 -1
457 -33.5 -17.0 -101.5 456 458 -1
458 -33.5 -16.5 -101.0 457 459 -1
459 -33.0 -16.0 -100.5 458 460 -1
460 -33.0 -15.5 -100.0 459 461 -1
461 -33.0 -15.5 -99.5 460 462 -1
462 -33.0 -15.0 -99.0 461 463 -1
463 -33.5 -15.0 -98.5 462 464 -1
464 -33.0 -14.5 -98.0 463 465 -1
465 -33.0 -14.0 -97.5 464 466 -1
466 -33.0 -14.0 -97.0 465 467 -1
467 -32.5 -13.5 -96.5 466 468 -1
468 -33.0 -13.0 -96.0 467 469 -1
469 -33.0 -12.5 -95.5 468 470 -1
470 -32.5 -12.5 -95.0 469 471 -1
471 -32.5 -12.0 -94.5 470 472 -1
472 -32.5 -11.5 -94.0 471 473 -1
473 -32.0 -11.5 -93.5 472 474 -1
474 -32.0 -11.0 -93.0 473 475 -1
475 -32.0 -10.5 -92.5 474 476 -1
476 -32.0 -10.0 -92.0 475 477 -1
477 -32.5 -9.5 -91.5 476 478 -1
478 -32.5 -9.0 -91.0 477 479 -1
479 -32.0 -9.0 -90.5 478 480 -1
480 -32.5 -8.5 -90.0 479 481 -1
481 -32.5 -8.0 -89.5 480 482 -1
482 -32.0 -7.5 -89.0 481 483 -1
483 -32.0 -7.5 -88.5 482 484 -1
484 -32.0 -7.0 -88.0 483 485 -1
485 -32.0 -6.5 -87.5 484 486 -1
486 -32.0 -6.0 -87.0 485 487 -1
487 -32.0 -5.5 -86.5 486 488 -1
488 -32.0 -5.0 -86.0 487 489 -1
489 -32.0 -5.0 -85.5 488 490 -1
490 -31.5 -5.0 -85.0 489 491 -1
491 -32.0 -4.5 -84.5 490 492 -1
492 -32.0 -4.0 -84.0 491 493 -1
493 -31.5 -3.5 -83.5 492 494 -1
494 -31.5 -3.0 -83.0 493 495 -1
495 -31.5 -2.5 -82.5 494 496 -1
496 -31.0 -2.5 -82.0 495 497 -1
497 -31.0 -2.0 -81.5 496 498 -1
498 -30.5 -2.0 -81.0 497 499 -1
499 -30.5 -1.5 -80.5 498 500 -1
500 -30.0 -1.5 -80.0 499 501 -1
501 -30.0 -1.0 -79.5 500 502 -1
502 -30.0 -1.0 -79.0 501 503 -1
503 -29.5 -1.0 -78.5 502 504 -1
504 -29.5 -0.5 -78.0 503 505 -1
505 -29.0 -0.5 -77.5 504 -1 -1
