0 -52.5 -159.0 691.5 -1 1 -1
1 -52.5 -159.0 692.0 0 2 -1
2 -52.0 -158.5 692.5 1 3 -1
3 -51.5 -158.0 693.0 2 4 -1
4 -51.0 -157.5 693.5 3 5 -1
5 -50.5 -157.0 694.0 4 6 -1
6 -50.0 -156.5 694.0 5 7 -1
7 -49.5 -156.0 694.0 6 8 -1
8 -49.0 -155.5 694.5 7 9 -1
9 -48.5 -155.0 694.5 8 10 -1
10 -48.0 -154.5 694.5 9 11 -1
11 -48.0 -154.0 695.0 10 12 -1
12 -47.5 -153.5 695.0 11 13 -1
13 -47.0 -153.0 695.0 12 14 -1
14 -46.5 -152.5 695.0 13 15 -1
15 -46.5 -152.0 695.5 14 16 -1
16 -46.0 -151.5 695.0 15 17 -1
17 -46.0 -151.0 695.0 16 18 -1
18 -45.5 -150.5 695.0 17 19 -1
19 -45.5 -150.0 695.0 18 20 -1
20 -45.5 -149.5 694.5 19 21 -1
21 -45.5 -149.0 694.5 20 22 -1
22 -45.0 -148.5 694.5 21 23 -1
23 -45.0 -148.0 694.0 22 24 -1
24 -44.5 -147.5 694.0 23 25 -1
25 -44.5 -147.0 693.5 24 26 -1
26 -44.0 -146.5 693.5 25 27 -1
27 -44.0 -146.0 693.0 26 28 -1
28 -43.5 -145.5 693.0 27 29 -1
29 -43.5 -145.0 692.5 28 30 -1
30 -43.0 -144.5 692.0 29 31 -1
31 -43.0 -144.0 691.5 30 32 -1
32 -43.0 -144.0 691.0 31 33 -1
33 -43.0 -143.5 690.5 32 34 -1
34 -43.0 -143.0 690.0 33 35 -1
35 -43.5 -143.0 689.5 34 36 -1
36 -43.0 -142.5 689.0 35 37 -1
37 -43.5 -142.5 688.5 36 38 -1
38 -43.5 -142.5 688.0 37 39 -1
39 -44.0 -142.0 687.5 38 40 -1
40 -44.0 -142.0 687.0 39 41 -1
41 -44.5 -142.0 686.5 40 42 -1
42 -44.5 -142.0 686.0 41 43 -1
43 -44.5 -141.5 685.5 42 44 -1
44 -44.5 -141.0 685.0 43 45 -1
45 -44.5 -141.0 684.5 44 46 -1
46 -44.5 -141.0 684.0 45 47 -1
47 -45.0 -141.0 683.5 46 48 -1
48 -45.0 -141.0 683.0 47 49 -1
49 -45.0 -141.0 682.5 48 50 -1
50 -45.0 -141.0 682.0 49 51 -1
51 -45.0 -141.0 681.5 50 52 -1
52 -45.0 -141.0 681.0 51 53 -1
53 -45.0 -140.5 680.5 52 54 -1
54 -45.0 -140.5 680.0 53 55 -1
55 -45.0 -140.5 679.5 54 56 -1
56 -45.5 -141.0 679.0 55 57 -1
57 -45.5 -140.5 678.5 56 58 -1
58 -45.5 -140.5 678.0 57 59 -1
59 -45.5 -140.5 677.5 58 60 -1
60 -45.5 -140.5 677.0 59 61 -1
61 -46.0 -140.5 676.5 60 62 -1
62 -46.0 -140.5 676.0 61 63 -1
63 -46.0 -140.5 675.5 62 64 -1
64 -46.0 -140.5 675.0 63 65 -1
65 -46.0 -140.5 674.5 64 66 -1
66 -46.0 -140.5 674.0 65 67 -1
67 -46.0 -140.0 673.5 66 68 -1
68 -46.0 -140.0 673.0 67 69 -1
69 -46.0 -140.0 672.5 68 70 -1
70 -46.0 -140.0 672.0 69 71 -1
71 -46.0 -140.0 671.5 70 72 -1
72 -46.0 -140.0 671.0 71 73 -1
73 -46.0 -140.0 670.5 72 74 -1
74 -46.0 -140.0 670.0 73 75 -1
75 -46.0 -139.5 669.5 74 76 -1
76 -46.0 -139.5 669.0 75 77 -1
77 -46.5 -139.0 668.5 76 78 -1
78 -46.5 -138.5 668.0 77 79 -1
79 -46.5 -138.0 667.5 78 80 -1
80 -47.0 -137.5 667.0 79 81 -1
81 -46.5 -137.0 666.5 80 82 -1
82 -46.5 -136.5 666.0 81 83 -1
83 -46.5 -136.0 666.0 82 84 -1
84 -47.0 -135.5 665.5 83 85 -1
85 -47.0 -135.0 665.5 84 86 -1
86 -47.0 -134.5 665.0 85 87 -1
87 -47.0 -134.0 665.0 86 88 -1
88 -47.0 -133.5 664.5 87 89 90
89 -47.0 -133.0 665.0 88 91 -1
90 -46.5 -134.0 664.0 88 92 -1
91 -47.0 -132.5 665.5 89 93 -1
92 -46.5 -134.0 663.5 90 94 -1
93 -47.0 -132.0 665.5 91 95 -1
94 -46.5 -134.5 663.0 92 96 -1
95 -47.0 -131.5 665.5 93 97 -1
96 -46.0 -134.5 662.5 94 98 -1
97 -47.0 -131.0 666.0 95 99 -1
98 -46.0 -135.0 662.0 96 100 -1
99 -47.0 -130.5 666.0 97 101 -1
100 -45.5 -135.0 661.5 98 102 -1
101 -47.0 -130.0 666.5 99 103 -1
102 -45.5 -135.5 661.0 100 104 -1
103 -47.0 -129.5 667.0 101 105 -1
104 -45.0 -135.5 660.5 102 106 -1
105 -47.0 -129.0 667.0 103 107 -1
106 -44.5 -136.0 660.0 104 108 -1
107 -47.0 -128.5 667.5 105 109 -1
108 -44.0 -136.5 659.5 106 110 -1
109 -47.5 -128.0 667.5 107 111 -1
110 -44.0 -136.5 659.0 108 112 -1
111 -48.0 -127.5 668.0 109 113 -1
112 -43.5 -136.5 658.5 110 114 -1
113 -48.0 -127.0 668.5 111 115 -1
114 -43.0 -136.5 658.0 112 116 -1
115 -48.5 -126.5 669.0 113 117 -1
116 -43.0 -136.5 657.5 114 118 -1
117 -48.5 -126.0 669.5 115 119 -1
118 -43.0 -137.0 657.0 116 120 -1
119 -49.0 -125.5 670.0 117 121 -1
120 -42.5 -136.5 656.5 118 122 -1
121 -49.5 -125.0 670.5 119 123 -1
122 -42.5 -137.0 656.0 120 124 -1
123 -50.0 -124.5 671.0 121 125 -1
124 -42.5 -137.0 655.5 122 126 -1
125 -50.5 -124.0 671.5 123 127 -1
126 -42.0 -137.0 655.0 124 128 -1
127 -51.0 -123.5 672.0 125 129 -1
128 -42.0 -137.5 654.5 126 130 -1
129 -51.0 -123.0 672.0 127 131 -1
130 -41.5 -137.0 654.0 128 132 -1
131 -51.5 -122.5 672.5 129 133 -1
132 -41.5 -137.5 653.5 130 134 -1
133 -52.0 -122.0 673.0 131 135 -1
134 -42.0 -138.0 653.0 132 136 -1
135 -52.5 -121.5 673.0 133 137 -1
136 -41.5 -138.0 652.5 134 138 -1
137 -53.0 -121.0 673.5 135 139 -1
138 -41.0 -137.5 652.0 136 140 -1
139 -53.5 -120.5 674.0 137 141 -1
140 -41.0 -138.0 651.5 138 142 -1
141 -54.0 -120.0 674.0 139 143 -1
142 -41.0 -138.0 651.0 140 144 -1
143 -54.5 -119.5 674.5 141 145 -1
144 -41.0 -138.0 650.5 142 146 -1
145 -55.0 -119.0 674.5 143 147 -1
146 -40.5 -138.0 650.0 144 148 -1
147 -55.5 -118.5 675.0 145 149 -1
148 -41.0 -138.5 649.5 146 150 -1
149 -56.0 -118.0 675.0 147 151 -1
150 -40.5 -138.5 649.0 148 152 -1
151 -56.5 -117.5 675.5 149 153 -1
152 -40.5 -138.5 648.5 150 154 -1
153 -57.0 -117.0 675.5 151 155 -1
154 -40.0 -138.5 648.0 152 156 -1
155 -57.5 -117.0 676.0 153 157 -1
156 -40.5 -139.0 647.5 154 158 -1
157 -58.0 -116.5 676.0 155 159 -1
158 -40.0 -139.0 647.0 156 160 -1
159 -58.5 -116.0 676.0 157 161 -1
160 -40.0 -139.0 646.5 158 162 -1
161 -59.0 -115.5 676.5 159 163 -1
162 -39.5 -139.0 646.0 160 164 -1
163 -59.5 -115.5 676.5 161 165 -1
164 -39.0 -139.0 645.5 162 166 -1
165 -60.0 -115.0 676.5 163 167 -1
166 -39.5 -139.5 645.0 164 168 -1
167 -60.5 -114.5 677.0 165 169 -1
168 -39.0 -139.0 644.5 166 170 -1
169 -61.0 -114.0 677.0 167 171 -1
170 -39.0 -139.5 644.0 168 172 -1
171 -61.5 -114.0 676.5 169 173 -1
172 -39.0 -139.5 643.5 170 174 -1
173 -62.0 -113.5 676.5 171 175 -1
174 -38.5 -139.5 643.0 172 176 -1
175 -62.5 -113.0 676.5 173 177 -1
176 -38.5 -139.5 642.5 174 178 -1
177 -63.0 -113.0 676.0 175 179 -1
178 -38.5 -140.0 642.0 176 180 -1
179 -63.5 -112.5 675.5 177 181 -1
180 -38.0 -140.0 641.5 178 182 -1
181 -64.0 -112.5 675.0 179 183 -1
182 -38.0 -140.0 641.0 180 184 -1
183 -64.5 -112.0 674.5 181 185 -1
184 -37.5 -140.0 640.5 182 186 -1
185 -65.0 -111.5 674.0 183 187 -1
186 -37.5 -140.0 640.0 184 188 -1
187 -65.5 -111.5 674.0 185 189 -1
188 -37.0 -140.0 639.5 186 190 -1
189 -66.0 -111.0 673.5 187 191 -1
190 -37.0 -140.5 639.0 188 192 -1
191 -65.5 -110.5 673.5 189 193 -1
192 -36.5 -140.5 638.5 190 194 -1
193 -66.0 -110.0 673.0 191 195 -1
194 -36.5 -140.5 638.0 192 196 -1
195 -66.5 -110.0 672.5 193 197 -1
196 -36.5 -141.0 637.5 194 198 -1
197 -67.0 -109.5 672.0 195 199 -1
198 -36.0 -141.0 637.0 196 200 -1
199 -67.0 -109.0 671.5 197 201 -1
200 -36.0 -141.0 636.5 198 202 -1
201 -67.5 -109.0 671.0 199 203 -1
202 -36.0 -141.5 636.0 200 204 -1
203 -68.0 -108.5 670.5 201 205 -1
204 -35.5 -141.5 635.5 202 206 -1
205 -68.5 -108.0 670.0 203 207 -1
206 -35.5 -141.5 635.0 204 208 -1
207 -69.0 -107.5 669.5 205 209 -1
208 -35.0 -141.5 634.5 206 210 -1
209 -69.5 -107.5 669.0 207 211 -1
210 -35.0 -141.5 634.0 208 212 -1
211 -69.5 -107.0 668.5 209 -1 -1
212 -34.5 -141.5 633.5 210 213 -1
213 -34.5 -142.0 633.0 212 214 -1
214 -34.5 -142.0 632.5 213 215 -1
215 -34.0 -142.0 632.0 214 216 -1
216 -34.0 -142.5 631.5 215 217 -1
217 -34.0 -142.5 631.0 216 218 -1
218 -34.0 -142.5 630.5 217 219 -1
219 -33.5 -142.5 630.0 218 220 -1
220 -33.5 -143.0 629.5 219 221 -1
221 -33.5 -143.0 629.0 220 222 -1
222 -33.0 -143.0 628.5 221 223 -1
223 -32.5 -143.0 628.0 222 224 -1
224 -32.5 -143.5 627.5 223 225 -1
225 -32.0 -143.5 627.0 224 226 -1
226 -32.0 -143.5 626.5 225 227 -1
227 -31.5 -143.5 626.0 226 228 -1
228 -31.0 -143.5 625.5 227 229 -1
229 -31.0 -144.0 625.0 228 230 -1
230 -31.0 -144.0 624.5 229 231 -1
231 -30.5 -144.0 624.0 230 232 -1
232 -30.5 -144.0 623.5 231 233 -1
233 -30.5 -144.5 623.0 232 234 -1
234 -30.0 -144.5 622.5 233 235 -1
235 -29.5 -144.5 622.0 234 236 -1
236 -29.5 -145.0 621.5 235 237 -1
237 -29.0 -145.0 621.0 236 238 -1
238 -29.0 -145.0 620.5 237 239 -1
239 -28.5 -145.0 620.0 238 240 -1
240 -28.0 -145.5 619.5 239 241 -1
241 -27.5 -145.5 619.0 240 242 -1
242 -27.5 -146.0 618.5 241 243 -1
243 -27.0 -146.0 618.0 242 244 245
244 -27.5 -146.5 617.5 243 246 -1
245 -26.5 -145.5 618.5 243 247 -1
246 -27.0 -146.5 617.0 244 248 -1
247 -26.0 -145.5 618.5 245 249 -1
248 -26.5 -147.0 616.5 246 250 -1
249 -25.5 -145.0 618.5 247 251 -1
250 -26.5 -147.0 616.0 248 252 -1
251 -25.0 -145.0 619.0 249 253 -1
252 -26.0 -147.5 615.5 250 254 -1
253 -24.5 -144.5 619.5 251 255 -1
254 -26.0 -148.0 615.0 252 256 -1
255 -24.0 -144.5 620.0 253 257 -1
256 -25.5 -148.0 614.5 254 258 -1
257 -23.5 -144.5 620.5 255 259 -1
258 -25.0 -148.5 614.0 256 260 -1
259 -23.0 -144.0 621.0 257 261 -1
260 -25.0 -149.0 613.5 258 262 -1
261 -22.5 -143.5 621.5 259 263 -1
262 -25.0 -149.5 613.0 260 264 -1
263 -22.0 -143.5 622.0 261 265 -1
264 -24.5 -149.5 612.5 262 266 -1
265 -21.5 -143.5 622.5 263 267 -1
266 -24.0 -150.0 612.0 264 268 -1
267 -21.0 -143.5 623.0 265 269 -1
268 -23.5 -150.5 611.5 266 270 -1
269 -20.5 -143.5 623.0 267 271 -1
270 -23.5 -151.0 611.5 268 272 -1
271 -20.0 -143.5 623.5 269 273 -1
272 -23.0 -151.5 611.0 270 274 -1
273 -19.5 -143.0 624.0 271 275 -1
274 -22.5 -151.5 610.5 272 276 -1
275 -19.0 -143.0 624.5 273 277 -1
276 -22.0 -152.0 610.0 274 278 -1
277 -18.5 -143.5 625.0 275 279 -1
278 -21.5 -152.5 609.5 276 280 -1
279 -18.0 -143.5 625.0 277 281 -1
280 -21.0 -153.0 609.0 278 282 -1
281 -17.5 -143.0 625.0 279 283 -1
282 -21.0 -153.5 608.5 280 284 -1
283 -17.0 -143.0 625.5 281 285 -1
284 -20.5 -154.0 608.5 282 286 -1
285 -16.5 -143.5 626.0 283 287 -1
286 -20.0 -154.5 608.0 284 288 -1
287 -16.0 -143.5 626.5 285 289 -1
288 -20.0 -155.5 607.0 286 290 291
289 -16.0 -143.5 627.0 287 292 -1
290 -20.0 -156.0 606.5 288 293 -1
291 -19.5 -155.5 607.5 288 294 -1
292 -16.0 -144.0 627.5 289 295 -1
293 -20.0 -156.5 606.0 290 296 -1
294 -19.0 -155.5 607.5 291 297 -1
295 -16.5 -144.0 628.0 292 298 -1
296 -20.5 -157.0 605.5 293 299 -1
297 -18.5 -156.0 607.5 294 300 -1
298 -16.0 -143.5 628.5 295 301 -1
299 -21.0 -157.5 605.0 296 302 -1
300 -18.0 -156.5 607.5 297 303 -1
301 -16.5 -143.5 629.0 298 304 -1
302 -21.5 -158.0 604.5 299 305 -1
303 -17.5 -157.0 607.5 300 306 -1
304 -16.5 -143.5 629.5 301 307 -1
305 -21.5 -158.5 604.0 302 308 -1
306 -17.0 -157.5 608.0 303 309 -1
307 -17.0 -143.5 630.0 304 310 -1
308 -21.5 -159.0 603.5 305 311 -1
309 -16.5 -158.0 608.5 306 312 -1
310 -17.5 -143.5 630.5 307 313 -1
311 -21.5 -159.0 603.0 308 314 -1
312 -16.0 -158.5 608.5 309 315 -1
313 -17.5 -143.5 631.0 310 316 -1
314 -21.5 -159.5 602.5 311 317 -1
315 -15.5 -159.0 609.0 312 318 -1
316 -18.0 -143.5 631.5 313 319 -1
317 -21.5 -159.5 602.0 314 320 -1
318 -15.0 -159.5 609.5 315 321 -1
319 -18.0 -143.5 632.0 316 322 -1
320 -22.0 -160.0 601.5 317 323 -1
321 -14.5 -160.0 610.0 318 324 -1
322 -18.5 -143.0 632.5 319 325 -1
323 -21.5 -160.0 601.0 320 326 -1
324 -14.0 -160.0 610.5 321 327 -1
325 -19.0 -143.0 633.0 322 328 -1
326 -22.0 -160.5 600.5 323 329 -1
327 -13.5 -160.0 610.5 324 330 -1
328 -19.5 -142.5 633.5 325 331 -1
329 -22.5 -160.5 600.0 326 332 -1
330 -13.0 -160.5 611.0 327 333 -1
331 -19.5 -142.0 634.0 328 334 -1
332 -22.5 -160.5 599.5 329 335 -1
333 -12.5 -160.5 611.5 330 336 -1
334 -20.0 -142.0 634.5 331 337 -1
335 -23.0 -161.0 599.0 332 338 -1
336 -12.0 -160.5 612.0 333 339 -1
337 -20.5 -142.0 634.5 334 340 -1
338 -23.5 -161.5 598.5 335 341 -1
339 -11.5 -161.0 612.5 336 342 -1
340 -21.0 -142.0 635.0 337 343 -1
341 -23.5 -162.0 598.0 338 344 -1
342 -11.0 -161.5 613.0 339 345 -1
343 -21.0 -141.5 635.5 340 346 -1
344 -24.0 -161.5 597.5 341 347 -1
345 -10.5 -162.0 613.0 342 348 -1
346 -21.0 -141.5 636.0 343 349 -1
347 -24.5 -161.5 597.0 344 350 -1
348 -10.0 -162.5 613.5 345 351 -1
349 -21.0 -141.0 636.5 346 352 -1
350 -24.5 -162.0 596.5 347 353 -1
351 -9.5 -162.5 614.0 348 354 -1
352 -21.5 -141.0 637.0 349 355 -1
353 -24.5 -162.0 596.0 350 356 -1
354 -9.0 -163.0 614.5 351 357 -1
355 -21.5 -141.0 637.5 352 358 -1
356 -25.0 -162.0 595.5 353 359 -1
357 -8.5 -163.5 615.0 354 360 -1
358 -21.5 -140.5 638.0 355 361 -1
359 -25.0 -162.0 595.0 356 362 -1
360 -8.0 -163.5 615.5 357 363 -1
361 -21.5 -140.5 638.5 358 364 -1
362 -25.0 -161.5 594.5 359 365 -1
363 -7.5 -163.5 615.5 360 366 -1
364 -21.0 -140.5 639.0 361 367 -1
365 -25.0 -161.5 594.0 362 368 -1
366 -7.0 -163.5 616.0 363 369 -1
367 -21.0 -140.0 639.5 364 370 -1
368 -25.5 -161.5 593.5 365 371 -1
369 -7.0 -163.5 616.5 366 372 -1
370 -21.0 -140.0 640.0 367 373 -1
371 -25.5 -161.5 593.0 368 374 -1
372 -6.5 -163.5 617.0 369 375 -1
373 -21.0 -140.0 640.5 370 376 -1
374 -26.0 -161.5 592.5 371 377 -1
375 -6.0 -163.5 617.5 372 378 -1
376 -21.0 -140.0 641.0 373 379 -1
377 -25.5 -161.0 592.0 374 380 -1
378 -6.0 -163.5 618.0 375 381 -1
379 -20.5 -140.0 641.5 376 382 -1
380 -25.5 -161.0 591.5 377 383 -1
381 -5.5 -163.5 618.5 378 384 -1
382 -20.5 -140.0 642.0 379 385 -1
383 -26.0 -161.0 591.0 380 386 -1
384 -5.5 -163.5 619.0 381 387 -1
385 -20.0 -140.0 642.5 382 388 -1
386 -26.0 -161.0 590.5 383 389 -1
387 -5.0 -163.5 619.5 384 390 -1
388 -19.5 -140.0 643.0 385 391 -1
389 -26.5 -160.5 590.0 386 392 -1
390 -4.5 -163.5 620.0 387 393 -1
391 -19.5 -140.5 643.5 388 394 -1
392 -27.0 -160.5 589.5 389 395 -1
393 -4.0 -163.5 620.5 390 396 -1
394 -19.0 -140.5 644.0 391 397 -1
395 -27.0 -160.5 589.0 392 398 -1
396 -4.0 -163.5 621.0 393 399 -1
397 -18.5 -141.0 644.0 394 400 -1
398 -27.0 -160.0 588.5 395 401 -1
399 -3.5 -163.5 621.5 396 402 -1
400 -18.0 -141.0 644.5 397 403 -1
401 -26.5 -159.5 588.0 398 404 -1
402 -3.0 -163.5 622.0 399 405 -1
403 -17.5 -141.5 644.5 400 406 -1
404 -27.0 -159.5 587.5 401 407 -1
405 -3.0 -163.5 622.5 402 408 -1
406 -17.0 -141.5 644.5 403 409 -1
407 -27.0 -159.0 587.0 404 410 -1
408 -2.5 -163.5 623.0 405 411 -1
409 -16.5 -141.5 644.5 406 412 -1
410 -27.5 -159.0 586.5 407 413 -1
411 -2.5 -163.5 623.5 408 414 -1
412 -16.0 -142.0 644.5 409 415 -1
413 -27.0 -158.5 586.0 410 416 -1
414 -2.0 -163.5 624.0 411 417 -1
415 -15.5 -142.0 645.0 412 418 -1
416 -27.0 -158.0 585.5 413 419 -1
417 -1.5 -163.5 624.5 414 420 -1
418 -15.0 -142.5 645.0 415 421 -1
419 -27.5 -158.0 585.0 416 422 -1
420 -1.5 -163.5 625.0 417 423 -1
421 -14.5 -143.0 645.0 418 424 -1
422 -27.5 -157.5 584.5 419 425 -1
423 -1.0 -163.5 625.5 420 426 -1
424 -14.0 -143.0 645.0 421 427 -1
425 -27.5 -157.5 584.0 422 428 -1
426 -1.0 -163.5 626.0 423 429 -1
427 -13.5 -143.5 645.0 424 430 -1
428 -27.5 -157.5 583.5 425 431 -1
429 -0.5 -163.5 626.5 426 432 -1
430 -13.0 -143.5 644.5 427 433 -1
431 -27.5 -157.0 583.0 428 434 -1
432 0.0 -163.5 627.0 429 435 -1
433 -12.5 -144.0 645.0 430 436 -1
434 -27.0 -157.0 582.5 431 437 -1
435 0.5 -163.5 627.5 432 438 -1
436 -12.0 -144.0 645.0 433 439 -1
437 -26.5 -157.0 582.0 434 440 -1
438 0.5 -163.0 628.0 435 441 -1
439 -11.5 -144.5 645.0 436 442 -1
440 -26.5 -157.0 581.5 437 443 -1
441 1.0 -163.0 628.5 438 444 -1
442 -11.0 -144.5 645.0 439 445 -1
443 -27.0 -156.5 581.0 440 446 -1
444 1.0 -162.5 629.0 441 447 -1
445 -10.5 -144.5 645.0 442 448 -1
446 -26.5 -157.0 580.5 443 449 -1
447 1.5 -162.5 629.5 444 450 -1
448 -10.0 -144.5 645.0 445 451 -1
449 -26.5 -156.5 580.0 446 452 -1
450 1.5 -162.0 630.0 447 453 -1
451 -9.5 -144.5 645.0 448 454 -1
452 -26.5 -156.5 579.5 449 455 -1
453 2.0 -162.0 630.5 450 456 -1
454 -9.0 -144.5 645.5 451 457 -1
455 -26.0 -156.5 579.0 452 458 -1
456 2.5 -162.0 631.0 453 459 -1
457 -8.5 -144.5 645.5 454 460 -1
458 -26.0 -156.5 578.5 455 461 -1
459 2.5 -161.5 631.5 456 462 -1
460 -8.0 -144.5 646.0 457 463 -1
461 -26.0 -156.5 578.0 458 464 -1
462 3.0 -161.5 632.0 459 465 -1
463 -7.5 -144.0 646.5 460 466 -1
464 -25.5 -156.0 577.5 461 467 -1
465 3.0 -161.0 632.5 462 468 -1
466 -7.0 -144.0 647.0 463 469 -1
467 -25.0 -156.0 577.0 464 470 -1
468 3.5 -160.5 633.0 465 471 -1
469 -7.0 -143.5 647.5 466 472 -1
470 -25.0 -156.0 576.5 467 473 -1
471 3.5 -160.0 633.5 468 474 -1
472 -7.0 -143.5 648.0 469 475 -1
473 -25.0 -156.5 576.0 470 476 -1
474 4.0 -160.0 634.0 471 477 -1
475 -6.5 -143.0 648.5 472 478 -1
476 -24.5 -156.0 575.5 473 479 -1
477 4.5 -160.0 634.5 474 480 -1
478 -6.5 -143.0 649.0 475 481 -1
479 -24.5 -156.5 575.0 476 482 -1
480 4.5 -159.5 635.0 477 483 -1
481 -6.5 -142.5 649.5 478 484 -1
482 -24.0 -156.5 574.5 479 485 -1
483 5.0 -159.0 635.5 480 486 -1
484 -6.5 -142.0 650.0 481 487 -1
485 -24.0 -156.5 574.0 482 488 -1
486 5.5 -158.5 636.0 483 489 -1
487 -6.5 -141.5 650.5 484 490 -1
488 -23.5 -156.5 573.5 485 491 -1
489 6.0 -158.5 636.5 486 492 -1
490 -6.5 -141.0 650.5 487 493 -1
491 -23.0 -156.5 573.0 488 -1 -1
492 6.0 -158.0 637.0 489 494 -1
493 -6.5 -140.5 650.5 490 495 -1
494 6.5 -157.5 637.5 492 496 -1
495 -6.5 -140.0 651.0 493 497 -1
496 7.0 -157.0 638.0 494 498 -1
497 -6.5 -139.5 651.0 495 499 -1
498 7.5 -156.5 638.5 496 500 -1
499 -6.5 -139.0 650.5 497 501 -1
500 7.5 -156.5 639.0 498 502 -1
501 -6.5 -138.5 650.5 499 503 -1
502 7.5 -156.0 639.5 500 504 -1
503 -6.0 -138.0 650.5 501 505 -1
504 8.0 -155.5 640.0 502 506 -1
505 -6.0 -137.5 650.0 503 507 -1
506 8.5 -155.0 640.5 504 508 -1
507 -6.0 -137.0 649.5 505 509 -1
508 9.0 -154.5 641.0 506 510 -1
509 -5.5 -137.0 649.0 507 511 -1
510 9.5 -154.0 641.5 508 512 -1
511 -5.5 -136.5 648.5 509 513 -1
512 9.5 -153.5 641.5 510 514 -1
513 -5.5 -136.0 648.0 511 515 -1
514 10.0 -153.0 642.0 512 516 -1
515 -5.5 -136.0 647.5 513 517 -1
516 10.5 -152.5 642.0 514 518 -1
517 -5.5 -136.0 647.0 515 519 -1
518 10.5 -152.0 642.5 516 520 -1
519 -5.5 -135.5 646.5 517 521 -1
520 11.0 -151.5 643.0 518 522 -1
521 -5.5 -135.0 646.0 519 523 -1
522 11.0 -151.0 643.5 520 524 -1
523 -5.5 -134.5 645.5 521 525 -1
524 11.5 -150.5 644.0 522 526 -1
525 -5.5 -134.0 645.0 523 527 -1
526 12.0 -150.0 644.5 524 528 -1
527 -5.5 -133.5 645.0 525 -1 -1
528 12.0 -149.5 645.0 526 529 -1
529 12.5 -149.0 645.0 528 530 -1
530 12.5 -148.5 645.5 529 531 -1
531 13.0 -148.0 645.5 530 532 -1
532 13.5 -147.5 646.0 531 533 -1
533 13.5 -147.0 646.5 532 534 -1
534 13.5 -146.5 646.5 533 535 -1
535 14.0 -146.0 647.0 534 536 -1
536 14.5 -145.5 647.0 535 537 -1
537 14.5 -145.0 647.5 536 538 -1
538 15.0 -144.5 648.0 537 539 -1
539 15.5 -144.0 648.0 538 540 -1
540 16.0 -143.5 648.5 539 541 -1
541 16.5 -143.0 648.5 540 542 -1
542 17.0 -142.5 648.5 541 543 -1
543 17.0 -142.0 649.0 542 544 -1
544 17.0 -141.5 649.5 543 545 -1
545 17.5 -141.0 649.5 544 546 -1
546 17.5 -140.5 650.0 545 547 -1
547 18.0 -140.0 650.0 546 548 -1
548 18.5 -139.5 650.5 547 549 -1
549 19.0 -139.0 651.0 548 550 -1
550 19.0 -138.5 651.0 549 551 -1
551 19.5 -138.0 651.5 550 552 -1
552 20.0 -137.5 651.5 551 553 -1
553 20.5 -137.0 652.0 552 554 -1
554 21.0 -136.5 652.0 553 555 -1
555 21.5 -136.0 652.5 554 556 -1
556 22.0 -135.5 652.5 555 557 -1
557 22.5 -135.0 652.5 556 558 -1
558 23.0 -134.5 653.0 557 559 -1
559 23.5 -134.0 653.0 558 560 -1
560 24.0 -134.0 653.5 559 561 -1
561 24.5 -133.5 653.5 560 562 -1
562 25.0 -133.5 653.5 561 563 -1
563 25.5 -133.0 653.5 562 564 -1
564 26.0 -133.0 654.0 563 565 -1
565 26.5 -132.5 654.0 564 566 -1
566 27.0 -132.5 654.0 565 567 -1
567 27.5 -132.5 654.5 566 568 -1
568 28.0 -132.5 655.0 567 569 -1
569 28.5 -132.5 655.0 568 570 -1
570 29.0 -132.0 655.0 569 571 -1
571 29.5 -132.5 655.5 570 572 -1
572 30.0 -132.5 655.5 571 573 -1
573 30.5 -132.5 655.0 572 574 -1
574 31.0 -132.5 655.0 573 575 -1
575 31.5 -133.0 655.0 574 576 -1
576 32.0 -133.0 655.0 575 577 -1
577 32.5 -133.0 655.5 576 578 -1
578 33.0 -133.0 655.5 577 579 -1
579 33.5 -133.0 655.5 578 580 -1
580 34.0 -133.5 655.5 579 581 -1
581 34.5 -133.5 655.5 580 582 -1
582 35.0 -133.5 655.5 581 583 -1
583 35.5 -134.0 655.5 582 584 -1
584 36.0 -134.5 656.0 583 585 -1
585 36.5 -134.5 656.0 584 586 -1
586 37.0 -134.5 656.0 585 587 -1
587 37.5 -135.0 656.5 586 588 -1
588 38.0 -135.5 656.5 587 589 -1
589 38.5 -135.5 656.5 588 590 -1
590 39.0 -136.0 656.5 589 591 -1
591 39.5 -136.5 656.5 590 592 -1
592 40.0 -137.0 656.5 591 593 -1
593 40.5 -137.5 656.5 592 594 -1
594 41.0 -138.0 656.5 593 595 -1
595 41.0 -138.5 656.5 594 596 -1
596 41.5 -139.0 657.0 595 597 -1
597 41.5 -139.5 656.5 596 598 -1
598 42.0 -140.0 656.5 597 599 -1
599 42.5 -140.5 656.5 598 600 -1
600 42.5 -141.0 656.5 599 601 -1
601 43.0 -141.5 656.0 600 602 -1
602 43.5 -142.0 656.0 601 603 -1
603 43.5 -142.5 656.0 602 604 -1
604 44.0 -143.0 656.0 603 605 -1
605 44.0 -143.5 655.5 604 606 -1
606 44.5 -144.0 655.5 605 607 -1
607 45.0 -144.5 655.5 606 608 -1
608 45.0 -145.0 655.5 607 609 -1
609 45.0 -145.5 655.0 608 610 -1
610 45.5 -146.0 655.0 609 611 -1
611 45.5 -146.5 655.0 610 612 -1
612 45.5 -147.0 654.5 611 613 -1
613 45.5 -147.5 654.0 612 614 -1
614 46.0 -148.0 654.0 613 615 -1
615 46.0 -148.5 653.5 614 616 -1
616 46.0 -149.0 653.5 615 617 -1
617 46.5 -149.5 653.5 616 618 -1
618 46.5 -150.0 653.0 617 619 -1
619 46.5 -150.5 652.5 618 620 -1
620 47.0 -151.0 653.0 619 621 -1
621 47.0 -151.5 652.5 620 622 -1
622 47.0 -152.0 652.0 621 623 -1
623 47.0 -152.5 652.0 622 624 -1
624 47.5 -153.0 652.0 623 625 -1
625 47.5 -153.5 651.5 624 626 -1
626 47.5 -154.0 651.0 625 627 -1
627 47.5 -154.5 650.5 626 628 -1
628 48.0 -155.0 650.5 627 629 -1
629 48.0 -155.5 650.0 628 630 -1
630 48.0 -156.0 649.5 629 631 -1
631 48.0 -156.5 649.0 630 632 -1
632 48.5 -157.0 648.5 631 633 -1
633 48.5 -157.5 648.0 632 634 -1
634 48.5 -158.0 647.5 633 635 -1
635 48.5 -158.5 647.0 634 636 -1
636 48.5 -159.0 646.5 635 637 -1
637 48.5 -159.5 646.0 636 638 -1
638 48.5 -160.0 645.5 637 639 -1
639 48.5 -160.5 645.0 638 640 -1
640 49.0 -160.5 644.5 639 641 -1
641 49.0 -161.0 644.0 640 642 -1
642 49.0 -161.5 643.5 641 643 -1
643 48.5 -162.0 643.0 642 644 -1
644 49.0 -162.0 642.5 643 645 -1
645 49.0 -162.0 642.0 644 646 -1
646 49.5 -162.0 641.5 645 647 -1
647 49.5 -162.5 641.0 646 648 -1
648 49.5 -162.5 640.5 647 649 -1
649 49.5 -162.5 640.0 648 650 -1
650 49.5 -163.0 639.5 649 651 -1
651 50.0 -163.0 639.0 650 652 -1
652 49.5 -163.5 638.5 651 653 -1
653 49.5 -164.0 638.0 652 654 -1
654 49.5 -164.0 637.5 653 655 -1
655 49.5 -164.5 637.0 654 656 -1
656 49.5 -164.5 636.5 655 657 -1
657 49.5 -165.0 636.0 656 658 -1
658 50.0 -164.5 635.5 657 659 -1
659 50.0 -165.0 635.0 658 660 -1
660 50.0 -165.0 634.5 659 661 -1
661 50.0 -165.5 634.0 660 662 -1
662 50.0 -165.5 633.5 661 663 -1
663 50.0 -166.0 633.0 662 664 -1
664 49.5 -166.5 632.5 663 665 -1
665 49.5 -166.5 632.0 664 666 -1
666 49.5 -166.5 631.5 665 667 -1
667 49.5 -166.5 631.0 666 668 -1
668 49.0 -167.0 630.5 667 669 -1
669 49.0 -167.0 630.0 668 670 -1
670 49.0 -167.0 629.5 669 671 -1
671 49.0 -167.0 629.0 670 672 -1
672 49.0 -167.5 628.5 671 673 -1
673 48.5 -167.5 628.0 672 674 -1
674 48.5 -168.0 627.5 673 675 -1
675 48.5 -168.0 627.0 674 676 -1
676 48.0 -168.5 626.5 675 677 -1
677 48.0 -168.5 626.0 676 678 -1
678 47.5 -168.5 625.5 677 679 -1
679 47.5 -168.5 625.0 678 680 -1
680 47.5 -168.5 624.5 679 681 -1
681 47.5 -168.5 624.0 680 682 -1
682 47.5 -168.5 623.5 681 683 -1
683 47.5 -168.5 623.0 682 684 -1
684 47.5 -168.5 622.5 683 685 -1
685 47.5 -168.0 622.0 684 686 -1
686 47.5 -168.0 621.5 685 687 -1
687 47.5 -168.0 621.0 686 688 -1
688 47.0 -168.5 620.5 687 689 -1
689 47.0 -168.5 620.0 688 690 -1
690 46.5 -168.5 619.5 689 691 -1
691 46.5 -168.5 619.0 690 692 -1
692 47.0 -168.0 618.5 691 693 -1
693 47.0 -168.0 618.0 692 694 -1
694 47.0 -168.0 617.5 693 695 -1
695 47.0 -168.0 617.0 694 696 -1
696 47.0 -168.0 616.5 695 697 -1
697 47.0 -168.0 616.0 696 698 -1
698 47.0 -168.0 615.5 697 699 -1
699 46.5 -168.5 615.0 698 700 -1
700 46.5 -168.5 614.5 699 701 -1
701 47.0 -168.0 614.0 700 702 -1
702 47.0 -168.0 613.5 701 703 -1
703 46.5 -168.0 613.0 702 704 -1
704 47.0 -167.5 612.5 703 705 -1
705 47.0 -167.5 612.0 704 706 -1
706 47.0 -167.5 611.5 705 707 -1
707 47.0 -167.5 611.0 706 708 -1
708 47.0 -167.5 610.5 707 709 -1
709 46.5 -167.0 610.0 708 710 -1
710 47.0 -167.0 609.5 709 711 -1
711 47.0 -167.0 609.0 710 712 -1
712 47.0 -166.5 608.5 711 713 -1
713 46.5 -166.0 608.0 712 714 -1
714 47.0 -166.0 607.5 713 715 -1
715 47.5 -166.0 607.0 714 716 -1
716 47.5 -165.5 606.5 715 717 -1
717 47.5 -165.0 606.0 716 718 -1
718 48.0 -165.0 605.5 717 719 -1
719 48.5 -165.0 605.0 718 720 -1
720 48.0 -164.5 604.5 719 721 -1
721 48.0 -164.0 604.0 720 722 -1
722 48.5 -164.0 603.5 721 723 -1
723 49.0 -164.0 603.0 722 724 -1
724 49.0 -163.5 602.5 723 725 -1
725 49.0 -163.0 602.0 724 726 -1
726 49.0 -163.0 601.5 725 727 -1
727 49.5 -163.0 601.0 726 728 -1
728 49.5 -163.0 600.5 727 729 -1
729 49.5 -162.5 600.0 728 730 -1
730 50.0 -162.5 599.5 729 731 -1
731 49.5 -162.0 599.0 730 732 -1
732 49.5 -161.5 598.5 731 733 -1
733 50.0 -161.5 598.0 732 734 -1
734 50.5 -161.5 597.5 733 -1 -1
