0 -58.5 -3.0 -189.5 -1 1 -1
1 -58.5 -2.5 -189.0 0 2 -1
2 -59.0 -2.5 -188.5 1 3 -1
3 -58.5 -2.0 -188.0 2 4 -1
4 -59.0 -2.0 -187.5 3 5 -1
5 -59.0 -2.0 -187.0 4 6 -1
6 -59.0 -1.5 -186.5 5 7 -1
7 -59.0 -1.5 -186.0 6 8 -1
8 -59.0 -1.5 -185.5 7 9 -1
9 -59.5 -1.5 -185.0 8 10 -1
10 -59.0 -1.0 -184.5 9 11 -1
11 -59.0 -1.0 -184.0 10 12 -1
12 -59.5 -1.0 -183.5 11 13 -1
13 -59.5 -1.0 -183.0 12 14 -1
14 -59.5 -0.5 -182.5 13 15 -1
15 -59.5 -0.5 -182.0 14 16 -1
16 -59.5 0.0 -181.5 15 17 -1
17 -59.5 0.0 -181.0 16 18 -1
18 -59.5 0.0 -180.5 17 19 -1
19 -59.5 0.5 -180.0 18 20 -1
20 -59.5 0.5 -179.5 19 21 -1
21 -59.5 0.5 -179.0 20 22 -1
22 -59.5 0.5 -178.5 21 23 -1
23 -59.5 1.0 -178.0 22 24 -1
24 -59.5 1.5 -177.5 23 25 -1
25 -59.5 1.5 -177.0 24 26 -1
26 -59.5 2.0 -176.5 25 27 -1
27 -59.0 2.0 -176.0 26 28 -1
28 -59.5 2.5 -175.5 27 29 -1
29 -59.5 2.5 -175.0 28 30 -1
30 -59.0 3.0 -174.5 29 31 -1
31 -58.5 3.0 -174.0 30 32 -1
32 -59.0 3.5 -173.5 31 33 -1
33 -59.0 4.0 -173.0 32 34 -1
34 -58.5 4.0 -172.5 33 35 -1
35 -58.0 4.0 -172.0 34 36 37
36 -58.5 4.5 -171.5 35 38 -1
37 -57.5 3.5 -172.0 35 39 -1
38 -58.5 5.0 -171.0 36 40 -1
39 -57.0 3.5 -171.5 37 41 -1
40 -58.5 5.5 -170.5 38 42 -1
41 -56.5 3.0 -171.5 39 43 -1
42 -59.0 6.0 -170.0 40 44 -1
43 -56.0 3.0 -171.0 41 45 -1
44 -59.5 6.5 -170.0 42 46 -1
45 -55.5 2.5 -171.0 43 47 -1
46 -60.0 7.0 -169.5 44 48 -1
47 -55.0 2.0 -171.0 45 49 -1
48 -60.0 7.5 -169.0 46 50 -1
49 -54.5 2.0 -171.0 47 51 -1
50 -60.5 8.0 -169.0 48 52 -1
51 -54.0 1.5 -170.5 49 53 -1
52 -61.0 8.5 -169.0 50 54 -1
53 -53.5 1.0 -170.0 51 55 -1
54 -61.0 9.0 -169.0 52 56 -1
55 -53.0 0.5 -170.0 53 57 -1
56 -61.0 9.5 -168.5 54 58 -1
57 -52.5 0.5 -169.5 55 59 -1
58 -61.5 10.0 -168.5 56 60 -1
59 -52.0 0.0 -169.5 57 61 -1
60 -61.5 10.5 -168.0 58 62 -1
61 -51.5 0.0 -169.5 59 63 -1
62 -62.0 11.0 -167.5 60 64 -1
63 -51.0 -0.5 -169.5 61 65 -1
64 -62.5 11.5 -167.5 62 66 -1
65 -50.5 -1.0 -169.0 63 67 -1
66 -62.5 12.0 -167.0 64 68 -1
67 -50.0 -1.0 -169.0 65 69 -1
68 -63.0 12.5 -166.5 66 70 -1
69 -49.5 -1.5 -169.0 67 71 -1
70 -63.5 13.0 -166.0 68 72 -1
71 -49.0 -2.0 -169.0 69 73 -1
72 -63.5 13.5 -165.5 70 74 -1
73 -48.5 -2.5 -169.0 71 75 -1
74 -64.0 14.0 -165.5 72 76 -1
75 -48.0 -2.5 -169.0 73 77 -1
76 -64.5 14.5 -165.0 74 78 -1
77 -47.5 -2.5 -168.5 75 79 -1
78 -65.0 15.0 -164.5 76 80 -1
79 -47.0 -3.0 -169.0 77 81 -1
80 -65.5 15.5 -164.0 78 82 -1
81 -46.5 -3.0 -168.5 79 83 -1
82 -65.5 16.0 -163.5 80 84 -1
83 -46.0 -3.5 -169.0 81 85 -1
84 -66.0 16.5 -163.5 82 86 -1
85 -45.5 -4.0 -169.0 83 87 -1
86 -66.5 16.5 -163.5 84 88 -1
87 -45.0 -4.0 -168.5 85 89 -1
88 -67.0 17.0 -163.0 86 90 -1
89 -44.5 -4.5 -169.0 87 91 -1
90 -67.0 17.5 -162.5 88 92 -1
91 -44.0 -5.0 -169.0 89 93 -1
92 -67.0 17.5 -162.0 90 94 -1
93 -43.5 -5.0 -169.0 91 95 -1
94 -67.5 18.0 -161.5 92 96 -1
95 -43.0 -5.0 -169.0 93 97 -1
96 -68.0 18.5 -161.0 94 98 -1
97 -42.5 -5.0 -169.0 95 99 -1
98 -68.5 18.5 -161.0 96 100 -1
99 -42.0 -5.0 -169.0 97 101 -1
100 -69.0 19.0 -160.5 98 102 -1
101 -41.5 -5.0 -169.0 99 103 -1
102 -69.5 19.5 -160.0 100 104 -1
103 -41.0 -5.5 -169.0 101 105 -1
104 -69.5 20.0 -159.5 102 106 -1
105 -40.5 -5.5 -169.0 103 107 -1
106 -70.0 20.5 -159.0 104 108 -1
107 -40.0 -5.5 -169.0 105 109 -1
108 -70.5 21.0 -158.5 106 110 -1
109 -39.5 -6.0 -169.0 107 111 -1
110 -71.0 21.0 -158.5 108 112 -1
111 -39.0 -6.0 -169.0 109 113 -1
112 -71.5 21.5 -158.0 110 114 -1
113 -38.5 -6.0 -169.0 111 115 -1
114 -72.0 21.5 -157.5 112 116 -1
115 -38.0 -6.0 -169.0 113 117 -1
116 -72.5 22.0 -157.0 114 118 -1
117 -37.5 -6.0 -169.0 115 119 -1
118 -73.0 22.0 -156.5 116 120 -1
119 -37.0 -6.0 -169.0 117 121 -1
120 -73.5 22.5 -156.0 118 122 -1
121 -36.5 -6.0 -169.0 119 123 -1
122 -74.0 23.0 -156.0 120 124 -1
123 -36.0 -6.0 -169.0 121 125 -1
124 -74.5 23.0 -155.5 122 126 -1
125 -35.5 -6.0 -168.5 123 127 -1
126 -75.0 23.0 -155.0 124 128 -1
127 -35.0 -6.0 -168.5 125 129 -1
128 -75.5 23.5 -154.5 126 130 -1
129 -34.5 -5.5 -168.5 127 131 -1
130 -76.0 23.5 -154.0 128 132 -1
131 -34.0 -5.5 -168.5 129 133 -1
132 -76.5 24.0 -153.5 130 134 -1
133 -33.5 -5.5 -168.0 131 135 -1
134 -77.0 24.5 -153.0 132 136 -1
135 -33.0 -5.5 -168.0 133 137 -1
136 -77.5 25.0 -153.0 134 138 -1
137 -32.5 -5.5 -168.0 135 139 -1
138 -78.0 25.0 -152.5 136 140 -1
139 -32.0 -5.0 -168.0 137 141 -1
140 -78.5 25.5 -152.0 138 142 -1
141 -31.5 -5.0 -168.0 139 143 -1
142 -79.0 25.5 -151.5 140 144 -1
143 -31.0 -5.0 -168.0 141 145 -1
144 -79.5 26.0 -151.0 142 146 -1
145 -30.5 -4.5 -167.5 143 147 -1
146 -80.0 26.5 -150.5 144 148 -1
147 -30.0 -4.0 -167.5 145 149 -1
148 -80.5 26.0 -150.5 146 150 -1
149 -29.5 -4.0 -167.0 147 151 -1
150 -81.0 26.5 -150.0 148 152 -1
151 -29.0 -4.0 -167.0 149 153 -1
152 -81.5 26.5 -150.0 150 154 -1
153 -28.5 -4.0 -166.5 151 155 -1
154 -82.0 27.0 -149.5 152 156 -1
155 -28.0 -3.5 -166.5 153 157 -1
156 -82.0 27.5 -149.0 154 158 -1
157 -27.5 -3.5 -166.0 155 159 -1
158 -82.5 28.0 -148.5 156 160 -1
159 -27.0 -3.5 -166.0 157 161 -1
160 -83.0 28.0 -148.5 158 162 -1
161 -26.5 -3.5 -165.5 159 163 -1
162 -83.5 28.5 -148.0 160 164 -1
163 -26.0 -3.0 -165.5 161 165 -1
164 -84.0 28.5 -147.5 162 166 -1
165 -25.5 -2.5 -165.5 163 167 -1
166 -84.0 29.0 -147.0 164 168 -1
167 -25.0 -2.5 -165.0 165 169 -1
168 -84.5 29.0 -146.5 166 170 -1
169 -24.5 -2.5 -164.5 167 171 -1
170 -85.0 29.5 -146.0 168 172 -1
171 -24.0 -2.5 -164.0 169 173 -1
172 -85.5 30.0 -145.5 170 174 -1
173 -23.5 -2.5 -164.0 171 175 -1
174 -86.0 30.0 -145.0 172 176 -1
175 -23.0 -2.5 -163.5 173 177 -1
176 -86.5 30.5 -144.5 174 178 -1
177 -22.5 -2.0 -164.0 175 179 -1
178 -87.0 30.5 -144.0 176 180 -1
179 -22.0 -2.0 -163.5 177 181 -1
180 -87.5 31.0 -143.5 178 182 -1
181 -21.5 -2.0 -163.0 179 183 -1
182 -88.0 31.0 -143.0 180 184 -1
183 -21.0 -1.5 -163.0 181 185 -1
184 -88.5 31.0 -142.5 182 186 -1
185 -20.5 -1.5 -162.5 183 187 -1
186 -88.5 31.5 -142.0 184 188 -1
187 -20.0 -1.5 -162.0 185 189 -1
188 -89.0 32.0 -141.5 186 190 -1
189 -19.5 -1.5 -161.5 187 191 -1
190 -89.0 32.0 -141.0 188 192 -1
191 -19.0 -1.0 -161.5 189 193 -1
192 -89.5 32.5 -140.5 190 194 -1
193 -18.5 -1.0 -161.0 191 195 -1
194 -89.5 32.0 -140.0 192 196 -1
195 -18.0 -1.0 -160.5 193 197 -1
196 -90.0 31.5 -139.5 194 198 -1
197 -17.5 -0.5 -160.5 195 199 -1
198 -90.0 31.0 -139.0 196 200 -1
199 -17.0 -0.5 -160.0 197 201 -1
200 -90.5 31.0 -138.5 198 202 -1
201 -16.5 -0.5 -159.5 199 203 -1
202 -91.0 30.5 -138.0 200 204 -1
203 -16.0 -0.5 -159.0 201 205 -1
204 -91.0 30.0 -137.5 202 206 -1
205 -15.5 0.0 -158.5 203 207 -1
206 -91.0 29.5 -137.5 204 208 -1
207 -15.0 0.0 -158.0 205 209 -1
208 -91.0 29.0 -137.0 206 210 -1
209 -15.0 0.0 -157.5 207 211 -1
210 -91.0 28.5 -137.0 208 212 -1
211 -14.5 0.0 -157.0 209 213 -1
212 -91.0 28.0 -136.5 210 214 -1
213 -14.0 0.5 -156.5 211 215 -1
214 -91.5 28.0 -136.0 212 216 -1
215 -14.0 0.5 -156.0 213 217 -1
216 -91.5 28.0 -135.5 214 218 -1
217 -13.5 0.5 -155.5 215 219 -1
218 -91.5 27.5 -135.0 216 220 -1
219 -13.0 1.0 -155.0 217 221 -1
220 -91.5 27.0 -134.5 218 222 -1
221 -12.5 0.5 -154.5 219 223 -1
222 -91.5 26.5 -134.0 220 224 -1
223 -12.0 0.5 -154.0 221 225 -1
224 -91.5 26.0 -133.5 222 226 -1
225 -12.0 1.0 -153.5 223 227 -1
226 -91.5 25.5 -133.0 224 228 -1
227 -12.0 1.5 -153.0 225 229 -1
228 -92.0 25.0 -132.5 226 230 -1
229 -11.5 1.5 -152.5 227 231 -1
230 -92.0 24.5 -132.5 228 232 -1
231 -11.0 1.5 -152.0 229 233 -1
232 -92.0 24.0 -132.0 230 234 -1
233 -10.5 1.5 -151.5 231 235 -1
234 -92.0 23.5 -131.5 232 236 -1
235 -10.5 2.0 -151.0 233 237 -1
236 -92.0 23.0 -131.0 234 238 -1
237 -10.5 2.0 -150.5 235 239 -1
238 -92.0 22.5 -130.5 236 240 -1
239 -10.0 2.0 -150.0 237 241 -1
240 -91.5 22.0 -130.5 238 242 -1
241 -10.0 2.5 -149.5 239 243 -1
242 -91.5 21.5 -130.0 240 244 -1
243 -9.5 2.5 -149.0 241 245 -1
244 -92.0 21.0 -129.5 242 246 -1
245 -9.5 2.5 -148.5 243 247 -1
246 -92.0 20.5 -129.0 244 248 -1
247 -9.5 3.0 -148.0 245 249 -1
248 -91.5 20.0 -128.5 246 250 -1
249 -9.5 3.5 -147.5 247 251 -1
250 -91.5 19.5 -128.0 248 252 -1
251 -9.0 3.5 -147.0 249 253 -1
252 -91.5 19.5 -127.5 250 254 -1
253 -9.0 4.0 -146.5 251 255 -1
254 -91.5 19.0 -127.0 252 256 -1
255 -8.5 4.5 -146.0 253 257 -1
256 -91.5 18.5 -126.5 254 258 -1
257 -8.5 5.0 -145.5 255 259 -1
258 -91.0 18.0 -126.0 256 260 -1
259 -8.5 5.0 -145.0 257 261 -1
260 -91.0 18.0 -125.5 258 262 -1
261 -8.5 5.5 -144.5 259 263 -1
262 -90.5 18.0 -125.0 260 264 -1
263 -8.0 6.0 -144.0 261 265 -1
264 -91.0 17.5 -124.5 262 266 -1
265 -8.0 6.5 -143.5 263 267 -1
266 -90.5 17.5 -124.0 264 268 -1
267 -7.5 7.0 -143.0 265 269 -1
268 -90.0 17.5 -123.5 266 270 -1
269 -7.5 7.5 -143.0 267 271 -1
270 -90.0 17.5 -123.0 268 272 -1
271 -7.5 8.0 -142.5 269 273 -1
272 -90.0 17.5 -122.5 270 274 -1
273 -7.0 8.5 -142.0 271 275 -1
274 -90.0 17.5 -122.0 272 276 -1
275 -7.0 9.0 -142.0 273 277 -1
276 -90.0 17.0 -121.5 274 278 -1
277 -7.0 9.5 -141.5 275 279 -1
278 -90.0 17.5 -121.0 276 280 -1
279 -7.0 10.0 -141.0 277 281 -1
280 -89.5 17.0 -120.5 278 282 -1
281 -7.0 10.5 -140.5 279 283 -1
282 -89.5 17.0 -120.0 280 284 -1
283 -6.5 11.0 -140.5 281 285 -1
284 -89.5 17.0 -119.5 282 286 -1
285 -6.0 11.5 -140.5 283 287 -1
286 -89.5 17.0 -119.0 284 288 -1
287 -6.0 12.0 -140.0 285 289 -1
288 -89.0 17.0 -118.5 286 290 -1
289 -5.5 12.5 -140.0 287 291 -1
290 -89.0 17.0 -118.0 288 292 -1
291 -6.0 13.0 -139.5 289 293 -1
292 -89.0 17.5 -117.5 290 294 -1
293 -5.5 13.5 -139.5 291 295 -1
294 -88.5 17.5 -117.0 292 296 -1
295 -5.0 14.0 -139.5 293 297 -1
296 -88.5 18.0 -116.5 294 298 -1
297 -5.0 14.5 -139.0 295 299 -1
298 -88.0 18.0 -116.0 296 300 -1
299 -5.5 15.0 -138.5 297 301 -1
300 -88.0 18.5 -115.5 298 302 -1
301 -5.0 15.5 -138.5 299 303 -1
302 -88.0 18.5 -115.0 300 304 -1
303 -5.0 16.0 -138.5 301 305 -1
304 -87.5 18.5 -114.5 302 306 -1
305 -5.0 16.5 -138.0 303 307 -1
306 -87.5 19.0 -114.0 304 308 -1
307 -5.0 17.0 -138.0 305 309 -1
308 -87.5 19.0 -113.5 306 310 -1
309 -5.0 17.5 -138.0 307 311 -1
310 -87.0 19.0 -113.0 308 312 -1
311 -4.5 18.0 -138.0 309 313 -1
312 -87.0 19.0 -112.5 310 314 -1
313 -4.5 18.5 -138.0 311 315 -1
314 -87.0 19.5 -112.0 312 316 -1
315 -4.5 19.0 -138.0 313 317 -1
316 -86.5 19.0 -111.5 314 318 -1
317 -4.5 19.5 -137.5 315 319 -1
318 -86.5 19.5 -111.0 316 320 -1
319 -4.5 20.0 -137.5 317 321 -1
320 -86.5 20.0 -110.5 318 322 -1
321 -4.0 20.5 -137.0 319 323 -1
322 -86.0 19.5 -110.0 320 324 -1
323 -3.5 21.0 -137.0 321 325 -1
324 -86.0 20.0 -109.5 322 326 -1
325 -3.5 21.5 -136.5 323 327 -1
326 -86.0 20.0 -109.0 324 328 -1
327 -3.5 22.0 -137.0 325 329 -1
328 -86.0 20.5 -108.5 326 330 -1
329 -3.5 22.5 -137.0 327 331 -1
330 -86.0 21.0 -108.0 328 332 -1
331 -3.0 23.0 -136.5 329 333 -1
332 -86.0 21.0 -107.5 330 334 -1
333 -2.5 23.5 -136.5 331 335 -1
334 -86.0 21.5 -107.0 332 336 -1
335 -2.5 24.0 -136.5 333 337 -1
336 -86.0 22.0 -106.5 334 338 -1
337 -2.0 24.5 -136.5 335 339 -1
338 -85.5 22.0 -106.0 336 340 -1
339 -2.0 25.0 -136.5 337 341 -1
340 -85.5 22.0 -105.5 338 342 -1
341 -2.0 25.5 -136.5 339 343 -1
342 -85.5 22.5 -105.0 340 344 -1
343 -1.5 26.0 -136.5 341 345 -1
344 -85.5 22.5 -104.5 342 346 -1
345 -1.5 26.5 -136.5 343 347 -1
346 -85.0 23.0 -104.0 344 348 -1
347 -1.0 27.0 -136.5 345 349 -1
348 -85.0 23.5 -103.5 346 350 -1
349 -1.0 27.5 -136.5 347 351 -1
350 -85.0 23.5 -103.0 348 352 -1
351 -0.5 28.0 -136.5 349 353 -1
352 -85.0 23.5 -102.5 350 354 -1
353 -0.5 28.5 -136.5 351 355 -1
354 -84.5 24.0 -102.0 352 -1 -1
355 -0.5 29.0 -136.5 353 356 -1
356 0.0 29.5 -137.0 355 357 -1
357 0.0 30.0 -137.0 356 358 -1
358 0.5 30.5 -136.5 357 359 -1
359 1.0 31.0 -137.0 358 360 -1
360 1.5 31.5 -136.5 359 361 -1
361 1.5 32.0 -137.0 360 362 -1
362 2.0 32.5 -137.0 361 363 -1
363 2.5 33.0 -137.0 362 364 -1
364 3.0 33.5 -137.0 363 365 -1
365 3.5 34.0 -137.5 364 366 -1
366 4.0 34.5 -137.5 365 367 -1
367 4.5 35.0 -138.0 366 368 -1
368 5.0 35.5 -138.0 367 369 -1
369 5.5 35.5 -138.5 368 370 -1
370 6.0 36.0 -138.5 369 371 -1
371 6.5 36.5 -139.0 370 372 -1
372 7.0 37.0 -139.0 371 373 -1
373 7.5 37.0 -139.5 372 374 -1
374 8.0 37.5 -139.5 373 375 -1
375 8.5 38.0 -139.5 374 376 -1
376 9.0 38.0 -140.0 375 377 -1
377 9.5 38.5 -140.0 376 378 -1
378 10.0 39.0 -140.0 377 379 -1
379 10.5 39.0 -140.5 378 380 -1
380 11.0 39.5 -140.5 379 381 -1
381 11.5 39.5 -140.5 380 382 -1
382 12.0 39.5 -141.0 381 383 -1
383 12.5 40.0 -141.0 382 384 -1
384 13.0 40.5 -141.0 383 385 -1
385 13.5 41.0 -141.0 384 386 -1
386 14.0 41.0 -141.0 385 387 -1
387 14.5 41.5 -141.0 386 388 -1
388 15.0 41.5 -141.5 387 389 -1
389 15.5 41.5 -142.0 388 390 -1
390 16.0 42.0 -142.0 389 391 -1
391 16.5 42.0 -142.0 390 392 -1
392 17.0 42.5 -142.5 391 393 -1
393 17.5 42.5 -142.5 392 394 -1
394 18.0 42.5 -142.5 393 395 -1
395 18.5 42.5 -143.0 394 396 -1
396 19.0 43.0 -143.5 395 397 -1
397 19.5 43.0 -143.0 396 398 -1
398 20.0 43.0 -143.0 397 399 -1
399 20.5 43.0 -143.0 398 400 -1
400 21.0 43.5 -143.5 399 401 -1
401 21.5 43.5 -143.5 400 402 -1
402 22.0 44.0 -143.5 401 403 -1
403 22.5 44.0 -143.5 402 404 -1
404 23.0 44.0 -143.5 403 405 -1
405 23.5 44.5 -143.5 404 406 -1
406 24.0 44.5 -143.5 405 407 -1
407 24.5 44.5 -143.5 406 408 -1
408 25.0 45.0 -143.0 407 409 -1
409 25.5 45.0 -143.5 408 410 -1
410 26.0 45.0 -143.5 409 411 -1
411 26.5 45.5 -143.0 410 412 -1
412 27.0 45.5 -143.5 411 413 -1
413 27.5 45.5 -143.5 412 414 -1
414 28.0 46.0 -143.5 413 415 -1
415 28.5 46.0 -143.5 414 416 -1
416 29.0 46.0 -143.0 415 417 -1
417 29.5 46.5 -143.0 416 418 -1
418 30.0 46.5 -142.5 417 419 -1
419 30.5 47.0 -142.5 418 420 -1
420 31.0 47.0 -142.5 419 421 -1
421 31.5 47.0 -142.5 420 422 -1
422 32.0 47.5 -142.5 421 423 -1
423 32.5 47.5 -142.5 422 424 -1
424 33.0 47.5 -142.5 423 425 -1
425 33.5 48.0 -142.5 424 426 -1
426 34.0 48.0 -142.0 425 427 -1
427 34.5 48.0 -142.0 426 428 -1
428 35.0 48.0 -141.5 427 429 -1
429 35.5 48.5 -141.5 428 430 -1
430 36.0 48.5 -141.5 429 431 -1
431 36.5 48.5 -141.0 430 432 -1
432 37.0 49.0 -141.0 431 433 -1
433 37.5 49.0 -141.0 432 434 -1
434 38.0 49.0 -141.0 433 435 -1
435 38.5 49.5 -141.0 434 436 -1
436 39.0 49.5 -140.5 435 437 -1
437 39.5 50.0 -140.5 436 438 -1
438 40.0 50.0 -140.0 437 439 -1
439 40.5 50.0 -140.0 438 440 -1
440 41.0 50.5 -140.0 439 441 -1
441 41.5 51.0 -140.0 440 442 -1
442 42.0 51.5 -140.5 441 443 -1
443 42.5 51.5 -140.0 442 444 -1
444 43.0 52.0 -140.0 443 445 -1
445 43.5 52.0 -140.0 444 446 -1
446 44.0 52.0 -139.5 445 447 -1
447 44.5 52.5 -139.5 446 448 -1
448 45.0 52.5 -139.0 447 449 -1
449 45.5 53.0 -139.5 448 -1 -1
