0 -77.0 -27.0 1437.0 -1 1 -1
1 -77.5 -26.5 1437.0 0 2 -1
2 -78.0 -26.0 1437.0 1 3 -1
3 -78.5 -25.5 1436.5 2 4 -1
4 -79.0 -25.5 1436.0 3 5 -1
5 -79.5 -25.0 1436.0 4 6 -1
6 -80.0 -24.5 1435.5 5 7 -1
7 -80.5 -24.0 1435.5 6 8 -1
8 -81.0 -24.0 1435.5 7 9 -1
9 -81.5 -24.0 1435.0 8 10 -1
10 -82.0 -23.5 1435.0 9 11 -1
11 -82.5 -23.5 1434.5 10 12 -1
12 -83.0 -23.5 1434.5 11 13 -1
13 -83.5 -23.0 1434.5 12 14 -1
14 -84.0 -23.0 1434.5 13 15 -1
15 -84.5 -23.0 1434.0 14 16 -1
16 -85.0 -22.5 1434.5 15 17 -1
17 -85.5 -22.5 1434.0 16 18 -1
18 -86.0 -22.0 1434.5 17 19 -1
19 -86.5 -22.0 1434.5 18 20 -1
20 -87.0 -21.5 1434.5 19 21 -1
21 -87.5 -21.5 1434.5 20 22 -1
22 -88.0 -21.0 1434.5 21 23 -1
23 -88.5 -21.0 1434.0 22 24 -1
24 -89.0 -20.5 1434.0 23 25 -1
25 -89.5 -20.5 1433.5 24 26 -1
26 -90.0 -20.0 1433.5 25 27 -1
27 -90.5 -19.5 1434.0 26 28 -1
28 -91.0 -19.0 1433.5 27 29 -1
29 -91.5 -18.5 1433.5 28 30 -1
30 -92.0 -18.0 1433.5 29 31 -1
31 -92.5 -17.5 1433.0 30 32 -1
32 -92.5 -17.0 1433.0 31 33 -1
33 -93.0 -16.5 1433.0 32 34 -1
34 -93.5 -16.0 1433.0 33 35 -1
35 -94.0 -15.5 1432.5 34 36 -1
36 -94.0 -15.0 1432.5 35 37 -1
37 -94.5 -14.5 1432.0 36 38 -1
38 -94.5 -14.0 1431.5 37 39 -1
39 -95.0 -13.5 1431.0 38 40 -1
40 -95.0 -13.0 1430.5 39 41 -1
41 -94.5 -12.5 1431.0 40 42 -1
42 -94.5 -12.0 1430.5 41 43 -1
43 -95.0 -11.5 1430.0 42 44 -1
44 -94.5 -11.0 1429.5 43 45 -1
45 -94.0 -10.5 1429.5 44 46 -1
46 -94.0 -10.0 1429.0 45 47 -1
47 -94.0 -9.5 1428.5 46 48 -1
48 -93.5 -9.0 1428.0 47 49 -1
49 -93.5 -8.5 1427.5 48 50 -1
50 -93.5 -8.0 1427.0 49 51 -1
51 -93.0 -7.5 1426.5 50 52 -1
52 -92.5 -7.0 1426.0 51 53 -1
53 -92.5 -6.5 1425.5 52 54 -1
54 -92.0 -6.5 1425.0 53 55 -1
55 -92.0 -6.0 1424.5 54 56 -1
56 -92.0 -5.5 1424.0 55 57 -1
57 -92.0 -5.0 1423.5 56 58 -1
58 -92.0 -4.5 1423.0 57 59 -1
59 -92.0 -4.0 1422.5 58 60 -1
60 -92.0 -4.0 1422.0 59 61 -1
61 -92.0 -3.5 1421.5 60 62 -1
62 -92.0 -3.0 1421.0 61 63 64
63 -92.5 -2.5 1421.5 62 65 -1
64 -91.5 -3.5 1420.5 62 66 -1
65 -93.0 -2.0 1421.5 63 67 -1
66 -92.0 -3.0 1420.0 64 68 -1
67 -93.0 -1.5 1422.0 65 69 -1
68 -91.5 -3.0 1419.5 66 70 -1
69 -93.5 -1.0 1422.5 67 71 -1
70 -91.0 -3.5 1419.0 68 72 -1
71 -93.5 -0.5 1422.5 69 73 -1
72 -90.5 -3.5 1418.5 70 74 -1
73 -93.5 0.0 1422.5 71 75 -1
74 -90.0 -4.0 1418.0 72 76 -1
75 -94.0 0.5 1422.5 73 77 -1
76 -89.5 -4.5 1417.5 74 78 -1
77 -94.0 1.0 1422.5 75 79 -1
78 -89.5 -4.0 1417.0 76 80 -1
79 -94.0 1.5 1422.5 77 81 -1
80 -89.0 -4.5 1416.5 78 82 -1
81 -94.5 2.0 1423.0 79 83 -1
82 -88.5 -5.0 1416.0 80 84 -1
83 -94.5 2.5 1423.5 81 85 -1
84 -88.5 -4.5 1415.5 82 86 -1
85 -95.0 3.0 1424.0 83 87 -1
86 -88.0 -5.0 1415.0 84 88 -1
87 -95.5 3.5 1424.0 85 89 -1
88 -87.5 -5.0 1414.5 86 90 -1
89 -96.0 4.0 1424.5 87 91 -1
90 -87.0 -5.5 1414.0 88 92 -1
91 -96.5 4.5 1425.0 89 93 -1
92 -86.5 -5.5 1413.5 90 94 -1
93 -96.5 4.5 1425.5 91 95 -1
94 -86.0 -6.0 1413.0 92 96 -1
95 -97.0 5.0 1426.0 93 97 -1
96 -86.0 -6.0 1412.5 94 98 -1
97 -97.0 5.0 1426.5 95 99 -1
98 -85.5 -6.0 1412.0 96 100 -1
99 -97.5 5.5 1427.0 97 101 -1
100 -85.0 -6.5 1411.5 98 102 -1
101 -97.5 5.5 1427.5 99 103 -1
102 -84.5 -6.5 1411.0 100 104 -1
103 -98.0 6.0 1428.0 101 105 -1
104 -84.0 -6.5 1410.5 102 106 -1
105 -98.0 6.0 1428.5 103 107 -1
106 -83.5 -7.0 1410.0 104 108 -1
107 -98.5 6.5 1429.0 105 109 -1
108 -83.0 -7.0 1409.5 106 110 -1
109 -98.0 6.5 1429.5 107 111 -1
110 -82.5 -7.0 1409.0 108 112 -1
111 -98.5 7.0 1430.0 109 113 -1
112 -82.0 -7.5 1409.0 110 114 -1
113 -98.0 7.0 1430.5 111 115 -1
114 -81.5 -8.0 1409.0 112 116 -1
115 -98.5 7.5 1431.0 113 117 -1
116 -81.0 -8.0 1408.5 114 118 -1
117 -98.5 7.5 1431.5 115 119 -1
118 -80.5 -8.5 1408.0 116 120 -1
119 -98.5 8.0 1432.0 117 121 -1
120 -80.0 -8.5 1407.5 118 122 -1
121 -99.0 8.5 1432.5 119 -1 -1
122 -80.0 -8.5 1407.0 120 123 -1
123 -79.5 -8.5 1406.5 122 124 -1
124 -79.0 -8.5 1406.5 123 125 -1
125 -78.5 -8.5 1406.0 124 126 -1
126 -78.0 -9.0 1406.0 125 127 -1
127 -77.5 -9.0 1405.5 126 128 -1
128 -77.0 -9.0 1405.0 127 129 -1
129 -76.5 -9.0 1404.5 128 130 -1
130 -76.5 -9.0 1404.0 129 131 -1
131 -76.0 -9.0 1403.5 130 132 -1
132 -75.5 -9.0 1403.0 131 133 -1
133 -75.0 -9.5 1402.5 132 134 -1
134 -74.5 -9.5 1402.0 133 135 -1
135 -74.0 -9.5 1401.5 134 136 -1
136 -73.5 -10.0 1401.5 135 137 -1
137 -73.0 -10.0 1401.0 136 138 -1
138 -72.5 -10.5 1400.5 137 139 -1
139 -72.0 -10.0 1400.0 138 140 -1
140 -71.5 -10.5 1399.5 139 141 -1
141 -71.0 -11.0 1399.5 140 142 -1
142 -70.5 -11.5 1399.0 141 143 -1
143 -70.0 -11.5 1398.5 142 144 -1
144 -69.5 -11.5 1398.0 143 145 -1
145 -69.0 -11.5 1397.5 144 146 -1
146 -68.5 -12.0 1397.0 145 147 -1
147 -68.0 -12.0 1396.5 146 148 -1
148 -67.5 -12.5 1396.0 147 149 -1
149 -67.0 -12.5 1395.5 148 150 -1
150 -66.5 -13.0 1395.0 149 151 -1
151 -66.0 -13.0 1394.5 150 152 -1
152 -66.0 -13.0 1394.0 151 153 -1
153 -65.5 -13.5 1393.5 152 154 -1
154 -65.0 -13.5 1393.0 153 155 -1
155 -64.5 -14.0 1392.5 154 156 -1
156 -64.0 -14.0 1392.0 155 157 -1
157 -63.5 -14.5 1391.5 156 158 -1
158 -63.0 -15.0 1391.0 157 159 -1
159 -62.5 -15.0 1390.5 158 160 -1
160 -62.0 -15.0 1390.0 159 161 -1
161 -61.5 -15.5 1389.5 160 162 -1
162 -61.0 -16.0 1389.0 161 163 -1
163 -60.5 -16.5 1388.5 162 164 -1
164 -60.5 -17.0 1388.0 163 165 -1
165 -60.0 -17.0 1387.5 164 166 -1
166 -59.5 -17.0 1387.5 165 167 -1
167 -59.0 -17.5 1387.0 166 168 -1
168 -58.5 -17.5 1386.5 167 169 -1
169 -58.0 -18.0 1386.0 168 170 -1
170 -58.0 -18.5 1385.5 169 171 -1
171 -57.5 -19.0 1385.0 170 172 -1
172 -57.0 -19.0 1384.5 171 173 -1
173 -57.0 -19.5 1384.0 172 174 -1
174 -56.5 -19.5 1383.5 173 175 -1
175 -56.0 -20.0 1383.0 174 176 -1
176 -55.5 -20.0 1382.5 175 177 -1
177 -55.5 -20.5 1382.0 176 178 -1
178 -55.0 -21.0 1381.5 177 179 -1
179 -55.0 -21.5 1381.0 178 180 -1
180 -54.5 -22.0 1380.5 179 181 -1
181 -54.0 -22.5 1380.0 180 182 -1
182 -54.0 -23.0 1379.5 181 183 -1
183 -53.5 -23.5 1379.0 182 184 185
184 -53.5 -24.0 1378.5 183 186 -1
185 -53.0 -23.0 1379.0 183 187 -1
186 -53.5 -24.5 1378.0 184 188 -1
187 -52.5 -23.0 1379.0 185 189 -1
188 -53.0 -24.5 1377.5 186 190 -1
189 -52.0 -23.5 1379.0 187 191 -1
190 -53.5 -25.0 1377.0 188 192 -1
191 -51.5 -24.0 1379.0 189 193 -1
192 -53.5 -25.5 1376.5 190 194 -1
193 -51.0 -24.0 1379.0 191 195 -1
194 -53.5 -26.0 1376.0 192 196 -1
195 -50.5 -24.5 1379.0 193 197 -1
196 -53.5 -26.5 1375.5 194 198 -1
197 -50.0 -25.0 1379.0 195 199 -1
198 -54.0 -27.0 1375.0 196 200 -1
199 -49.5 -25.0 1379.0 197 201 -1
200 -54.5 -27.5 1374.5 198 202 -1
201 -49.0 -25.5 1379.0 199 203 -1
202 -54.5 -28.0 1374.0 200 204 -1
203 -48.5 -25.5 1379.0 201 205 -1
204 -54.5 -28.0 1373.5 202 206 -1
205 -48.0 -26.0 1379.0 203 207 -1
206 -55.0 -28.5 1373.0 204 208 -1
207 -47.5 -26.0 1379.0 205 209 -1
208 -55.5 -29.0 1372.5 206 210 -1
209 -47.0 -26.5 1379.5 207 211 -1
210 -56.0 -29.0 1372.0 208 212 -1
211 -46.5 -27.0 1380.0 209 213 -1
212 -55.5 -29.5 1371.5 210 214 -1
213 -46.0 -27.5 1379.5 211 215 -1
214 -56.0 -29.5 1371.0 212 216 -1
215 -45.5 -27.5 1379.5 213 217 -1
216 -56.5 -30.0 1370.5 214 218 -1
217 -45.0 -27.5 1379.5 215 219 -1
218 -56.5 -30.0 1370.0 216 220 -1
219 -44.5 -27.5 1379.5 217 221 -1
220 -56.5 -30.0 1369.5 218 222 -1
221 -44.0 -28.0 1379.5 219 223 -1
222 -57.0 -30.0 1369.0 220 224 -1
223 -43.5 -27.5 1379.0 221 225 -1
224 -57.0 -30.5 1368.5 222 226 -1
225 -43.0 -27.5 1379.0 223 227 -1
226 -57.0 -30.5 1368.0 224 228 -1
227 -42.5 -27.5 1379.0 225 229 -1
228 -57.5 -30.5 1367.5 226 230 -1
229 -42.0 -27.5 1379.0 227 231 -1
230 -57.5 -31.0 1367.0 228 232 -1
231 -41.5 -27.5 1379.0 229 233 -1
232 -57.5 -31.0 1366.5 230 234 -1
233 -41.0 -27.5 1379.0 231 235 -1
234 -58.0 -31.0 1366.0 232 236 -1
235 -40.5 -27.5 1379.0 233 237 -1
236 -58.0 -31.5 1365.5 234 238 -1
237 -40.0 -27.0 1379.0 235 239 -1
238 -58.0 -31.5 1365.0 236 240 -1
239 -39.5 -27.0 1379.0 237 241 -1
240 -58.5 -31.5 1364.5 238 242 -1
241 -39.0 -27.0 1379.5 239 243 -1
242 -58.5 -31.5 1364.0 240 244 -1
243 -38.5 -27.0 1379.5 241 245 -1
244 -59.0 -31.5 1363.5 242 246 -1
245 -38.0 -26.5 1379.5 243 247 -1
246 -59.0 -32.0 1363.0 244 248 -1
247 -37.5 -26.0 1380.0 245 249 -1
248 -59.0 -32.0 1362.5 246 250 -1
249 -37.0 -26.0 1380.0 247 251 -1
250 -59.5 -32.0 1362.0 248 252 -1
251 -36.5 -26.0 1380.5 249 253 -1
252 -60.0 -32.0 1361.5 250 254 -1
253 -36.0 -26.0 1380.5 251 255 -1
254 -60.0 -32.0 1361.0 252 256 -1
255 -35.5 -25.5 1380.5 253 257 -1
256 -60.5 -32.0 1360.5 254 258 -1
257 -35.0 -25.5 1380.5 255 259 -1
258 -60.5 -32.0 1360.0 256 260 -1
259 -34.5 -25.0 1381.0 257 261 262
260 -61.0 -32.0 1359.5 258 263 -1
261 -34.0 -25.0 1381.0 259 264 -1
262 -34.5 -24.5 1382.0 259 265 -1
263 -61.0 -32.0 1359.0 260 266 -1
264 -33.5 -25.0 1381.0 261 267 -1
265 -35.0 -24.0 1382.5 262 268 -1
266 -61.5 -31.5 1358.5 263 269 -1
267 -33.0 -25.0 1381.0 264 270 -1
268 -35.5 -23.5 1383.0 265 271 -1
269 -61.5 -31.5 1358.0 266 272 -1
270 -32.5 -25.0 1381.0 267 273 -1
271 -35.0 -23.5 1383.5 268 274 -1
272 -62.0 -31.5 1357.5 269 275 -1
273 -32.0 -25.0 1381.0 270 276 -1
274 -35.5 -23.0 1384.0 271 277 -1
275 -62.0 -31.5 1357.0 272 278 -1
276 -31.5 -25.0 1381.0 273 279 -1
277 -36.0 -23.0 1384.5 274 280 -1
278 -62.0 -31.5 1356.5 275 281 -1
279 -31.0 -25.0 1381.0 276 282 -1
280 -36.0 -22.5 1385.0 277 283 -1
281 -62.5 -31.5 1356.0 278 284 -1
282 -30.5 -25.0 1381.0 279 285 -1
283 -36.5 -22.5 1385.5 280 286 -1
284 -62.5 -31.5 1355.5 281 287 -1
285 -30.0 -25.0 1381.0 282 288 -1
286 -37.0 -22.5 1386.0 283 289 -1
287 -62.5 -31.5 1355.0 284 290 -1
288 -29.5 -25.0 1381.0 285 291 -1
289 -37.0 -22.5 1386.5 286 292 -1
290 -62.5 -31.5 1354.5 287 293 -1
291 -29.0 -24.5 1381.0 288 294 -1
292 -37.5 -22.5 1387.0 289 295 -1
293 -62.5 -32.0 1354.0 290 296 -1
294 -28.5 -24.5 1381.0 291 297 -1
295 -38.0 -22.0 1387.5 292 298 -1
296 -62.5 -32.0 1353.5 293 299 -1
297 -28.0 -24.5 1381.0 294 300 -1
298 -38.0 -22.0 1388.0 295 301 -1
299 -63.0 -32.0 1353.0 296 302 -1
300 -27.5 -24.0 1381.0 297 303 -1
301 -38.5 -22.0 1388.5 298 304 -1
302 -63.0 -32.0 1352.5 299 305 -1
303 -27.0 -24.0 1381.0 300 306 -1
304 -38.5 -22.0 1389.0 301 307 -1
305 -63.5 -32.0 1352.0 302 308 -1
306 -26.5 -24.0 1381.5 303 309 -1
307 -39.0 -22.0 1389.5 304 310 -1
308 -63.5 -32.0 1351.5 305 311 -1
309 -26.0 -24.0 1382.0 306 312 -1
310 -39.0 -21.5 1390.0 307 313 -1
311 -64.0 -32.0 1351.0 308 314 -1
312 -25.5 -24.0 1382.0 309 315 -1
313 -39.5 -21.5 1390.5 310 316 -1
314 -64.0 -32.0 1350.5 311 317 -1
315 -25.0 -23.5 1382.5 312 318 -1
316 -40.0 -21.5 1391.0 313 319 -1
317 -64.0 -32.0 1350.0 314 320 -1
318 -24.5 -23.5 1383.0 315 321 -1
319 -40.5 -21.5 1391.5 316 322 -1
320 -64.0 -32.0 1349.5 317 323 -1
321 -24.0 -23.5 1383.0 318 324 -1
322 -41.0 -22.0 1391.5 319 325 -1
323 -64.0 -32.0 1349.0 320 326 -1
324 -23.5 -23.0 1383.5 321 327 -1
325 -41.5 -22.0 1392.0 322 328 -1
326 -64.5 -32.0 1348.5 323 329 -1
327 -23.0 -22.5 1383.5 324 330 -1
328 -42.0 -22.0 1392.5 325 331 -1
329 -64.5 -32.5 1348.0 326 332 -1
330 -22.5 -22.5 1384.0 327 333 -1
331 -42.5 -22.0 1393.0 328 334 -1
332 -65.0 -32.5 1347.5 329 335 -1
333 -22.5 -22.5 1384.5 330 336 -1
334 -43.0 -22.5 1393.5 331 337 -1
335 -65.0 -33.0 1347.0 332 338 -1
336 -22.0 -22.5 1385.0 333 339 -1
337 -43.5 -22.0 1394.0 334 340 -1
338 -65.0 -33.0 1346.5 335 341 -1
339 -21.5 -22.0 1385.5 336 342 -1
340 -43.5 -22.0 1394.5 337 343 -1
341 -65.0 -33.0 1346.0 338 344 -1
342 -21.0 -21.5 1386.0 339 345 -1
343 -44.0 -22.0 1395.0 340 346 -1
344 -65.5 -32.5 1345.5 341 -1 -1
345 -20.5 -21.0 1386.5 342 347 -1
346 -44.0 -22.0 1395.5 343 348 -1
347 -20.5 -20.5 1387.0 345 349 -1
348 -44.0 -22.0 1396.0 346 350 -1
349 -20.0 -20.0 1387.5 347 351 -1
350 -44.0 -22.0 1396.5 348 352 -1
351 -19.5 -19.5 1388.0 349 353 -1
352 -44.5 -22.0 1397.0 350 354 -1
353 -19.5 -19.0 1388.5 351 355 -1
354 -44.5 -22.0 1397.5 352 356 -1
355 -19.0 -18.5 1389.0 353 357 -1
356 -44.5 -21.5 1398.0 354 358 -1
357 -18.5 -18.0 1389.0 355 359 -1
358 -44.5 -21.5 1398.5 356 360 -1
359 -18.0 -17.5 1389.0 357 361 -1
360 -44.5 -21.5 1399.0 358 362 -1
361 -18.0 -17.0 1389.5 359 363 -1
362 -44.5 -21.5 1399.5 360 364 -1
363 -17.5 -16.5 1389.5 361 365 -1
364 -44.5 -21.5 1400.0 362 366 -1
365 -17.5 -16.0 1390.0 363 367 -1
366 -44.5 -21.0 1400.5 364 368 -1
367 -17.0 -15.5 1390.5 365 369 -1
368 -44.5 -21.0 1401.0 366 370 -1
369 -16.5 -15.0 1390.5 367 371 -1
370 -44.5 -21.0 1401.5 368 372 -1
371 -16.5 -14.5 1390.5 369 373 -1
372 -44.5 -20.5 1402.0 370 374 -1
373 -16.5 -14.0 1391.0 371 375 -1
374 -44.0 -20.5 1402.5 372 376 -1
375 -16.0 -13.5 1391.0 373 377 -1
376 -44.0 -20.0 1403.0 374 378 -1
377 -16.0 -13.0 1391.5 375 379 -1
378 -44.0 -19.5 1403.5 376 380 -1
379 -16.0 -12.5 1391.5 377 381 -1
380 -43.5 -19.5 1404.0 378 382 -1
381 -15.5 -12.0 1391.5 379 383 -1
382 -43.0 -19.0 1404.5 380 384 -1
383 -15.0 -11.5 1392.0 381 385 -1
384 -42.5 -19.0 1405.0 382 386 -1
385 -15.0 -11.0 1392.0 383 387 -1
386 -42.0 -18.5 1405.5 384 388 -1
387 -15.0 -10.5 1392.0 385 389 -1
388 -42.0 -18.5 1406.0 386 390 -1
389 -14.5 -10.0 1392.0 387 391 -1
390 -41.5 -18.0 1406.5 388 392 -1
391 -14.0 -9.5 1392.0 389 393 -1
392 -41.0 -18.0 1407.0 390 394 -1
393 -14.0 -9.0 1392.5 391 395 -1
394 -40.5 -17.5 1407.5 392 396 -1
395 -13.5 -8.5 1392.5 393 397 -1
396 -40.0 -17.5 1407.5 394 398 -1
397 -13.5 -8.0 1392.5 395 399 -1
398 -39.5 -17.5 1408.0 396 400 -1
399 -13.0 -7.5 1392.5 397 401 -1
400 -39.0 -17.5 1408.0 398 402 -1
401 -13.0 -7.0 1392.5 399 403 -1
402 -38.5 -17.5 1408.0 400 404 -1
403 -12.5 -6.5 1393.0 401 405 -1
404 -38.0 -17.5 1408.0 402 406 -1
405 -12.5 -6.0 1393.0 403 407 -1
406 -37.5 -17.5 1408.0 404 408 -1
407 -12.5 -5.5 1393.0 405 409 -1
408 -37.0 -17.5 1408.0 406 410 -1
409 -12.0 -5.0 1393.0 407 411 -1
410 -36.5 -17.0 1408.0 408 412 -1
411 -11.5 -4.5 1393.0 409 413 -1
412 -36.0 -17.0 1408.0 410 414 -1
413 -11.0 -4.0 1393.5 411 415 -1
414 -35.5 -17.0 1408.0 412 416 -1
415 -11.0 -3.5 1393.0 413 417 -1
416 -35.0 -16.5 1408.0 414 418 -1
417 -11.0 -3.0 1393.0 415 419 -1
418 -34.5 -16.5 1407.5 416 420 -1
419 -10.5 -2.5 1393.5 417 421 -1
420 -34.0 -16.5 1407.5 418 422 -1
421 -10.0 -2.0 1393.5 419 423 -1
422 -33.5 -16.0 1407.5 420 424 -1
423 -10.0 -1.5 1393.5 421 425 -1
424 -33.0 -16.0 1407.0 422 426 -1
425 -9.5 -1.0 1393.0 423 427 -1
426 -32.5 -15.5 1407.0 424 428 -1
427 -9.0 -0.5 1393.0 425 429 -1
428 -32.0 -15.5 1406.5 426 430 -1
429 -8.5 0.0 1393.0 427 431 -1
430 -31.5 -15.0 1406.0 428 432 -1
431 -8.5 0.5 1392.5 429 433 -1
432 -31.0 -15.0 1405.5 430 434 -1
433 -8.0 1.0 1392.5 431 435 -1
434 -30.5 -14.5 1405.0 432 436 -1
435 -7.5 1.5 1392.5 433 437 -1
436 -30.0 -14.0 1404.5 434 438 -1
437 -7.0 2.0 1392.5 435 439 -1
438 -29.5 -13.5 1404.0 436 440 -1
439 -6.5 2.5 1392.5 437 441 -1
440 -29.0 -13.0 1403.5 438 442 -1
441 -6.5 3.0 1392.0 439 443 -1
442 -28.5 -12.5 1403.5 440 444 -1
443 -6.0 3.5 1392.0 441 445 -1
444 -28.5 -12.0 1404.0 442 446 -1
445 -5.5 4.0 1392.0 443 447 -1
446 -28.0 -11.5 1403.5 444 448 -1
447 -5.0 4.5 1391.5 445 449 -1
448 -28.0 -11.0 1403.0 446 450 -1
449 -4.5 5.0 1391.5 447 451 -1
450 -27.5 -10.5 1403.0 448 452 -1
451 -4.0 5.5 1391.5 449 453 -1
452 -27.5 -10.0 1403.0 450 454 -1
453 -3.5 6.0 1391.5 451 455 -1
454 -27.5 -9.5 1403.0 452 456 -1
455 -3.0 6.0 1391.0 453 457 -1
456 -27.5 -9.0 1403.0 454 458 -1
457 -2.5 6.5 1391.0 455 459 -1
458 -27.0 -8.5 1403.0 456 460 -1
459 -2.0 6.5 1391.0 457 461 -1
460 -26.5 -8.0 1403.0 458 462 -1
461 -1.5 7.0 1391.0 459 463 -1
462 -26.5 -7.5 1403.5 460 464 -1
463 -1.0 7.5 1391.0 461 465 -1
464 -26.0 -7.0 1404.0 462 466 -1
465 -0.5 8.0 1391.0 463 467 -1
466 -26.0 -6.5 1404.0 464 468 -1
467 0.0 8.0 1391.0 465 469 -1
468 -25.5 -6.0 1404.5 466 470 -1
469 0.5 8.0 1390.5 467 471 -1
470 -25.0 -6.0 1405.0 468 472 -1
471 1.0 8.5 1390.5 469 473 -1
472 -25.0 -6.0 1405.5 470 474 -1
473 1.5 9.0 1390.5 471 475 -1
474 -25.0 -5.5 1406.0 472 476 -1
475 2.0 9.0 1390.5 473 477 -1
476 -25.5 -5.5 1406.5 474 478 -1
477 2.5 9.0 1390.0 475 479 -1
478 -25.5 -5.5 1407.0 476 480 -1
479 3.0 9.0 1390.0 477 481 -1
480 -25.0 -6.0 1407.5 478 482 -1
481 3.5 9.0 1390.0 479 483 -1
482 -25.0 -6.0 1408.0 480 484 -1
483 4.0 9.0 1390.0 481 485 -1
484 -25.0 -6.0 1408.5 482 486 -1
485 4.5 9.5 1390.5 483 487 -1
486 -25.0 -6.5 1409.0 484 488 -1
487 5.0 9.5 1390.0 485 489 -1
488 -25.5 -7.0 1409.5 486 490 -1
489 5.5 9.5 1390.0 487 491 -1
490 -25.5 -7.5 1410.0 488 492 -1
491 6.0 9.5 1389.5 489 493 -1
492 -25.5 -8.0 1410.5 490 494 -1
493 6.5 9.5 1389.5 491 495 -1
494 -26.0 -8.5 1411.0 492 496 -1
495 7.0 10.0 1389.5 493 497 -1
496 -26.0 -9.0 1411.0 494 498 -1
497 7.5 10.0 1389.5 495 499 -1
498 -26.0 -9.5 1411.5 496 500 -1
499 8.0 10.0 1389.0 497 501 -1
500 -26.5 -10.0 1411.5 498 502 -1
501 8.5 10.0 1389.0 499 503 -1
502 -26.0 -10.5 1412.0 500 504 -1
503 9.0 10.5 1389.0 501 505 -1
504 -26.5 -11.0 1412.0 502 506 -1
505 9.5 10.5 1389.0 503 507 -1
506 -27.0 -11.5 1412.0 504 508 -1
507 10.0 10.0 1388.5 505 509 -1
508 -27.0 -12.0 1412.0 506 510 -1
509 10.5 10.0 1388.5 507 511 -1
510 -27.0 -12.5 1412.5 508 512 -1
511 11.0 10.0 1388.5 509 513 -1
512 -27.5 -13.0 1412.5 510 514 -1
513 11.5 10.5 1388.0 511 515 -1
514 -27.5 -13.5 1412.5 512 516 -1
515 12.0 10.5 1388.0 513 517 -1
516 -28.0 -14.0 1413.0 514 -1 -1
517 12.5 10.5 1388.0 515 518 -1
518 13.0 10.5 1388.0 517 519 -1
519 13.5 10.5 1388.0 518 520 -1
520 14.0 10.5 1388.0 519 521 -1
521 14.5 10.0 1388.0 520 522 -1
522 15.0 10.0 1388.0 521 523 -1
523 15.5 10.0 1387.5 522 524 -1
524 16.0 10.0 1387.5 523 525 -1
525 16.5 10.0 1387.5 524 526 -1
526 17.0 10.0 1387.5 525 527 -1
527 17.5 10.0 1387.0 526 528 -1
528 18.0 10.0 1387.0 527 529 -1
529 18.5 10.0 1387.0 528 530 -1
530 19.0 10.0 1387.0 529 531 -1
531 19.5 10.0 1387.0 530 532 -1
532 20.0 10.0 1387.0 531 533 -1
533 20.5 10.0 1386.5 532 534 -1
534 21.0 9.5 1386.0 533 535 -1
535 21.5 9.5 1386.0 534 536 -1
536 22.0 9.5 1386.0 535 537 -1
537 22.5 9.5 1386.0 536 538 -1
538 23.0 9.5 1386.0 537 539 -1
539 23.5 9.5 1385.5 538 540 -1
540 24.0 9.5 1385.5 539 541 -1
541 24.5 9.5 1385.0 540 542 -1
542 25.0 9.5 1385.0 541 543 -1
543 25.5 9.5 1385.0 542 544 -1
544 26.0 9.0 1384.5 543 -1 -1
