0 -13.5 -20.0 -155.5 -1 1 -1
1 -13.0 -20.0 -155.0 0 2 -1
2 -12.5 -19.5 -154.5 1 3 -1
3 -12.5 -19.5 -154.0 2 4 -1
4 -12.0 -19.5 -153.5 3 5 -1
5 -12.0 -19.5 -153.0 4 6 -1
6 -11.5 -19.5 -152.5 5 7 -1
7 -11.0 -19.5 -152.0 6 8 -1
8 -11.0 -19.0 -151.5 7 9 -1
9 -11.0 -19.0 -151.0 8 10 -1
10 -10.5 -19.0 -150.5 9 11 -1
11 -10.0 -19.0 -150.0 10 12 -1
12 -9.5 -19.0 -149.5 11 13 -1
13 -9.5 -18.5 -149.0 12 14 -1
14 -9.0 -18.5 -148.5 13 15 -1
15 -9.5 -18.0 -148.0 14 16 -1
16 -9.0 -18.0 -147.5 15 17 -1
17 -8.5 -18.0 -147.0 16 18 -1
18 -8.0 -17.5 -146.5 17 19 -1
19 -8.0 -17.0 -146.0 18 20 -1
20 -8.0 -17.0 -145.5 19 21 -1
21 -8.0 -16.5 -145.0 20 22 -1
22 -7.5 -16.0 -144.5 21 23 -1
23 -7.0 -15.5 -144.0 22 24 -1
24 -7.0 -15.0 -143.5 23 25 -1
25 -6.5 -15.0 -143.0 24 26 27
26 -7.0 -14.5 -142.5 25 28 -1
27 -6.0 -15.5 -143.0 25 29 -1
28 -7.5 -14.0 -142.0 26 30 -1
29 -5.5 -16.0 -143.0 27 31 -1
30 -7.5 -13.5 -141.5 28 32 -1
31 -5.0 -16.5 -143.0 29 33 -1
32 -8.0 -13.0 -141.0 30 34 -1
33 -4.5 -17.0 -143.5 31 35 -1
34 -8.5 -13.0 -140.5 32 36 -1
35 -4.0 -17.5 -143.5 33 37 -1
36 -8.5 -12.5 -140.0 34 38 -1
37 -3.5 -18.0 -143.5 35 39 -1
38 -9.0 -12.0 -139.5 36 40 -1
39 -3.0 -18.0 -143.5 37 41 -1
40 -9.5 -11.5 -139.0 38 42 43
41 -2.5 -18.5 -143.5 39 44 -1
42 -10.0 -11.0 -138.5 40 45 -1
43 -9.0 -11.0 -139.0 40 46 -1
44 -2.0 -18.5 -143.5 41 47 -1
45 -10.5 -11.0 -138.0 42 48 -1
46 -8.5 -10.5 -138.5 43 49 -1
47 -1.5 -19.0 -143.5 44 50 -1
48 -11.0 -11.0 -137.5 45 51 -1
49 -8.0 -10.0 -138.0 46 52 -1
50 -1.0 -19.0 -143.0 47 53 -1
51 -11.5 -11.0 -137.0 48 54 -1
52 -7.5 -9.5 -137.5 49 55 -1
53 -0.5 -19.5 -143.5 50 56 -1
54 -12.0 -10.5 -136.5 51 57 -1
55 -7.0 -9.5 -137.5 52 58 -1
56 0.0 -19.5 -143.5 53 59 -1
57 -12.5 -10.5 -136.0 54 60 -1
58 -6.5 -9.0 -137.0 55 61 -1
59 0.5 -20.0 -143.5 56 62 -1
60 -13.0 -10.5 -135.5 57 63 -1
61 -6.0 -9.0 -136.5 58 64 -1
62 1.0 -20.0 -143.5 59 65 -1
63 -13.5 -10.0 -135.0 60 66 -1
64 -5.5 -9.0 -136.5 61 67 -1
65 1.5 -20.5 -143.5 62 68 -1
66 -14.0 -10.0 -134.5 63 69 -1
67 -5.0 -9.0 -136.0 64 70 -1
68 2.0 -20.5 -143.5 65 71 -1
69 -14.0 -10.0 -134.0 66 72 -1
70 -4.5 -8.5 -135.5 67 73 -1
71 2.5 -20.5 -143.5 68 74 -1
72 -14.5 -10.0 -133.5 69 75 -1
73 -4.0 -8.5 -135.5 70 76 -1
74 3.0 -21.0 -143.5 71 77 -1
75 -14.5 -9.5 -133.0 72 78 -1
76 -3.5 -8.0 -135.0 73 79 -1
77 3.5 -21.0 -143.5 74 80 -1
78 -15.0 -9.5 -132.5 75 81 -1
79 -3.0 -8.0 -134.5 76 82 -1
80 4.0 -21.0 -143.5 77 83 -1
81 -15.5 -9.5 -132.0 78 84 -1
82 -2.5 -8.0 -134.0 79 85 -1
83 4.5 -21.0 -144.0 80 86 -1
84 -16.0 -9.5 -131.5 81 87 -1
85 -2.5 -7.5 -133.5 82 88 -1
86 5.0 -21.5 -144.0 83 89 -1
87 -16.0 -9.5 -131.0 84 90 -1
88 -2.0 -7.0 -133.0 85 91 -1
89 5.5 -21.5 -144.0 86 92 -1
90 -16.5 -9.0 -130.5 87 93 -1
91 -2.0 -7.0 -132.5 88 94 -1
92 6.0 -22.0 -144.0 89 95 -1
93 -17.0 -9.0 -130.0 90 96 -1
94 -1.5 -6.5 -132.0 91 97 -1
95 6.5 -22.0 -144.5 92 98 -1
96 -17.5 -9.0 -129.5 93 99 -1
97 -1.5 -6.5 -131.5 94 100 -1
98 7.0 -22.0 -144.5 95 101 -1
99 -18.0 -9.0 -129.0 96 102 -1
100 -1.0 -6.0 -131.0 97 103 -1
101 7.5 -22.5 -144.5 98 104 -1
102 -18.5 -9.0 -128.5 99 105 -1
103 -1.5 -6.0 -130.5 100 106 -1
104 8.0 -22.5 -145.0 101 107 -1
105 -19.0 -9.0 -128.0 102 108 -1
106 -1.5 -6.0 -130.0 103 109 -1
107 8.5 -22.5 -145.0 104 110 -1
108 -19.5 -9.0 -127.5 105 111 -1
109 -1.0 -5.5 -129.5 106 112 -1
110 9.0 -22.5 -145.0 107 113 -1
111 -19.5 -8.5 -127.0 108 114 -1
112 -1.0 -5.5 -129.0 109 115 -1
113 9.5 -22.5 -145.0 110 116 -1
114 -20.0 -8.5 -126.5 111 117 -1
115 -1.0 -5.5 -128.5 112 118 -1
116 10.0 -22.5 -145.5 113 119 -1
117 -20.5 -8.5 -126.0 114 120 -1
118 -1.0 -5.0 -128.0 115 121 -1
119 10.5 -22.5 -145.5 116 122 -1
120 -21.0 -8.5 -125.5 117 123 -1
121 -1.0 -5.0 -127.5 118 124 -1
122 11.0 -22.5 -145.5 119 125 -1
123 -21.5 -8.5 -125.0 120 126 -1
124 -0.5 -5.0 -127.0 121 127 -1
125 11.5 -23.0 -146.0 122 128 -1
126 -22.0 -8.5 -124.5 123 129 -1
127 -0.5 -5.0 -126.5 124 130 -1
128 12.0 -22.5 -145.5 125 131 -1
129 -22.0 -8.5 -124.0 126 132 -1
130 -0.5 -5.0 -126.0 127 133 -1
131 12.5 -22.5 -146.0 128 134 -1
132 -22.5 -8.5 -123.5 129 135 -1
133 -0.5 -5.0 -125.5 130 136 -1
134 13.0 -22.5 -146.0 131 137 -1
135 -23.0 -8.5 -123.0 132 138 -1
136 -0.5 -5.0 -125.0 133 139 -1
137 13.5 -22.5 -146.0 134 140 -1
138 -23.0 -8.0 -122.5 135 141 -1
139 -0.5 -5.0 -124.5 136 142 -1
140 14.0 -22.5 -146.5 137 143 -1
141 -23.5 -8.0 -122.0 138 144 -1
142 -0.5 -5.0 -124.0 139 145 -1
143 14.5 -22.5 -146.5 140 146 -1
144 -24.0 -8.0 -121.5 141 147 -1
145 0.0 -5.0 -123.5 142 148 -1
146 15.0 -22.5 -147.0 143 149 -1
147 -24.5 -8.0 -121.0 144 150 -1
148 0.0 -5.0 -123.0 145 151 -1
149 15.5 -22.5 -147.0 146 152 -1
150 -25.0 -8.0 -120.5 147 153 -1
151 0.0 -5.0 -122.5 148 154 -1
152 16.0 -22.0 -147.0 149 155 -1
153 -25.5 -8.0 -120.0 150 156 -1
154 0.0 -5.5 -122.0 151 157 -1
155 16.5 -22.0 -147.5 152 158 -1
156 -26.0 -7.5 -119.5 153 159 -1
157 0.0 -5.5 -121.5 154 160 -1
158 17.0 -22.0 -147.5 155 161 -1
159 -26.5 -7.5 -119.0 156 162 -1
160 0.0 -5.5 -121.0 157 163 -1
161 17.5 -21.5 -147.5 158 164 -1
162 -27.0 -7.5 -118.5 159 165 -1
163 0.0 -5.5 -120.5 160 166 -1
164 18.0 -21.5 -148.0 161 167 -1
165 -27.5 -7.5 -118.0 162 168 -1
166 0.5 -5.5 -120.0 163 169 -1
167 18.5 -21.5 -148.5 164 170 -1
168 -28.0 -7.0 -117.5 165 171 -1
169 0.5 -6.0 -119.5 166 172 -1
170 19.0 -21.0 -148.5 167 173 -1
171 -28.0 -7.0 -117.0 168 174 -1
172 0.5 -6.0 -119.0 169 175 -1
173 19.5 -21.0 -148.5 170 176 -1
174 -28.5 -7.0 -116.5 171 177 -1
175 0.5 -6.0 -118.5 172 178 -1
176 20.0 -21.0 -149.0 173 179 -1
177 -29.0 -6.5 -116.0 174 180 -1
178 0.5 -6.5 -118.0 175 181 -1
179 20.5 -20.5 -149.0 176 182 -1
180 -29.5 -6.5 -115.5 177 183 -1
181 0.5 -7.0 -117.5 178 184 -1
182 21.0 -20.0 -149.5 179 185 -1
183 -30.0 -6.5 -115.0 180 186 -1
184 0.5 -7.5 -117.0 181 187 -1
185 21.5 -20.0 -149.5 182 188 -1
186 -30.5 -6.0 -114.5 183 189 -1
187 1.0 -8.0 -116.5 184 190 -1
188 22.0 -19.5 -149.5 185 191 -1
189 -30.5 -6.0 -114.0 186 192 -1
190 1.0 -8.5 -116.5 187 193 -1
191 22.5 -19.0 -150.0 188 194 -1
192 -31.0 -6.0 -113.5 189 195 -1
193 1.0 -9.0 -116.0 190 196 -1
194 23.0 -19.0 -150.0 191 197 -1
195 -31.5 -6.0 -113.0 192 198 -1
196 1.0 -9.5 -115.5 193 199 -1
197 23.5 -18.5 -150.5 194 200 -1
198 -31.5 -5.5 -112.5 195 201 -1
199 1.5 -10.0 -115.0 196 202 -1
200 24.0 -18.0 -150.5 197 203 -1
201 -32.0 -5.5 -112.0 198 204 -1
202 2.0 -10.5 -114.5 199 205 -1
203 24.5 -18.0 -150.5 200 206 -1
204 -32.5 -5.5 -111.5 201 207 -1
205 2.0 -11.0 -114.0 202 208 -1
206 25.0 -17.5 -150.5 203 209 -1
207 -33.0 -5.5 -111.0 204 210 -1
208 2.5 -11.5 -114.0 205 211 -1
209 25.0 -17.0 -151.0 206 212 -1
210 -33.5 -5.5 -110.5 207 213 214
211 2.5 -12.0 -114.0 208 215 -1
212 25.5 -16.5 -151.5 209 216 -1
213 -34.0 -6.0 -110.0 210 217 -1
214 -33.5 -4.5 -110.0 210 218 -1
215 2.5 -12.5 -113.5 211 219 -1
216 26.0 -16.0 -151.5 212 220 -1
217 -34.5 -6.5 -109.5 213 221 -1
218 -33.5 -4.0 -110.0 214 222 -1
219 3.0 -13.0 -113.5 215 223 -1
220 26.5 -15.5 -151.5 216 224 -1
221 -35.0 -7.0 -109.0 217 225 -1
222 -34.0 -3.5 -109.5 218 226 -1
223 3.5 -13.5 -113.5 219 227 -1
224 27.0 -15.0 -151.5 220 228 -1
225 -35.5 -7.5 -108.5 221 229 -1
226 -34.5 -3.0 -109.0 222 230 -1
227 4.0 -14.0 -113.5 223 231 -1
228 27.0 -14.5 -152.0 224 232 -1
229 -36.0 -8.0 -108.0 225 233 -1
230 -35.0 -2.5 -108.5 226 234 -1
231 4.5 -14.5 -113.5 227 235 -1
232 27.5 -14.0 -152.0 228 236 -1
233 -36.0 -8.5 -107.5 229 237 -1
234 -35.0 -2.0 -108.5 230 238 -1
235 4.5 -15.0 -113.0 231 239 -1
236 28.0 -13.5 -151.5 232 240 -1
237 -36.5 -8.5 -107.0 233 241 -1
238 -35.5 -1.5 -108.5 234 242 -1
239 4.5 -15.5 -112.5 235 243 -1
240 28.0 -13.0 -152.0 236 244 -1
241 -36.5 -9.0 -106.5 237 245 -1
242 -35.5 -1.0 -108.0 238 246 -1
243 5.0 -16.0 -112.5 239 247 -1
244 28.5 -12.5 -152.0 240 248 -1
245 -37.0 -9.0 -106.0 241 249 -1
246 -36.0 -0.5 -107.5 242 250 -1
247 5.5 -16.0 -113.0 243 -1 -1
248 29.0 -12.0 -152.0 244 251 -1
249 -37.0 -9.5 -105.5 245 252 -1
250 -36.5 0.0 -107.0 246 253 -1
251 29.5 -11.5 -152.0 248 254 -1
252 -37.0 -10.0 -105.0 249 255 -1
253 -37.0 0.0 -106.5 250 256 -1
254 29.5 -11.0 -152.0 251 257 -1
255 -37.5 -10.0 -104.5 252 258 -1
256 -37.5 0.0 -106.5 253 259 -1
257 29.5 -10.5 -152.0 254 260 -1
258 -38.0 -10.0 -104.0 255 261 -1
259 -38.0 0.5 -106.0 256 262 -1
260 30.0 -10.0 -152.0 257 263 -1
261 -37.5 -10.5 -103.5 258 264 -1
262 -38.5 1.0 -105.5 259 265 -1
263 30.0 -9.5 -152.0 260 266 -1
264 -38.0 -10.5 -103.0 261 267 -1
265 -39.0 1.0 -105.0 262 268 -1
266 30.5 -9.0 -152.0 263 269 -1
267 -38.0 -11.0 -102.5 264 270 -1
268 -39.0 1.5 -104.5 265 271 -1
269 30.5 -8.5 -152.0 266 272 -1
270 -38.0 -11.0 -102.0 267 273 -1
271 -39.5 1.5 -104.0 268 274 -1
272 31.0 -8.0 -151.5 269 275 -1
273 -38.0 -11.5 -101.5 270 276 -1
274 -40.0 2.0 -103.5 271 277 -1
275 31.0 -7.5 -151.5 272 278 -1
276 -38.0 -11.5 -101.0 273 279 -1
277 -40.5 2.0 -103.0 274 280 -1
278 31.5 -7.0 -151.5 275 281 -1
279 -38.0 -12.0 -100.5 276 282 -1
280 -41.0 1.5 -103.5 277 283 -1
281 32.0 -6.5 -152.0 278 284 -1
282 -38.0 -12.0 -100.0 279 285 -1
283 -41.5 2.0 -103.0 280 286 -1
284 32.0 -6.0 -151.5 281 287 -1
285 -38.0 -12.0 -99.5 282 288 -1
286 -42.0 2.0 -102.5 283 289 -1
287 32.5 -5.5 -152.0 284 290 -1
288 -38.0 -12.5 -99.0 285 291 -1
289 -42.5 2.0 -102.0 286 292 -1
290 33.0 -5.0 -151.5 287 293 -1
291 -37.5 -12.5 -98.5 288 294 -1
292 -43.0 2.0 -102.0 289 295 -1
293 32.5 -4.5 -151.0 290 296 -1
294 -37.5 -13.0 -98.0 291 297 -1
295 -43.5 2.5 -101.5 292 298 -1
296 33.0 -4.0 -151.0 293 299 -1
297 -37.0 -13.5 -97.5 294 300 -1
298 -44.0 2.5 -101.0 295 301 -1
299 33.0 -3.5 -151.0 296 302 -1
300 -36.5 -13.5 -97.0 297 303 -1
301 -44.5 2.5 -101.0 298 304 -1
302 33.5 -3.0 -151.0 299 305 -1
303 -36.0 -14.0 -96.5 300 306 -1
304 -45.0 3.0 -100.5 301 -1 -1
305 34.0 -2.5 -151.0 302 307 -1
306 -35.5 -14.5 -96.0 303 308 -1
307 34.0 -2.0 -150.5 305 309 -1
308 -35.0 -14.5 -95.5 306 310 -1
309 34.0 -1.5 -150.5 307 311 -1
310 -34.5 -15.0 -95.0 308 312 -1
311 34.5 -1.0 -150.5 309 313 -1
312 -34.0 -15.5 -94.5 310 314 -1
313 35.0 -0.5 -150.5 311 315 -1
314 -33.5 -16.0 -94.0 312 316 -1
315 35.0 0.0 -150.0 313 317 -1
316 -33.0 -16.0 -93.5 314 318 -1
317 35.5 0.5 -150.5 315 319 -1
318 -33.0 -16.5 -93.0 316 320 -1
319 35.5 1.0 -150.0 317 321 -1
320 -32.5 -17.0 -92.5 318 322 -1
321 36.0 1.5 -150.0 319 323 -1
322 -32.0 -17.0 -92.5 320 -1 -1
323 36.0 2.0 -150.0 321 324 -1
324 36.5 2.5 -149.5 323 325 -1
325 37.0 3.0 -149.5 324 326 -1
326 37.5 3.5 -149.5 325 327 -1
327 37.5 4.0 -149.0 326 328 -1
328 37.5 4.5 -148.5 327 329 -1
329 38.0 5.0 -148.5 328 330 -1
330 38.5 5.5 -148.5 329 331 -1
331 38.5 6.0 -148.0 330 332 -1
332 39.0 6.5 -147.5 331 333 -1
333 39.5 7.0 -147.0 332 334 -1
334 40.0 7.5 -146.5 333 335 -1
335 40.5 8.0 -146.5 334 336 -1
336 40.5 8.5 -146.0 335 337 -1
337 40.5 8.5 -145.5 336 338 -1
338 41.0 9.0 -145.0 337 339 -1
339 41.5 9.5 -144.5 338 340 -1
340 42.0 9.5 -144.0 339 341 -1
341 42.0 10.0 -143.5 340 342 -1
342 42.5 10.0 -143.0 341 343 -1
343 42.5 10.5 -142.5 342 344 -1
344 43.0 10.5 -142.0 343 345 -1
345 43.0 10.5 -141.5 344 346 -1
346 43.0 11.0 -141.0 345 347 -1
347 43.5 11.0 -140.5 346 348 -1
348 43.5 11.0 -140.0 347 349 -1
349 43.5 11.5 -139.5 348 350 -1
350 43.5 11.5 -139.0 349 351 -1
351 44.0 11.5 -138.5 350 352 -1
352 44.0 11.5 -138.0 351 353 -1
353 44.0 11.5 -137.5 352 354 -1
354 44.5 12.0 -137.0 353 355 -1
355 44.5 12.0 -136.5 354 356 -1
356 44.5 11.5 -136.0 355 357 -1
357 44.5 11.5 -135.5 356 358 -1
358 45.0 11.5 -135.0 357 359 -1
359 45.0 11.5 -134.5 358 360 -1
360 44.5 11.0 -134.0 359 361 -1
361 45.0 11.0 -133.5 360 362 -1
362 45.0 11.0 -133.0 361 363 -1
363 44.5 10.5 -132.5 362 364 -1
364 45.0 10.5 -132.0 363 365 -1
365 45.0 10.0 -131.5 364 366 -1
366 45.0 10.0 -131.0 365 367 -1
367 45.0 9.5 -130.5 366 368 -1
368 45.5 9.5 -130.0 367 369 -1
369 45.5 9.0 -129.5 368 370 -1
370 45.5 8.5 -129.0 369 371 -1
371 46.0 8.0 -128.5 370 372 -1
372 46.0 8.0 -128.0 371 373 -1
373 46.0 7.5 -127.5 372 374 -1
374 46.0 7.0 -127.0 373 375 -1
375 46.5 6.5 -126.5 374 376 -1
376 47.0 6.0 -126.0 375 377 -1
377 47.0 5.5 -125.5 376 378 -1
378 47.5 5.0 -125.0 377 379 -1
379 48.0 4.5 -125.0 378 380 -1
380 48.0 4.0 -124.5 379 381 -1
381 48.5 3.5 -124.0 380 382 -1
382 48.5 3.0 -123.5 381 383 -1
383 49.0 2.5 -123.0 382 384 -1
384 49.5 2.0 -122.5 383 385 -1
385 50.0 2.0 -123.0 384 386 -1
386 50.5 1.5 -122.5 385 387 -1
387 50.5 1.0 -122.0 386 388 -1
388 51.0 0.5 -122.0 387 389 -1
389 51.5 0.0 -121.5 388 390 -1
390 52.0 0.0 -121.0 389 391 -1
391 52.5 -0.5 -121.0 390 392 -1
392 53.0 -1.0 -121.0 391 393 -1
393 53.5 -1.0 -121.0 392 394 -1
394 54.0 -1.0 -120.5 393 395 -1
395 54.5 -1.5 -120.5 394 396 -1
396 55.0 -2.0 -120.5 395 397 -1
397 55.5 -2.0 -120.5 396 398 -1
398 56.0 -2.0 -120.5 397 399 -1
399 56.5 -2.0 -121.0 398 400 -1
400 57.0 -2.5 -121.0 399 401 -1
401 57.5 -2.5 -121.0 400 402 -1
402 58.0 -3.0 -121.0 401 403 -1
403 58.5 -3.0 -121.0 402 404 -1
404 59.0 -3.5 -121.0 403 405 -1
405 59.5 -3.5 -121.5 404 406 -1
406 60.0 -4.0 -121.0 405 407 -1
407 60.5 -4.0 -121.5 406 408 -1
408 61.0 -4.0 -122.0 407 409 -1
409 61.5 -4.5 -122.0 408 410 -1
410 62.0 -4.5 -122.0 409 411 -1
411 62.5 -5.0 -122.0 410 412 -1
412 63.0 -5.0 -122.5 411 413 -1
413 63.5 -5.5 -122.5 412 414 -1
414 64.0 -5.5 -123.0 413 415 -1
415 64.5 -6.0 -123.0 414 416 -1
416 65.0 -6.0 -123.5 415 417 -1
417 65.5 -6.0 -124.0 416 418 -1
418 66.0 -6.5 -124.5 417 419 -1
419 66.5 -6.5 -124.5 418 420 -1
420 67.0 -6.5 -125.0 419 421 -1
421 67.0 -7.0 -125.5 420 422 -1
422 67.5 -7.5 -126.0 421 423 -1
423 68.0 -7.5 -126.5 422 424 -1
424 68.5 -7.5 -126.5 423 425 -1
425 69.0 -7.5 -127.0 424 426 -1
426 69.5 -7.5 -127.5 425 427 -1
427 69.5 -8.0 -128.0 426 428 -1
428 69.5 -8.0 -128.5 427 429 -1
429 70.0 -8.0 -129.0 428 430 -1
430 70.5 -8.0 -129.5 429 431 -1
431 70.5 -8.5 -130.0 430 432 -1
432 71.0 -8.5 -130.5 431 433 -1
433 71.5 -8.0 -131.0 432 434 -1
434 71.5 -8.5 -131.5 433 435 -1
435 72.0 -8.0 -132.0 434 436 -1
436 72.0 -8.5 -132.5 435 437 -1
437 72.5 -8.5 -133.0 436 438 -1
438 73.0 -8.0 -133.5 437 439 -1
439 73.0 -8.5 -134.0 438 440 -1
440 73.5 -8.0 -134.5 439 441 -1
441 74.0 -8.0 -135.0 440 442 -1
442 74.0 -8.0 -135.5 441 443 -1
443 74.5 -7.5 -136.0 442 444 -1
444 75.0 -7.5 -136.5 443 445 -1
445 75.0 -7.0 -137.0 444 446 -1
446 75.5 -7.0 -137.5 445 447 -1
447 76.0 -6.5 -138.0 446 448 -1
448 76.0 -7.0 -138.5 447 449 -1
449 76.5 -6.5 -139.0 448 450 -1
450 76.5 -6.5 -139.5 449 -1 -1
