0 -13.5 -20.0 -155.5 -1 1 -1
1 -13.380077205732139 -19.9717719390645 -155.34227521337834 0 2 -1
2 -13.26118400122677 -19.94348384316071 -155.1837645932032 1 3 -1
3 -13.143328793214827 -19.91507810274705 -155.0245016321861 2 4 -1
4 -13.026516866296342 -19.886526610959304 -154.86449784272236 3 5 -1
5 -12.910753229916093 -19.85780015842346 -154.70376515170767 4 6 -1
6 -12.796041932665274 -19.82886850396269 -154.5423163856186 5 7 -1
7 -12.682386032179148 -19.799700390971974 -154.380165271594 6 8 -1
8 -12.569787688928509 -19.7702635318689 -154.21732636071448 7 9 -1
9 -12.45824862971783 -19.740524455940072 -154.05381473413473 8 10 -1
10 -12.347768730241961 -19.710448919631872 -153.8896468932176 9 11 -1
11 -12.238347413949901 -19.68000151485696 -153.72483986325565 10 12 -1
12 -12.12998306547807 -19.64914582484682 -153.55941156965477 11 13 -1
13 -12.02267288991865 -19.617844494695493 -153.3933809142257 12 14 -1
14 -11.916412896977757 -19.586059270754387 -153.2267677739148 13 15 -1
15 -11.811197888446149 -19.55375104361451 -153.0595929992954 14 16 -1
16 -11.707022253619172 -19.520879424401762 -152.89187800906504 15 17 -1
17 -11.603878035046726 -19.48740382894576 -152.72364579481732 16 18 -1
18 -11.501756963769806 -19.45328240038191 -152.5549198707797 17 19 -1
19 -11.400649468730634 -19.418472567248486 -152.38572480186588 18 20 -1
20 -11.300544403279194 -19.382931328445565 -152.2160863153739 19 21 -1
21 -11.201429732080209 -19.346614833389275 -152.0460309939441 20 22 -1
22 -11.10329217494047 -19.309478679217374 -151.8755864518102 21 23 -1
23 -11.006116934957689 -19.271478254386977 -151.7047814343139 22 24 -1
24 -10.909888377044405 -19.232568227160012 -151.53364556605598 23 25 -1
25 -10.81458954047623 -19.19270306014709 -151.36220954806586 24 26 -1
26 -10.720202343879535 -19.151836923508196 -151.19050509101723 25 27 -1
27 -10.626707328618517 -19.109924119331772 -151.01856498594907 26 28 -1
28 -10.53408414292315 -19.06691866250699 -150.84642297207222 27 29 -1
29 -10.442311294153091 -19.022774689112442 -150.67411381323555 28 30 -1
30 -10.351366193460404 -18.977446573248223 -150.50167327862948 29 31 -1
31 -10.261225204656402 -18.930889047810055 -150.3291381204414 30 32 -1
32 -10.171863697146845 -18.88305732890187 -150.15654604807347 31 33 -1
33 -10.083256102780908 -18.833907243528863 -149.98393569852158 32 34 -1
34 -9.995375976441945 -18.78339536015623 -149.81134660250515 33 35 -1
35 -9.908196298499114 -18.731478609388695 -149.63881918222492 34 36 -1
36 -9.821688908316222 -18.678115694392506 -149.46639465079096 35 37 -1
37 -9.735825105073815 -18.62326621668319 -149.29411498632143 36 38 -1
38 -9.65057583083669 -18.56689041467615 -149.122022968122 37 39 -1
39 -9.565910964722146 -18.508951299073225 -148.95016185098024 38 40 -1
40 -9.481800579426299 -18.44941168825862 -148.77857574016303 39 41 -1
41 -9.398213669115707 -18.388238151288828 -148.6073088911692 40 42 -1
42 -9.315119623053448 -18.325396961291162 -148.43640639817065 41 43 -1
43 -9.232486976822528 -18.260858559599843 -148.26591320429398 42 44 -1
44 -9.150284741757654 -18.194593309244873 -148.09587500652464 43 45 -1
45 -9.06848135245626 -18.12657597825431 -147.9263370501756 44 46 -1
46 -8.987045788680598 -18.05678152790848 -147.7573452008734 45 47 -1
47 -8.90594675846059 -17.98518932525878 -147.58894461831184 46 48 -1
48 -8.825153482227224 -17.91177982705075 -147.4211806887197 47 49 -1
49 -8.744635377266885 -17.836536680473028 -147.25409825672563 48 50 -1
50 -8.664362233196128 -17.759446434303666 -147.087741580493 49 51 -1
51 -8.584304375052652 -17.680497936357636 -146.92215445972604 50 52 -1
52 -8.504432691131592 -17.599682532123175 -146.75738007371143 51 53 -1
53 -8.424718622233096 -17.516995012756677 -146.59346043386736 52 54 -1
54 -8.34513433215236 -17.43243265939142 -146.4304366618827 53 55 -1
55 -8.26565274127651 -17.345995409686367 -146.26834880098107 54 56 -1
56 -8.186247580760975 -17.25768566076797 -146.10723579758331 55 57 -1
57 -8.106893411358117 -17.167509263583995 -145.94713483011955 56 58 -1
58 -8.027565720202595 -17.07547430583175 -145.7880817955737 57 59 -1
59 -7.9482409299604315 -16.98159071727884 -145.63011144744328 58 60 -1
60 -7.868896431386496 -16.885872049524412 -145.47325620694878 59 61 -1
61 -7.789510617883901 -16.78833361960015 -145.31754710059295 60 62 -1
62 -7.710062891862043 -16.688992883967096 -145.16301342904518 61 63 -1
63 -7.630533686734579 -16.58786957927928 -145.00968253916227 62 64 -1
64 -7.550904484157254 -16.484985615357104 -144.85757974416165 63 65 -1
65 -7.471157806408012 -16.380364705789862 -144.70672844170872 64 66 -1
66 -7.391277158797833 -16.274031665701244 -144.5571505279498 65 67 -1
67 -7.3112471480574115 -16.166013875391574 -144.40886518554555 66 68 -1
68 -7.231053355820533 -16.056339639016166 -144.26188998397376 67 69 -1
69 -7.150682351866955 -15.945038516237311 -144.11624054631247 68 70 -1
70 -7.070121705036311 -15.832141440259598 -143.9719303430979 69 71 -1
71 -6.989359872654969 -15.71767987144806 -143.82897131452756 70 72 -1
72 -6.908386325344298 -15.601686841285098 -143.6873728820278 71 73 -1
73 -6.827191288730209 -15.484195144528899 -143.5471434690764 72 74 -1
74 -6.745765992830559 -15.36523916678223 -143.40828878229573 73 75 -1
75 -6.6641024292574915 -15.244853298970849 -143.27081318275535 74 76 -1
76 -6.582193241708426 -15.12307152706587 -143.13472009919468 75 77 -1
77 -6.5 -15.0 -143.0 76 78 79
78 -6.3741720751077775 -15.151147640088558 -143.00704042729117 77 80 -1
79 -6.632057110953829 -14.844624152123506 -142.88156392920564 77 81 -1
80 -6.246444960504499 -15.300571164326481 -143.01655879743984 78 82 -1
81 -6.760948972157192 -14.692096591104496 -142.75614171735103 79 83 -1
82 -6.116835287404902 -15.448194116111392 -143.02843564821805 80 84 -1
83 -6.886550795274181 -14.542618656909061 -142.62389525099252 81 85 -1
84 -5.985352418304015 -15.593953037195886 -143.04254477028306 82 86 -1
85 -7.008793983921387 -14.396338846014878 -142.48508719743944 83 87 -1
86 -5.851985075067209 -15.737767375995185 -143.05876817123632 84 88 -1
87 -7.127680445345706 -14.253342637044675 -142.34007903772726 85 89 -1
88 -5.716757977513027 -15.8795991700996 -143.07693227423417 86 90 -1
89 -7.243292440150524 -14.113640366785033 -142.18932434999408 87 91 -1
90 -5.579698662701306 -16.019422159464604 -143.0968518214287 88 92 -1
91 -7.355798796909501 -13.977158523370404 -142.03335791563086 89 93 -1
92 -5.440818403982957 -16.15720013231549 -143.11834671038014 90 94 -1
93 -7.465456942312562 -13.843735222557282 -141.87278223845507 91 95 -1
94 -5.300128320736771 -16.29290384791662 -143.14122402349125 92 96 -1
95 -7.572609326120081 -13.713121628483407 -141.70825129727413 93 97 -1
96 -5.157639194653485 -16.426510940354458 -143.16527844322965 94 98 -1
97 -7.677676445875126 -13.584987194232236 -141.5404563761867 95 99 -1
98 -5.0133613898655405 -16.55800571539733 -143.1902926268903 96 100 -1
99 -7.781145665261303 -13.458929737955799 -141.37011289530315 97 101 -1
100 -4.867304888134558 -16.687378851453158 -143.21603753219287 98 102 -1
101 -7.883557797062676 -13.334488251792825 -141.19795080034388 99 103 -1
102 -4.719479449462155 -16.814627016024225 -143.2422726901727 100 104 -1
103 -7.985491755579841 -13.211158142300363 -141.0247077798088 101 105 -1
104 -4.5698949078279805 -16.93975240891892 -143.2687464274007 102 106 -1
105 -8.087548298669441 -13.088407638900506 -140.8511253798652 103 107 -1
106 -4.418561611205554 -17.062762242964684 -143.2951960455135 104 108 -1
107 -8.190333172345081 -12.965694924802348 -140.67794682029944 105 109 -1
108 -4.265491014435841 -17.183668172224646 -143.32134797232086 106 110 -1
109 -8.294440029573733 -12.842485427821893 -140.50591536195478 107 111 -1
110 -4.110696432768858 -17.302485676908216 -143.3469179053765 108 112 -1
111 -8.400433340476907 -12.718268890458486 -140.33577182012684 109 113 -1
112 -3.954193962685856 -17.41923341343292 -143.37161097583032 110 114 -1
113 -8.508831963235831 -12.592575568355896 -140.16825030280208 111 115 -1
114 -3.7959905324785357 -17.533916653890753 -143.39511025089428 112 116 -1
115 -8.620093369815068 -12.46499127464156 -140.0040706378065 113 117 -1
116 -3.636109205372095 -17.646555523648335 -143.4170901765988 114 118 -1
117 -8.734600089360457 -12.33517005150696 -139.84392782447097 115 119 -1
118 -3.4745956369271704 -17.7571905429076 -143.43723366493532 116 120 -1
119 -8.852649001316285 -12.202843751830946 -139.6884783882753 117 121 -1
120 -3.311490517939022 -17.865846431302014 -143.4552054460938 118 122 -1
121 -8.97444484180866 -12.067827446105795 -139.5383250407138 119 123 -1
122 -3.1468446431887642 -17.972547546314424 -143.47066245139118 120 124 -1
123 -9.100098006403805 -11.93002056217954 -139.39400021697915 121 125 -1
124 -2.9807014515566905 -18.07729077742644 -143.483211974657 122 126 -1
125 -9.229628242870989 -11.78940270695326 -139.25595221778025 123 127 -1
126 -2.8131507736539185 -18.180100463094444 -143.49265117413785 124 128 -1
127 -9.362972977356728 -11.646025296111857 -139.1245346346714 125 129 -1
128 -2.64431041093517 -18.281010041506867 -143.49916625541343 126 130 -1
129 -9.5 -11.5 -139.0 127 131 132
130 -2.4742802126345733 -18.3800438595797 -143.50297914224967 128 133 -1
131 -9.640300978423461 -11.444401259462321 -138.84218911649995 129 134 -1
132 -9.330188964517848 -11.414903546535665 -138.96351626766813 129 135 -1
133 -2.3031277496453373 -18.47719236225864 -143.50426573608854 130 136 -1
134 -9.780501019040978 -11.389525869419753 -138.68409016352436 131 137 -1
135 -9.160929743140418 -11.329753624953225 -138.92439698041875 132 138 -1
136 -2.130965018705329 -18.572543421966564 -143.50332783339897 133 139 -1
137 -9.920693696538176 -11.335288322001867 -138.52576473522475 134 140 -1
138 -8.992454605950991 -11.244421185753843 -138.88239710961122 135 141 -1
139 -1.9578729921536246 -18.66615727864372 -143.50041960978916 136 142 -1
140 -10.060877681780102 -11.28168100009409 -138.36721712218002 137 143 -1
141 -8.824817375404102 -11.158920781963559 -138.8374871507993 138 144 -1
142 -1.783908059741663 -18.75806781992886 -143.49576705089194 139 145 -1
143 -10.201051660550611 -11.228698427024733 -138.20845080394116 140 146 -1
144 -8.658072893800098 -11.0732677970266 -138.78964063184029 141 147 -1
145 -1.6091436525837755 -18.848362144258317 -143.4896507232737 142 148 -1
146 -10.341214379243613 -11.176333814510338 -138.0494696682581 143 149 -1
147 -8.492276860267275 -10.987478406306543 -138.73883427340803 144 150 -1
148 -1.4336466853813323 -18.937135273187337 -143.48234929813933 145 151 -1
149 -10.481364623072684 -11.124580649501873 -137.89027745160428 146 152 -1
150 -8.327485656408252 -10.901569532014177 -138.68504813668434 147 153 -1
151 -1.2574596322989553 -19.024448355711005 -143.47411532597746 148 154 -1
152 -10.621501204297406 -11.073433001733022 -137.73087763914015 149 155 -1
153 -8.163759544963312 -10.815558537170629 -138.62825664676728 150 156 -1
154 -1.0806335253116057 -19.110394917875958 -143.46522597654197 151 157 -1
155 -10.761623014993548 -11.022883312910235 -137.571274219575 152 158 -1
156 -8.001153416008371 -10.729463999771742 -138.56845404646754 153 159 -1
157 -0.9032215896666715 -19.195085456201898 -143.45595955651734 154 160 -1
158 -10.90172892375452 -10.972926526933051 -137.41147028025657 155 161 -1
159 -7.839724599295997 -10.6433047911997 -138.50563132295085 156 162 -1
160 -0.7252573587832767 -19.278597297334677 -143.44658463457608 157 163 -1
161 -11.04181792801816 -10.923554314572351 -137.25146996327547 158 164 -1
162 -7.679536212741856 -10.557100165052463 -138.43976938380013 159 165 -1
163 -0.546781417670655 -19.361028998635206 -143.43737874023728 160 166 -1
164 -11.18188896871993 -10.87476168455084 -137.09127623833456 161 167 -1
165 -7.520640956672606 -10.47087021272633 -138.3708779563977 162 168 -1
166 -0.3678403847647533 -19.44249435060433 -143.4286096375469 163 169 -1
167 -11.321941119592996 -10.826540588657151 -136.9308930464134 164 170 -1
168 -7.363101758133034 -10.384635209206733 -138.29894571225827 165 171 -1
169 -0.18846759485702427 -19.523079287268505 -143.42055657331497 166 172 -1
170 -11.461973423833607 -10.778885149495293 -136.7703235567163 167 173 -1
171 -7.206970863844477 -10.298415801484394 -138.223987910249 168 174 -1
172 -0.008703875870174332 -19.602882297243706 -143.4134975636349 169 175 -1
173 -11.60198500319274 -10.731788284755249 -136.60957128848918 170 176 -1
174 -7.052310311756595 -10.212233010145649 -138.14600105840466 171 177 -1
175 0.1714012618789819 -19.682012880515433 -143.40768492828676 172 178 -1
176 -11.741975015511244 -10.685243026314039 -136.44863967264524 173 179 -1
177 -6.89917194189162 -10.12610784054094 -138.06500485971878 174 180 -1
178 0.3518044398346845 -19.760559616438673 -143.40340146868584 175 181 -1
179 -11.881942621641102 -10.639243238010923 -136.2875318237296 176 182 -1
180 -6.747609629020245 -10.040061386822204 -137.98101579837424 177 183 -1
181 0.5324543529624186 -19.8386150568898 -143.40092837815672 178 184 -1
182 -12.021887099278851 -10.59378089628385 -136.12625141641865 179 185 -1
183 -6.597677706394467 -9.954114847598547 -137.8940508144183 180 186 -1
184 0.7132902491142281 -19.916276213651862 -143.40048908994447 181 187 -1
185 -12.16180764024278 -10.548850783301747 -135.96480117955258 182 188 -1
186 -6.449428372367243 -9.868289335417348 -137.8041319149288 183 189 -1
187 0.8942770096245015 -19.99356736567368 -143.4022117727525 184 190 -1
188 -12.301703624546667 -10.50444430816067 -135.8031848717702 185 191 -1
189 -6.302908364919408 -9.782605464243424 -137.71129095798102 186 192 -1
190 1.0754061412086444 -20.070445451874278 -143.40609809374212 187 193 -1
191 -12.441574332926209 -10.460555799128409 -135.64140527833874 188 194 -1
192 -6.158164724052892 -9.697083689675296 -137.61555912198403 189 195 -1
193 1.256666501556874 -20.146879776702818 -143.41206185197078 190 196 -1
194 -12.581419181305295 -10.417177502993948 -135.47946579731254 191 197 -1
195 -6.015242056892303 -9.611744052887357 -137.51697138904407 192 198 -1
196 1.4380510076170376 -20.22283204262917 -143.42006504461037 193 199 -1
197 -12.721237567705552 -10.374302749351104 -135.3173694408142 194 200 -1
198 -5.874182370759423 -9.526606084692332 -137.41556635242736 195 201 -1
199 1.6195560781507257 -20.298250792649146 -143.43011847258492 196 202 -1
200 -12.861028931150685 -10.33192470817896 -135.15511922851638 197 203 -1
201 -5.735024927170894 -9.441688714906558 -137.31138600496206 198 204 -1
202 1.8011733289371068 -20.373109258156774 -143.44213970179345 199 205 -1
203 -13.000792791544823 -10.290035722762765 -134.99271839094416 200 206 -1
204 -5.597806117786292 -9.357010187866996 -137.20447551110254 201 207 -1
205 1.9828974951045197 -20.447371913668213 -143.45608707525034 202 208 -1
206 -13.140528604927413 -10.248629838144355 -134.8301695933098 203 209 -1
207 -5.462559362976047 -9.27258798482626 -137.0948829655107 204 210 -1
208 2.1647252929594227 -20.520994933884165 -143.47194498001375 205 211 -1
209 -13.280236002197126 -10.207698673358665 -134.66747620078485 206 212 -1
210 -5.329315033322222 -9.188438753819781 -136.98265914108094 207 213 -1
211 2.3466532057340386 -20.59393811842049 -143.48968458446808 208 214 -1
212 -13.419914488768361 -10.16723648775078 -134.50464073276035 209 215 -1
213 -5.198100394020312 -9.104578247462332 -136.86785722934792 210 216 -1
214 2.5286763952617832 -20.66617530959972 -143.5092422645749 211 217 -1
215 -13.559563754131808 -10.127235062822274 -134.34166641905904 212 218 -1
216 -5.068939571822929 -9.021021268991994 -136.75053257617236 213 219 -1
217 2.7107920471875895 -20.737670870617343 -143.53058385050502 214 220 -1
218 -13.699183407793422 -10.087687966464436 -134.17855590933297 215 221 -1
219 -4.941853543864953 -8.937781626742806 -136.6307424155075 216 222 -1
220 2.892999450819896 -20.808373825342436 -143.55370862935516 217 223 -1
221 -13.838773150249578 -10.048587823686326 -134.01531209760793 218 224 -1
222 -4.816860147439176 -8.854872097095484 -136.508545603907 219 225 -1
223 3.075295337998318 -20.87825829379607 -143.5785592317399 220 226 -1
224 -13.978332709464713 -10.009927330407637 -133.85193781632742 221 227 -1
225 -4.693974109555897 -8.77230439583155 -136.38400235825821 222 228 -1
226 3.2576775027815357 -20.94729382692753 -143.6050926524068 223 229 -1
227 -14.117861793072962 -9.971699896374465 -133.68843564891097 224 230 -1
228 -4.573207094922062 -8.690089157702374 -136.25717399901504 225 231 -1
229 3.4401445729041007 -21.015445381443563 -143.63327691306202 226 232 -1
230 -14.25736024666065 -9.933897412315561 -133.5248085884076 227 233 -1
231 -4.454569156425455 -8.608236164525046 -136.12812129791035 228 234 -1
232 3.6226973374514344 -21.08265606092368 -143.66311709056367 229 235 -1
233 -14.396827781976251 -9.8965140122723 -133.36105893242504 230 236 -1
234 -4.338065425076428 -8.526753762759299 -135.99690777942646 231 237 -1
235 3.8053330549911935 -21.14891013509029 -143.69454615980445 232 238 -1
236 -14.536264335541915 -9.859541173373588 -133.19718971922143 233 239 -1
237 -4.223698012180345 -8.445649157763645 -135.8635974573582 234 240 -1
238 3.9880509069481596 -21.214173807670807 -143.72753154025784 235 241 -1
239 -14.675669695942975 -9.822972720599504 -133.0332032666014 236 242 -1
240 -4.111467082060277 -8.36492859811557 -135.72825370412156 237 243 -1
241 4.170850326718635 -21.278412008958096 -143.76204323892657 238 244 -1
242 -14.815043810756842 -9.786800760811824 -132.8691023561791 239 245 -1
243 -4.001370199185453 -8.284597259748708 -135.5909398503229 240 246 -1
244 4.353732750908243 -21.341563856100972 -143.79808621860624 241 247 -1
245 -14.954386576177887 -9.751018413288902 -132.70488944178956 242 248 -1
246 -3.893402452163778 -8.20465926631649 -135.45171899534674 243 249 -1
247 4.536695884414392 -21.403618114933014 -143.83559569305285 244 250 -1
248 -15.09369794089806 -9.715618460686475 -132.54056704098545 245 251 -1
249 -3.7875565842063423 -8.125117714357646 -135.31065383238538 246 252 -1
250 4.719739358525598 -21.464539526151455 -143.87454267461763 247 253 -1
251 -15.232977908619443 -9.680593347921851 -132.3761377339543 248 254 -1
252 -3.683823128436674 -8.045974702649401 -135.16780648819886 249 255 -1
253 4.90286281838233 -21.524292433690857 -143.91489883411677 250 256 -1
254 -15.372226427850169 -9.645936471566204 -132.21160379755338 251 257 -1
255 -3.582190546507528 -7.967231365138043 -135.02323837769197 252 258 -1
256 5.086067602450624 -21.582813884994597 -143.9566657888467 253 259 -1
257 -15.511443605997526 -9.611639673256072 -132.0469679178697 254 260 -1
258 -3.4826453690949237 -7.888887906851264 -134.87701007321505 255 261 -1
259 5.269351608598129 -21.640091517243587 -143.99978706511575 256 262 -1
260 -15.6506293918871 -9.577696888633685 -131.8822321573456 257 263 -1
261 -3.38517233695511 -7.810943642218089 -134.72918118833553 258 264 -1
262 5.452714143070888 -21.696090690881395 -144.04423328228955 259 265 -1
263 -15.789783967072376 -9.544099699958709 -131.7173992117842 260 266 -1
264 -3.28975454135394 -7.7333970352506975 -134.57981027569176 261 267 -1
265 5.636154486605605 -21.750774679982186 -144.0899773685322 262 268 -1
266 -15.92890735411026 -9.510841721992582 -131.55247117482662 263 269 -1
267 -3.196373562805351 -7.656245741075592 -134.42895473842435 264 270 -1
268 5.819673201425191 -21.80407971258368 -144.13701645520277 265 271 -1
269 -16.06799973219774 -9.47791510614269 -131.38745052151006 266 272 -1
270 -3.1050096071845306 -7.579486648339318 -134.27667075458848 267 273 -1
271 6.003267965161571 -21.855988075803886 -144.18530386599264 268 274 -1
272 -16.20706121891577 -9.445312913233977 -131.22233944349617 269 275 -1
273 -3.015641638406788 -7.503115922052626 -134.1230132138755 270 276 -1
274 6.186937093653159 -21.9064673614198 -144.2348081127105 271 277 -1
275 -16.346091990962844 -9.413027805240091 -131.05714021597674 272 278 -1
276 -2.9282475069871574 -7.427129046479152 -133.96803566591907 273 279 -1
277 6.370678920077777 -21.955479387358718 -144.28550290891926 274 280 -1
278 -16.485092256518325 -9.381052350326629 -130.8918551124483 275 281 -1
279 -2.8428040739123346 -7.351520867715688 -133.81179027942133 276 282 -1
280 6.55449260419462 -22.002959580951263 -144.33738125566973 277 283 -1
281 -16.62406219005007 -9.349379663948152 -130.72648622816902 278 284 -1
282 -2.759287329367366 -7.276285635652723 -133.65432781131472 279 285 -1
283 6.738374985966689 -22.04888329061739 -144.39040440589073 280 286 -1
284 -16.763002085555577 -9.318001880897587 -130.56103590340285 281 287 -1
285 -2.6776725059623443 -7.201417045044299 -133.49569758516358 282 288 -1
286 6.922322820994725 -22.093220891751223 -144.44453872819363 283 289 -1
287 -16.901912115888305 -9.286912514720434 -130.39550607237857 284 290 -1
288 -2.5979341861984575 -7.126908275454852 -133.33594747801467 285 291 -1
289 7.106332883096057 -22.13593248646064 -144.4997581970982 286 292 -1
290 -17.040792645588322 -9.256103419358658 -130.2298991019423 287 293 -1
291 -2.520046403998606 -7.052752029887707 -133.1751239149169 288 294 -1
292 7.290402315475855 -22.176951035830815 -144.5560529408295 289 295 -1
293 -17.179643877416034 -9.225568166751467 -130.0642168618558 290 296 -1
294 -2.443984423896379 -6.978940887284391 -133.01327094810426 291 297 -1
295 7.474526303446219 -22.21624703899676 -144.61338814139714 292 298 -1
296 -17.31846620190774 -9.19529874302649 -129.8984616343432 293 299 -1
297 -2.3697198303949976 -6.905473801650869 -132.85042973185867 294 300 -1
298 7.658702294057156 -22.253795481889973 -144.67171867481275 295 301 -1
299 -17.457259888969993 -9.165288415524834 -129.73263532681847 296 302 -1
300 -2.297211519691502 -6.832390564060084 -132.68662711255655 297 303 -1
301 7.842959449953435 -22.2895891340463 -144.7308905608984 298 304 -1
302 -17.59602532537235 -9.135529546212464 -129.56674007293014 299 305 -1
303 -2.226416817296151 -6.759745858622185 -132.52188251940188 300 306 -1
304 8.0273553548169 -22.32361370168784 -144.79067111526922 301 307 -1
305 -17.73476285331111 -9.10601505099567 -129.40077783277695 302 308 -1
306 -2.157294045558803 -6.687593694782354 -132.3562140358266 303 309 -1
307 8.211948588651376 -22.355898723955217 -144.8508063743272 304 310 -1
308 -17.873472856669014 -9.076737619335718 -129.23475060757963 305 311 -1
309 -2.0898065941345245 -6.615989031795731 -132.18963623480684 306 312 -1
310 8.396798412542811 -22.386469012031448 -144.91104948046672 307 313 -1
311 -18.012155744797656 -9.047689864478862 -129.0686603991408 308 314 -1
312 -2.0239111447825966 -6.5449838322079295 -132.02216682967054 309 315 -1
313 8.58196657369715 -22.415334033482072 -144.97115617699026 310 316 -1
314 -18.150811899714913 -9.018864757157472 -128.9025090914767 311 317 -1
315 -1.9595686367884713 -6.474630604084573 -131.85382069206068 312 318 -1
316 8.767526397124271 -22.442459259950144 -145.0308638444852 313 319 -1
317 -18.28944179271181 -8.990254654314946 -128.73629871807256 314 320 -1
318 -1.8967430484872065 -6.404982604627321 -131.684610564933 315 321 -1
319 8.953533460664746 -22.467887316671604 -145.08992273861932 316 322 -1
320 -18.428045805063988 -8.961852763855283 -128.57003106008244 317 323 -1
321 -1.835399027514957 -6.33609313625494 -131.5145484587414 318 324 -1
322 9.140048683744817 -22.491623285770373 -145.14807601985822 319 325 -1
323 -18.566624464744134 -8.933651230385635 -128.40370817355927 320 326 -1
324 -1.7754976701581213 -6.268013026335722 -131.3436482105331 321 327 -1
325 9.32714188364741 -22.51363943173567 -145.20503649363837 322 328 -1
326 -18.705178153472126 -8.90564345698354 -128.23733175030534 323 329 -1
327 -1.7170049854840317 -6.200795216243237 -131.17192067495773 324 330 -1
328 9.514870723598301 -22.53393663455268 -145.26052408966063 325 331 -1
329 -18.843707437863117 -8.877821512955707 -128.07090383414985 326 332 -1
330 -1.6598900351116286 -6.134494597794113 -130.99937478202534 327 333 -1
331 9.703280530788074 -22.552530938023605 -145.31427227238967 328 334 -1
332 -18.98221273962187 -8.850178670392152 -127.90442611985063 329 335 -1
333 -1.6041157399130077 -6.069161598449453 -130.8260231187691 330 336 -1
334 9.892432827060558 -22.569382188946427 -145.36594621287108 331 337 -1
335 -19.120694621547347 -8.822707233289284 -127.73790055587604 332 338 -1
336 -1.5496507283958072 -6.004850207013979 -130.65187495738326 333 339 -1
337 10.082366364919611 -22.584486196189395 -145.41523819924063 334 340 -1
338 -19.259153556005227 -8.795400256175299 -127.57132886672585 335 341 -1
339 -1.4964664539200678 -5.941616956097866 -130.4769379379951 336 342 -1
340 10.27310209847697 -22.597853450278837 -145.46186079891734 337 343 -1
341 -19.397590101605765 -8.768250250343636 -127.4047129149613 338 344 -1
342 -1.444528443019228 -5.879513209711744 -130.30122358464524 339 345 -1
343 10.464688176036459 -22.609409691537973 -145.5053749989416 340 346 -1
344 -19.536004776961047 -8.74125008572189 -127.23805444888134 341 347 -1
345 -1.3938078785675483 -5.818595103635973 -130.1247402297015 342 348 -1
346 10.657105834650839 -22.619191996550814 -145.5455213856125 343 349 -1
347 -19.674398137353418 -8.714392445740689 -127.0713552565712 344 350 -1
348 -1.3442778118561023 -5.758921147113285 -129.94749533924676 345 351 -1
349 10.850357800653986 -22.62714567346918 -145.58188325521283 346 352 -1
350 -19.812770742861744 -8.687670049938976 -126.90461710396866 347 353 -1
351 -1.295906463755 -5.700544786109492 -129.7694999329362 348 354 -1
352 11.04431162946175 -22.633260444521593 -145.61469805500155 349 355 -1
353 -19.951123146282736 -8.661075720405881 -126.73784171550709 350 356 -1
354 -1.2486670318400623 -5.643524900156957 -129.59076236828716 351 357 -1
355 11.238740166284096 -22.63751461176203 -145.64490093804204 352 358 -1
356 -20.089455944442445 -8.63460205871905 -126.57103086920098 353 359 -1
357 -1.2025343054599529 -5.587923056129285 -129.41129051659908 354 360 -1
358 11.433442813154855 -22.639886405709586 -145.6735077709546 355 361 -1
359 -20.227769688462132 -8.6082419936795 -126.40418623611278 356 362 -1
360 -1.1574787737480075 -5.533795489946775 -129.23109580885017 357 363 -1
361 11.62823718408584 -22.640386017461108 -145.70158080889394 358 364 -1
362 -20.366065007264556 -8.581988039721747 -126.23730960130203 359 365 -1
363 -1.1134747933293854 -5.481203673913441 -129.0501878972869 360 366 -1
364 11.822949693140758 -22.638995894520253 -145.7301850529048 361 367 -1
365 -20.504342451063845 -8.555833201777993 -126.07040259226343 362 368 -1
366 -1.070499688591099 -5.4302144997648885 -128.86857524731468 363 369 -1
367 12.017398889384571 -22.63574543619622 -145.7603796559472 364 370 -1
368 -20.642602676303717 -8.529769936540003 -125.90346699653165 365 371 -1
369 -1.0285254356448341 -5.380887009112837 -128.68627095990303 366 372 -1
370 12.21137247983881 -22.630627019510257 -145.79324773625152 367 373 -1
371 -20.780846233011086 -8.503791295675091 -125.73650440742585 368 374 -1
372 -0.9875271332882677 -5.333286346069249 -128.50328681327477 369 375 -1
373 12.40463099409601 -22.623690824265882 -145.82977958499765 370 376 -1
374 -20.91907379373719 -8.47788973773491 -125.56951660018963 371 377 -1
375 -0.9474786134715274 -5.287482169995687 -128.3196350662987 372 378 -1
376 12.596861662955506 -22.61494390082019 -145.87102953866136 373 379 -1
377 -21.057285929733094 -8.452058238472222 -125.4025051747809 374 380 -1
378 -0.9083509580919169 -5.243542180842514 -128.1353305485645 375 381 -1
379 12.787734092745222 -22.604473257999576 -145.91780458986923 376 382 -1
380 -21.195483305543362 -8.426289367021909 -125.23547186141609 377 383 -1
381 -0.8701149667879617 -5.20153393868326 -127.95038961755995 378 384 -1
382 12.97692008085787 -22.592290740260825 -145.9706290505795 379 385 -1
383 -21.333666518015814 -8.400576002327348 -125.0684182774001 380 386 -1
384 -0.8327428890433152 -5.161528740719105 -127.76482903947276 381 387 -1
385 13.164473765384793 -22.57849219697581 -146.02863018568857 382 388 -1
386 -21.471836223678938 -8.374910799167216 -124.90134611600286 383 389 -1
387 -0.796207733256928 -5.12360077902358 -127.57866660034611 384 390 -1
388 13.350454126546486 -22.563072009584253 -146.09112134811295 385 391 -1
389 -21.609993040934935 -8.34928656501094 -124.73425700846947 386 392 -1
390 -0.7604827336911009 -5.087826195741182 -127.39192163557281 387 393 -1
391 13.535025748427302 -22.54608100922413 -146.15727814288934 388 394 -1
392 -21.74813761873006 -8.323696013436543 -124.56715261975117 389 395 -1
393 -0.7255395617148006 -5.054277761379661 -127.20461646577955 390 396 -1
394 13.718368011798301 -22.527550413120125 -146.22637812112097 391 397 -1
395 -21.886270592857617 -8.298131906157641 -124.40003459155494 392 398 -1
396 -0.6913513335138854 -5.023032928460412 -127.01677438284291 393 399 -1
397 13.900643367429796 -22.507446314358273 -146.29782334920895 394 400 -1
398 -22.024392605098214 -8.272586988932636 -124.23290456900702 395 401 -1
399 -0.6578913145238111 -4.994170638781893 -126.82842074515001 396 402 -1
400 14.082085433473635 -22.48580779097306 -146.37092341811282 397 403 -1
401 -22.162504304498484 -8.247054003281766 -124.0657642009046 398 404 -1
402 -0.6251328967137384 -4.967771262300733 -126.63958316410825 399 405 -1
403 14.262907243875429 -22.462629754743006 -146.44508187943308 400 406 -1
404 -22.300606326077954 -8.221525700517192 -123.89861512097993 401 407 -1
405 -0.593049577864704 -4.943916513800804 -126.450291695258 402 408 -1
406 14.443320439704086 -22.43785923434516 -146.51971961628507 403 409 -1
407 -22.438699328015026 -8.195994827624789 -123.73145898178299 404 410 -1
408 -0.5616150126283415 -4.92268964822999 -126.26057898965286 405 411 -1
409 14.62354785770511 -22.4114976464838 -146.5942609651984 406 412 -1
410 -22.57678393896643 -8.17045411459919 -123.5642974140924 407 413 -1
411 -0.5308030932451934 -4.904175897625412 -126.07048044695755 408 414 -1
412 14.8036728027109 -22.383533602094385 -146.66846533332807 409 415 -1
413 -22.71486082212715 -8.14489633990276 -123.39713207083402 410 416 -1
414 -0.5005870874259971 -4.888458338328086 -125.88003491176545 411 417 -1
415 14.983665625706363 -22.35392205630156 -146.74235046876765 412 418 -1
416 -22.852930600189485 -8.119314184857489 -123.22996458835583 413 419 -1
417 -0.4709407751230304 -4.875622675597627 -125.68928414936728 414 420 -1
418 15.163495230563154 -22.322664790249924 -146.8159545134011 415 421 -1
419 -22.990993936506417 -8.093700481079898 -123.06279661661591 416 422 -1
420 -0.4418379768940408 -4.865755136272052 -125.49827333674007 417 423 -1
421 15.34313157453883 -22.28976683287777 -146.88931506491946 418 424 -1
422 -23.129051450428694 -8.068047847965781 -122.89562980576973 419 425 -1
423 -0.4132525501912847 -4.858942206401267 -125.30705124374244 420 426 -1
424 15.522538040417475 -22.25518487898098 -146.96246334759056 421 427 -1
425 -23.26710379780239 -8.04234916004708 -122.72846580201336 422 428 -1
426 -0.38515838944088093 -4.855270331925305 -125.11567040273904 423 429 -1
427 15.701683441731479 -22.218922222056662 -147.03543727220398 424 430 -1
428 -23.405151599734292 -8.016597019387833 -122.56130627074063 425 431 -1
429 -0.3575294301789643 -4.854825581079045 -124.92418726263274 426 432 -1
430 15.880538214028931 -22.18098790184507 -147.10827415370306 427 433 -1
431 -23.543195497645204 -7.990784288308948 -122.3941528611136 428 434 -1
432 -0.33033965749609717 -4.857693267685737 -124.7326623228421 429 435 -1
433 16.059062308831336 -22.14133641497961 -147.18100763507653 430 436 -1
434 -23.681236112608588 -7.964903589311288 -122.22700725051706 431 437 -1
435 -0.30356325477841867 -4.863958754219815 -124.54116027431382 432 438 -1
436 16.23722619901945 -22.099981273816027 -147.25367548418487 433 439 -1
437 -23.81927407216986 -7.938947741571587 -122.05987110034437 434 440 -1
438 -0.27717433833225785 -4.873704615253634 -124.3497500872448 435 441 -1
439 16.41500024442371 -22.05693124472817 -147.32631383043307 436 442 -1
440 -23.95730999304472 -7.91290941878849 -121.89274609563648 437 443 -1
441 -0.2511466479881664 -4.886976352169344 -124.15850252422246 438 444 -1
442 16.59234001607584 -22.012136735474186 -147.39895885432028 439 445 -1
443 -24.09534448950082 -7.886781364517429 -121.72563391966837 440 446 -1
444 -0.2254530560260274 -4.903745515535571 -123.96748456674511 441 447 -1
445 16.769219992891056 -21.96562678445863 -147.47164667561432 442 448 -1
446 -24.233378169506377 -7.860556336153029 -121.55853626037975 443 449 -1
447 -0.2000657450492482 -4.923972096287811 -123.7767606484079 444 450 -1
448 16.94560960590954 -21.917407248290285 -147.54441218199926 445 451 -1
449 -24.371411634696138 -7.83422696738775 -121.39145483303962 446 452 -1
450 -0.17495633479250308 -4.947614301075994 -123.58639303925781 447 453 -1
451 17.12145936841571 -21.867424493662433 -147.61729440710383 448 454 -1
452 -24.509445479834127 -7.8077861337812084 -121.22439132322761 449 455 -1
453 -0.15009593965445575 -4.974628792434108 -123.39644182694008 450 456 -1
454 17.296749853507958 -21.815724555025607 -147.69032568815467 451 457 -1
455 -24.647480294611203 -7.781226322945239 -121.05734748885901 452 458 -1
456 -0.12545522262041517 -5.004970919262697 -123.20696491579474 453 459 -1
457 17.47144782734143 -21.762306805686233 -147.7635403503211 454 460 -1
458 -24.785516656064903 -7.754540565267984 -120.89032500731312 455 461 -1
459 -0.10100444534283617 -5.038594936452344 -123.01801804231474 456 462 -1
460 17.64550188788956 -21.70712407404806 -147.83697923333068 457 463 -1
461 -24.9235551426692 -7.7277211638864385 -120.72332569042214 458 464 -1
462 -0.07671351421399006 -5.075454212728794 -122.82965480535931 459 465 -1
463 17.818896533011447 -21.650228309377454 -147.91067020448114 460 466 -1
464 -25.06159631059228 -7.7007612772712495 -120.55635121270959 461 467 -1
465 -0.05255206367483411 -5.11550273932923 -122.64192699584403 462 468 -1
466 17.991596542011152 -21.59161667471409 -147.9846471732981 463 469 -1
467 -25.199640723525604 -7.673653180774436 -120.38940341635153 464 470 -1
468 -0.028489389988086408 -5.158693398526544 -122.45488432078437 465 471 -1
469 18.163553573300717 -21.53125093759427 -148.05894361955967 466 472 -1
470 -25.33768891823863 -7.646389961115181 -120.22248401025679 467 473 -1
471 -0.004494481399351479 -5.204975854142344 -122.2685738312067 468 474 -1
472 18.334780491661697 -21.46917280844117 -148.13351459773182 469 475 -1
473 -25.475741437615792 -7.618964020562676 -120.05559484100384 470 476 -1
474 0.019463798226259803 -5.25430174207241 -122.08304110691036 471 477 -1
475 18.505282247273424 -21.40536960379359 -148.2082910134927 472 478 -1
476 -25.613798801152562 -7.59136826302416 -119.8887376761957 473 479 -1
477 0.04341677127481893 -5.306622661426159 -121.89832990883 474 480 -1
478 18.675046458215775 -21.339786003275677 -148.28320504911983 475 481 -1
479 -25.751861525575166 -7.56359528578134 -119.72191435484112 476 482 -1
480 0.06739592497171597 -5.3618903037173435 -121.71448226644893 477 483 -1
481 18.844098973952544 -21.27245957265262 -148.3581822322367 478 484 -1
482 -25.88993011418903 -7.535637762494853 -119.55512671689753 479 485 -1
483 0.09143289375564978 -5.420056569239672 -121.53153857012062 480 486 -1
484 19.012445063769846 -21.203379508999454 -148.43315384297813 481 487 -1
485 -26.02800505252284 -7.507488534458412 -119.38837658475335 482 488 -1
486 0.11555944527874185 -5.4810736709927665 -121.34953766725815 483 489 -1
487 19.1800710611906 -21.13248771934151 -148.50804763211923 484 490 -1
488 -26.166086828768194 -7.479139994749674 -119.22166588532005 485 491 -1
489 0.13980746985659392 -5.544894226590844 -121.16851696145517 486 492 -1
490 19.346998369226228 -21.059815406193664 -148.58279504503577 487 493 -1
491 -26.304175892201535 -7.450585280848012 -119.05499641431767 488 494 -1
492 0.16420897317940278 -5.6114713386366395 -120.98851251370296 489 495 -1
493 19.513232251718502 -20.985355097579152 -148.6573278361504 490 496 -1
494 -26.44227271693979 -7.421816451901847 -118.88837020122872 491 497 -1
495 0.18879619119161897 -5.680760122154328 -120.80955973850729 492 498 -1
496 19.678762060030124 -20.909059155556076 -148.73157060255846 493 499 -1
497 -26.580377715746586 -7.392826870248635 -118.72178903009315 494 500 -1
498 0.2136013430169317 -5.752714143126268 -120.631692104277 495 501 -1
499 19.84359801769081 -20.83093588213809 -148.80545571114672 496 502 -1
500 -26.718491335294615 -7.363608585038313 -118.55525497132803 497 503 -1
501 0.2386567032382961 -5.827287445863865 -120.45494191098206 498 504 -1
502 20.007747479604216 -20.750988661396413 -148.87891684711485 499 505 -1
503 -26.856613964407586 -7.334154785339079 -118.38876988038113 500 506 -1
504 0.2639947231537088 -5.904435675259289 -120.27934087805946 501 507 -1
505 20.17120307374092 -20.669183871849906 -148.95187843486266 502 508 -1
506 -26.994746008720362 -7.3044578072944395 -118.22233580928265 503 509 -1
507 0.2896479752789971 -5.984115209479144 -120.10491989853423 504 510 -1
508 20.33396155750132 -20.585501048254994 -149.02426618714836 505 511 -1
509 -27.132887839378476 -7.2745104670537275 -118.05595473078623 506 512 -1
510 0.31564916139264604 -6.066283182192377 -119.93170914040063 507 513 -1
511 20.496032927300675 -20.499958300416274 -149.0960185964373 508 514 -1
512 -27.271039813999966 -7.244305497995026 -117.8896286556053 509 515 -1
513 0.3420311223834143 -6.150897497008884 -119.75973814669284 510 516 -1
514 20.657413235023245 -20.412539074220653 -149.16706362490822 511 517 -1
515 -27.409202287148577 -7.213835278880425 -117.7233596929846 512 518 -1
516 0.36882684969345975 -6.237916834606485 -119.58903593403669 513 519 -1
517 20.818083805068596 -20.323189777593146 -149.2373115783479 514 520 -1
518 -27.547375563253347 -7.1830930079362485 -117.5571497973853 515 521 -1
519 0.3960694981510726 -6.327300652993419 -119.41963108952176 516 522 -1
520 20.978057706790928 -20.23194654142301 -149.3067095111992 517 523 -1
521 -27.68555998119313 -7.152070558877044 -117.391001235042 518 524 -1
522 0.42379239998859247 -6.419009181321537 -119.25155186577454 519 525 -1
523 21.137329633074316 -20.13879901778054 -149.37518618821903 520 526 -1
524 -27.8237557954332 -7.120761459074523 -117.22491593383242 521 527 -1
525 0.4520290798418027 -6.513003407630803 -119.08482627414966 522 528 -1
526 21.29587848516004 -20.043698041480386 -149.4426481597232 523 529 -1
527 -27.961963305184913 -7.089157626814042 -117.05889620084675 524 530 -1
528 0.48081327052719636 -6.609245060870299 -118.91948217598417 525 531 -1
529 21.45370588602967 -19.946659989229197 -149.50903437215473 526 532 -1
530 -28.10018273865999 -7.057252272261621 -116.89294408175057 527 533 -1
531 0.5101790315863574 -6.707696948225382 -118.75554761044492 528 534 -1
532 21.610807928355275 -19.84769010523498 -149.5742792679692 529 535 -1
533 -28.23841433606164 -7.025037792645901 -116.7270618293049 530 536 -1
534 0.5401609018588208 -6.808323250305309 -118.59305114714509 531 537 -1
535 21.767166954343843 -19.74676147435441 -149.63829691331847 532 538 -1
536 -28.3766583075364 -6.992506817886875 -116.56125167136157 533 539 -1
537 0.5707929743385699 -6.911086359968258 -118.43201983748605 534 540 -1
538 21.922765635597226 -19.643853346686168 -149.7010019732634 535 541 -1
539 -28.51491482695808 -6.959652366386358 -116.39551577325955 536 542 -1
540 0.6021099890099426 -7.015950696299232 -118.27248182836317 537 543 -1
541 22.077599351465008 -19.53900167456013 -149.7623663029682 538 544 -1
542 -28.65318408674967 -6.9264664094125985 -116.22985656986486 539 545 -1
543 0.634146978342836 -7.122881252397284 -118.1144655444515 540 546 -1
544 22.231626215120627 -19.432249639672506 -149.82247251976955 541 547 -1
545 -28.791466196361615 -6.892942500568892 -116.06427615777112 542 548 -1
546 0.6669392833299553 -7.231843548222411 -117.95799976764303 543 549 -1
547 22.384774513521688 -19.32361008671677 -149.88143114363024 544 550 -1
548 -28.929761311338424 -6.859072378015704 -115.89877708617936 545 551 -1
549 0.7005225687723271 -7.342803579153905 -117.80311371453693 546 552 -1
550 22.5370193373553 -19.213188766885338 -149.9394114093176 547 553 -1
551 -29.068069499806416 -6.8248494803165665 -115.73336153529223 548 554 -1
552 0.7349328375635408 -7.455727760337839 -117.64983711197549 549 555 -1
553 22.688320005518325 -19.101046022524976 -149.99655354603505 550 556 -1
554 -29.206390849348054 -6.790266086306265 -115.56803198898415 551 557 -1
555 0.7702064437099079 -7.570582866874957 -117.49820027060241 552 558 -1
556 22.838626066493575 -18.987221123663993 -150.05299058676002 553 559 -1
557 -29.34472540799987 -6.755314875384363 -115.40279086829752 554 560 -1
558 0.8063801038093379 -7.687335969878273 -117.348234156403 555 561 -1
559 22.9878974779906 -18.871768883913884 -150.10886543408463 556 562 -1
560 -29.4830731844094 -6.719988943706375 -115.23764052432314 557 563 -1
561 0.8434917734607417 -7.805955999083785 -117.19997200329851 558 564 -1
562 23.136115072162973 -18.75477020476406 -150.16432740161625 559 565 -1
563 -29.621434205644903 -6.684280124374914 -115.07258364837084 560 566 -1
564 0.8815786749684191 -7.926409708175449 -117.05344577758396 561 567 -1
565 23.283247453581875 -18.63628145715696 -150.21951521550963 562 568 -1
566 -29.75980840756626 -6.648182142681424 -114.90762250233657 563 569 -1
567 0.9206782469443028 -8.048663773884611 -116.90868805723346 564 570 -1
568 23.429246044514137 -18.51633571013612 -150.27456669704637 565 571 -1
569 -29.8981957667854 -6.611686739125488 -114.74275986992853 566 572 -1
570 0.9608287474017456 -8.172685729301683 -116.7657331250877 567 573 -1
571 23.57409299006188 -18.395004283359455 -150.32962368984656 568 574 -1
572 -30.036596178002704 -6.574787296410319 -114.57799816345201 569 575 -1
573 1.0020688209291846 -8.298443019985708 -116.62461624454644 570 576 -1
574 23.717770164201475 -18.2723535042776 -150.3848221996901 571 577 -1
575 -30.175009537306465 -6.537476324553144 -114.41334004648058 572 578 -1
576 1.0444374939606171 -8.42590291484842 -116.48537371651688 573 579 -1
577 23.860252250920205 -18.14843902201388 -150.44029557477242 574 580 -1
578 -30.313435714625786 -6.499746241184881 -114.24878824378472 575 581 -1
579 1.0879758661289858 -8.55503471760282 -116.34804567886673 576 582 -1
580 24.001501284319044 -18.023304004753 -150.49618106888806 577 583 -1
581 -30.451874517980375 -6.4615905822467505 -114.08434523091972 578 584 -1
582 1.1327229576369262 -8.685803755137808 -116.21266938567639 579 585 -1
583 24.14149418579888 -17.897007288806705 -150.55261118130986 580 586 -1
584 -30.5903257880975 -6.423000762745238 -113.92001406492078 581 587 -1
585 1.1787182291124811 -8.818175236151815 -116.07928350571206 582 588 -1
586 24.28022087396139 -17.76961789295484 -150.60970801271 583 589 -1
587 -30.72878926019126 -6.383970835789254 -113.75579716116282 584 590 -1
588 1.2260021193952266 -8.952114734624828 -115.94792901888351 585 591 -1
589 24.41765879095062 -17.641192572560954 -150.6675953727282 586 592 -1
590 -30.86726469734404 -6.344492798090596 -113.5916975051902 587 593 -1
591 1.2746167421419379 -9.087588651324888 -115.81865031512001 588 594 -1
592 24.553785673290573 -17.511788661213536 -150.72639418588938 589 595 -1
593 -31.00575180482577 -6.304559612640553 -113.4277178713568 590 596 -1
594 1.32460403175302 -9.224561823147992 -115.69149235078346 591 597 -1
595 24.688568678316667 -17.381457319886678 -150.78623134597257 592 598 -1
596 -31.144250252320372 -6.264164462238256 -113.26386101334118 593 599 -1
597 1.3760032327546512 -9.362995131299865 -115.56649696741047 594 600 -1
598 24.821984785338696 -17.25025836360493 -150.84722433353517 595 601 -1
599 -31.282759710665015 -6.223299127692905 -113.10013010062868 596 602 -1
600 1.4288557066751517 -9.502850668949474 -115.44371040695836 597 603 -1
601 24.954024578926155 -17.11825987779741 -150.9094738981586 598 604 -1
602 -31.421279765923572 -6.181957651489565 -112.93652773710181 599 605 -1
603 1.4832073393206835 -9.644093232282541 -115.32318690917175 600 606 -1
604 25.08466632379265 -16.985522344607432 -150.97308646959368 601 607 -1
605 -31.559810021999212 -6.1401318181046785 -112.77305717726773 602 608 -1
606 1.5390958736212292 -9.786678704624535 -115.20496973474314 603 609 -1
607 25.213915083482505 -16.85207935362052 -151.0380547328746 604 610 -1
608 -31.69835001296481 -6.097815092624326 -112.60972126269482 605 611 -1
609 1.5965625873875837 -9.930565072805564 -115.08910894692305 606 612 -1
610 25.341894969550882 -16.717838113256505 -151.10388576680938 607 613 -1
611 -31.836899251941922 -6.0550003753935355 -112.44652302995283 608 614 -1
612 1.6556544174603163 -10.075713030378937 -114.9756645349939 609 615 -1
613 25.468767883749482 -16.582657022464378 -151.16993629250345 610 616 -1
614 -31.975457229534907 -6.011679829708116 -112.28346576628098 611 617 -1
615 1.7164072404323025 -10.22207314130446 -114.86468170429666 612 618 -1
616 25.594690738465086 -16.44638903272284 -151.2355699621654 613 619 -1
617 -32.11402337028596 -5.967847490834576 -112.12055227965308 614 620 -1
618 1.7788645137767756 -10.369600158393444 -114.7562187051702 615 621 -1
619 25.719805059936785 -16.30886907017396 -151.30012881842865 616 622 -1
620 -32.25259710109794 -5.923495001607962 -111.9577860958432 617 623 -1
621 1.8430679791243476 -10.518245661425068 -114.65033313372273 618 624 -1
622 25.844259553384333 -16.16996025604315 -151.36296460628856 619 625 -1
623 -32.39117777862092 -5.878616304841368 -111.79517013629851 620 626 -1
624 1.9090539988757076 -10.667956223949886 -114.54707668198047 621 627 -1
625 25.968179619670032 -16.0295196100695 -151.42340275484156 622 628 -1
626 -32.529764741772844 -5.833204091675326 -111.63270772259825 623 629 -1
627 1.976868302270531 -10.818681957264555 -114.44651701691187 624 630 -1
628 26.091673564025402 -15.887413866514278 -151.4807370624753 625 631 -1
629 -32.668357292218126 -5.78725089988738 -111.47040227092327 626 632 -1
630 2.0465421251352556 -10.970363070851487 -114.34870270712521 627 633 -1
631 26.214828432656898 -15.743526337177189 -151.53422241843666 628 634 -1
632 -32.80695468024462 -5.740750808503207 -111.3082567947608 629 635 -1
633 2.1181196855972426 -11.122944492958066 -114.25370390783746 630 636 -1
634 26.337704483941064 -15.597765093131667 -151.58306883710438 631 637 -1
635 -32.94555613942255 -5.693695352969775 -111.14627510193914 632 638 -1
636 2.1916308217711524 -11.27636225354508 -114.16157204512182 633 639 -1
637 26.460325784645747 -15.450062814241656 -151.62640789274613 634 640 -1
638 -33.084160843260015 -5.646078976566291 -110.98446019216226 635 641 -1
639 2.26711598480421 -11.430554886281914 -114.0723769508925 636 642 -1
640 26.58261469821643 -15.300465500215932 -151.6637760594153 637 643 -1
641 -33.22276794019419 -5.597894189834405 -110.82281568517385 638 644 -1
642 2.344602418022937 -11.585453559615777 -113.98617158975802 639 645 -1
643 26.704399228290566 -15.149194317361014 -151.69565309364535 640 646 -1
644 -33.3613765349939 -5.549133957134933 -110.66134511848765 641 647 -1
645 2.4241271037008962 -11.740990614974558 -113.90302639180855 642 648 -1
646 26.82552223238806 -14.996431053354126 -151.72255580275942 643 649 -1
647 -33.5 -5.5 -110.5 644 650 651
648 2.5057123111077466 -11.897091560512099 -113.82299269391795 645 652 -1
649 26.945851479625084 -14.84232784865376 -151.74502558399556 646 653 -1
650 -33.548748008767916 -5.306249106110185 -110.42585879497734 647 654 -1
651 -33.64356678036516 -5.624013947456925 -110.39440119706667 647 655 -1
652 2.589391964721118 -12.053682694337699 -113.74614257486358 648 656 -1
653 27.065264357628777 -14.686994983347578 -151.76358656281377 649 657 -1
654 -33.60000222217753 -5.113886433278433 -110.3496765594935 650 658 -1
655 -33.78583480690714 -5.747480587877468 -110.28638639830103 651 659 -1
656 2.675181733512661 -12.210683744350689 -113.67252355013636 652 660 -1
657 27.183699004289803 -14.53056558305837 -151.77893504600243 653 661 -1
658 -33.65373829938675 -4.923032594391437 -110.2714376587408 654 662 -1
659 -33.92667505349402 -5.870424840154667 -110.17593226000976 655 663 -1
660 2.763110957404134 -12.368014693032308 -113.60220737141005 656 664 -1
661 27.301095771351655 -14.373122765483277 -151.79168610466624 657 665 -1
662 -33.71000134177012 -4.733775075234434 -110.19112515731136 658 666 -1
663 -34.06603155774379 -5.992834397235082 -110.06302951962282 659 667 -1
664 2.8531894120036174 -12.525590083617791 -113.53523894464246 660 668 -1
665 27.417397771108003 -14.214720973597274 -151.80244769220624 661 669 -1
666 -33.76883273802419 -4.546202881407982 -110.10872655072973 662 670 -1
667 -34.20384860369304 -6.114697491843307 -109.94767270314037 663 671 -1
668 2.945438131102924 -12.683323475816778 -113.47168407766532 664 672 -1
669 27.532568932595435 -14.05540960209451 -151.8118675602292 665 673 -1
670 -33.83027228402518 -4.360407828142701 -110.02423203582495 666 674 -1
671 -34.3400681182665 -6.2360019831951385 -109.82985592940416 667 675 -1
672 3.03986238218989 -12.841124821606154 -113.4115872424381 668 676 -1
673 27.646601415217255 -13.895242438722997 -151.82060747849218 669 677 -1
674 -33.89435473592218 -4.176482080870784 -109.93763727355359 670 678 -1
675 -34.47463301315594 -6.356736542865688 -109.70957807219055 671 679 -1
676 3.1364734936847927 -12.998902051756529 -113.35500594268859 672 680 -1
677 27.75947577446543 -13.734254592653008 -151.82930410177573 673 681 -1
678 -33.96111371657057 -3.994520747966581 -109.84894026156455 674 682 -1
679 -34.60748391475475 -6.476889529971382 -109.58683774546903 675 683 -1
680 3.2352706738388104 -13.156560904022811 -113.30198164724057 676 684 -1
681 27.871143781284353 -13.572462664825652 -151.83862579647 677 685 -1
682 -34.03057782157049 -3.814618954689938 -109.75814440954899 678 686 -1
683 -34.73856088464624 -6.596449610975323 -109.4616359595521 679 687 -1
684 3.3362558674145997 -13.314004852541133 -113.25256363601164 680 688 -1
685 27.981608420355826 -13.409925051766098 -151.84921699303072 681 689 -1
686 -34.10277232863334 -3.636872859388978 -109.66525715943598 682 690 -1
687 -34.86780351332691 -6.7154058011257405 -109.33397617108935 683 691 -1
688 3.439419907794033 -13.471136410028146 -113.20678617971926 684 692 -1
689 28.09085341274918 -13.246688990109215 -151.86156843021934 685 693 -1
690 -34.17771727079088 -3.461377873238169 -109.57029142145824 686 694 -1
691 -34.99515101692141 -6.833747506166651 -109.20386432697413 687 695 -1
692 3.5447568220223826 -13.627855658847242 -113.16469212765543 688 696 -1
693 28.198881864707708 -13.08277622252707 -151.87555513065863 689 697 -1
694 -34.25542978451737 -3.288230287867991 -109.47326375278182 690 698 -1
695 -35.12054071188023 -6.951464053172871 -109.07130694203595 691 699 -1
696 3.652245991726898 -13.784063854917783 -113.12630250014962 692 700 -1
697 28.305726468278237 -12.918203316186755 -151.8908273614575 693 701 -1
698 -34.335919081515385 -3.1175226129488514 -109.37419802421165 694 702 -1
699 -35.243910821953406 -7.068545608701791 -108.93631461581883 695 703 -1
700 3.7618762364600427 -13.939658229709584 -113.09165761343264 696 704 -1
701 28.411442816449085 -12.752990915621895 -151.90702078993814 697 705 -1
702 -34.41919152867701 -2.9493474767733305 -109.27312155654846 698 706 -1
703 -35.36519880213367 -7.184982651907584 -108.79889982349502 699 707 -1
704 3.8736161402994806 -14.094540412201688 -113.06076515771807 700 708 -1
705 28.516069244003777 -12.587143649487405 -151.92379478525646 701 709 -1
706 -34.50524729976734 -2.7837942577883656 -109.17006749658574 702 710 -1
707 -35.48434241793324 -7.300766323172489 -108.65907811157375 703 711 -1
708 3.98744001893454 -14.248609476029154 -113.0336452516015 704 712 -1
709 28.61962445738146 -12.420649153745144 -151.94080348608304 705 713 -1
710 -34.59408034688188 -2.6209483912321967 -109.06507467027541 706 714 -1
711 -35.601276605072584 -7.415887500166287 -108.5168646583437 707 715 -1
712 4.103317335948018 -14.401765040864662 -113.0103118113895 708 716 -1
713 28.722178916089504 -12.253523968203808 -151.9576895343692 709 717 -1
714 -34.68567855221478 -2.4608908204466013 -108.9581872987852 710 718 -1
715 -35.715939489870244 -7.530338624476952 -108.37228077520308 711 719 -1
716 4.221207172345685 -14.553910974792947 -112.99076150007663 712 720 -1
717 28.823775049977115 -12.085768059528615 -151.9741075618081 713 721 -1
718 -34.7800267274378 -2.3037005033494085 -108.84945283600551 714 722 -1
719 -35.828267914196346 -7.644112360724905 -108.22534888107252 715 723 -1
720 4.341068855259861 -14.704951203448495 -112.97499288255847 716 724 -1
721 28.92443359083837 -11.917367950225243 -151.9896827041304 717 725 -1
722 -34.87710034216 -2.149447197372905 -108.73892601215753 718 726 -1
723 -35.938198887418515 -7.757202050495007 -108.07609403519893 719 727 -1
724 4.4628577237294795 -14.854791947710538 -112.96299828314365 720 728 -1
725 29.024210732960373 -11.748338785527661 -152.00406670026229 721 729 -1
726 -34.97687132593062 -1.9981967340620062 -108.62666472631399 722 730 -1
727 -36.04566871716331 -7.869601486058299 -107.92454307379029 723 731 -1
728 4.586527045471915 -15.00334095433336 -112.9547671597483 724 732 -1
729 29.123147543584473 -11.578692839633144 -152.01690862404763 725 733 -1
730 -35.07930590419013 -1.8500080443806843 -108.5127313085848 726 734 -1
731 -36.1506152052772 -7.981305541191045 -107.77072658590868 727 735 -1
732 4.7120222083018115 -15.150512401295272 -112.95027375913419 728 736 -1
733 29.22125988110729 -11.408433218573913 -152.0278018456728 729 737 -1
734 -35.18436482739309 -1.7049325897635461 -108.39719213249144 730 738 -1
735 -36.25297793414004 -8.092310232348705 -107.61467886965737 731 739 -1
736 4.8392880114085255 -15.29622265503074 -112.94949107604842 732 740 -1
737 29.318585074012102 -11.237591509286002 -152.03639073989962 733 741 -1
738 -35.292003766878295 -1.5630139978101536 -108.28011711883147 734 742 -1
739 -36.352693151650435 -8.202611363392283 -107.45643354854911 735 743 -1
740 4.968266478429996 -15.440392266902418 -112.95238602206216 736 744 -1
741 29.415152127452163 -11.06620803464343 -152.0423250549338 737 745 -1
742 -35.40217548488789 -1.4242900349093277 -108.16157824820877 738 746 -1
743 -36.449703176240625 -8.31220703891525 -107.29603131147978 739 747 -1
744 5.098899099063942 -15.582944363514526 -112.95892384840555 740 748 -1
745 29.510959034296455 -10.894319913143724 -152.04515493697036 741 749 -1
746 -35.51482560345407 -1.288786458787233 -108.04165173932513 742 750 -1
747 -36.54394471618487 -8.421094610286154 -107.13351038445383 743 751 -1
748 5.231122853522415 -15.723809163643239 -112.96905884296571 744 752 -1
749 29.60602456379107 -10.721999356966734 -152.04453916356806 745 753 -1
750 -35.629899234469924 -1.1565247941115664 -107.92041404131724 746 754 -1
751 -36.635361665174855 -8.529273988694216 -106.968916431634 747 755 -1
752 5.364872837123444 -15.862922558577594 -112.98273919178668 748 756 -1
753 29.700353872134936 -10.54933034656241 -152.04012986121964 749 757 -1
754 -35.747335578105435 -1.0275145606087908 -107.79794458308865 750 758 -1
755 -36.72389595149111 -8.636745290823287 -106.8022953241023 751 759 -1
756 5.5 -16.0 -113.0 752 -1 -1
757 29.793914650105965 -10.376407428221077 -152.031423904524 753 760 -1
758 -35.86707282484342 -0.9017591863192335 -107.67432288269885 754 761 -1
759 -36.80949084652619 -8.743509698671792 -106.63369562232656 755 762 -1
760 29.886706567898557 -10.203361168674306 -152.01815847827515 757 763 -1
761 -35.9890470032245 -0.7792539809036743 -107.54962899554384 758 764 -1
762 -36.89209113597636 -8.849569496369131 -106.46316853959308 759 765 -1
763 29.9786979950958 -10.030335551855755 -151.99996922226399 760 766 -1
764 -36.11319121261922 -0.6599843964254519 -107.42394360724703 761 767 -1
765 -36.971643219310685 -8.95492808617294 -106.29076784908207 762 768 -1
766 30.069846700994482 -9.857470841102113 -151.97670289693312 763 769 -1
767 -36.23943807990016 -0.5439291411497919 -107.29734664782724 764 770 -1
768 -37.0480952024164 -9.059590000251594 -106.11654978521288 765 771 -1
769 30.160222450432958 -9.684766304539135 -151.94954024045902 766 772 -1
770 -36.36771943976053 -0.4310593757581093 -107.1699172792619 767 773 -1
771 -37.12139698318531 -9.163560908209087 -105.94057293999958 768 774 -1
772 30.24990972624547 -9.512138186767844 -151.91972681115112 769 775 -1
773 -36.49796680491429 -0.321339118603431 -107.04173351564519 770 776 -1
774 -37.19149825177314 -9.266847187078266 -105.76289710742005 771 777 -1
775 30.339018183474835 -9.339452397931618 -151.88853781429646 772 778 -1
776 -36.630111801584 -0.21472568947768034 -106.91287188881228 773 779 -1
777 -37.258353046536634 -9.369456887593767 -105.5835855869384 774 780 -1
778 30.427685042531206 -9.166554092889621 -151.85726743200556 775 781 -1
779 -36.7640865669791 -0.11117018150822512 -106.78340716030563 776 782 -1
780 -37.321917510460395 -9.47139920820998 -105.40270370868659 777 783 -1
781 30.51602950867804 -8.993277008108619 -151.82720942721235 778 784 -1
782 -36.89982410665198 -0.010617951284549296 -106.65341207947844 779 785 -1
783 -37.38214565436876 -9.572683659467582 -105.22031687491013 780 786 -1
784 30.60416991681484 -8.819475811851241 -151.79969702445007 781 787 -1
785 -37.03725861070484 0.08699088198692792 -106.52295718659975 782 788 -1
786 -37.438999603213965 -9.673322066094434 -105.03649505934143 783 789 -1
787 30.692198895340788 -8.645064133996515 -151.77596218730048 784 790 -1
788 -37.17632572878412 0.18172093664550806 -106.39211065905545 785 791 -1
789 -37.49243838041597 -9.773326350916308 -104.85130769953498 786 792 -1
790 30.78012940578152 -8.470075510758136 -151.75648583331397 787 793 -1
791 -37.31696280462626 0.2736410754403555 -106.26093819813063 788 794 -1
792 -37.542425604485956 -9.872710001399176 -104.66482692383727 789 795 -1
793 30.867945398474554 -8.294655303051307 -151.7407232650191 790 796 -1
794 -37.459109071602775 0.36282392546163694 -106.12950295340889 791 797 -1
795 -37.58892787245584 -9.971487697485237 -104.47712659026782 792 798 -1
796 30.95563586264172 -8.118903509494443 -151.72830025612225 793 799 -1
797 -37.60270581125447 0.44934541647122334 -105.997865481518 794 800 -1
798 -37.63191245185822 -10.069674884201621 -104.2882813775012 795 801 -1
799 31.04320476937745 -7.942912979907089 -151.71871290991143 796 802 -1
800 -37.7476964772105 0.5332843419541695 -105.8660837357791 797 803 -1
801 -37.6713474429762 -10.167287811291112 -104.09836690041786 798 804 -1
802 31.13066462072467 -7.766755092545538 -151.71148252803832 799 805 -1
803 -37.894026787169416 0.6147219462504276 -105.734213083257 800 806 -1
804 -37.70720706059663 -10.264344331422976 -103.90746109931665 801 807 -1
805 31.21803631682838 -7.590486171115971 -151.70612137459017 802 808 -1
806 -38.04164478578757 0.6937415402348537 -105.60230634574634 803 809 -1
807 -37.739465801993255 -10.360862908336946 -103.71564232950736 804 810 -1
808 31.30534890070201 -7.414151815197048 -151.70210671947544 805 811 -1
809 -38.19050088139266 0.7704281472073401 -105.47041386134242 806 812 -1
810 -37.76810057578746 -10.456862930816788 -103.52298993011073 807 813 -1
811 31.392635572484856 -7.237787224339663 -151.69893467673904 808 814 -1
812 -38.340547859430316 0.844868179941959 -105.33858356342074 809 815 -1
813 -37.79309070370208 -10.552364667440916 -103.32958410457863 810 816 -1
814 31.47993391003709 -7.061423084706987 -151.69606888169065 811 817 -1
815 -38.49174087547583 0.9171491492276658 -105.20686107406661 812 818 -1
816 -37.81441791779115 -10.647389218769867 -103.13550580444584 813 819 -1
817 31.5672833716092 -6.885088190206587 -151.69297440011815 814 820 -1
818 -38.64403743051528 0.9873594037128643 -105.07528980924525 815 821 -1
819 -37.83206635365942 -10.741958467228061 -102.9408366165029 816 822 -1
820 31.65472256821532 -6.708813300646207 -151.68910558947272 817 823 -1
821 -38.7973973310341 1.0555879004380255 -104.94391109326673 818 824 -1
822 -37.846022540178026 -10.836095024934513 -102.74565865351126 819 825 -1
823 31.74228828626241 -6.532635929865573 -151.6839030286132 820 826 -1
824 -38.95178263625724 1.1219240050984487 -104.81276428037249 821 827 -1
825 -37.8562753861877 -10.929822179731561 -102.55005444851535 822 828 -1
826 31.82997781427515 -6.356584577632726 -151.6768603278048 823 829 -1
827 -39.107157886969055 1.1864567970351574 -104.68188697502036 824 830 -1
828 -37.86281616466012 -11.02316383965443 -102.35410685274532 825 831 -1
829 31.917718282555747 -6.180661143717453 -151.6676100568795 826 832 -1
830 -39.26348918952153 1.249276459349626 -104.55131492230849 827 833 -1
831 -37.865638494761356 -11.116144476076423 -102.15789893704593 828 834 -1
832 32.005421358183334 -6.0048777712619685 -151.65572794635185 829 835 -1
833 -39.42074492439192 1.3104727116392367 -104.42108233628699 830 836 -1
834 -37.86473832222913 -11.208789065755385 -101.96151389671587 831 837 -1
835 32.0929939115144 -5.8292534521248776 -151.64090317518756 832 838 -1
836 -39.57889544426188 1.3701351178576628 -104.29122198904493 833 839 -1
837 -37.860113898439884 -11.301123031997976 -101.76503495959444 834 840 -1
838 32.18032600465678 -5.6538315356474955 -151.62266411371317 835 841 -1
839 -39.73791311991307 1.428352799752658 -104.16176541901666 836 842 -1
840 -37.851765097359134 -11.393172139170206 -101.56854530999668 837 843 -1
841 32.26730885824704 -5.478663170825387 -151.60070798896365 838 844 -1
842 -39.897772020828846 1.4852147838365215 -104.03274297524587 839 845 -1
843 -37.83969491555469 -11.484962551025458 -101.37212801271504 840 846 -1
844 32.35381702740014 -5.303824505126856 -151.57463802745627 841 847 -1
845 -40.05844756822558 1.5408103270392162 -103.90418377514077 842 848 -1
846 -37.823908869398565 -11.576520708275133 -101.17586587094483 843 849 -1
847 32.43971016854906 -5.129415707359069 -151.54405374146478 844 850 -1
848 -40.21991700049345 1.5952279941589196 -103.77611612794931 845 851 -1
849 -37.80441423815088 -11.667873222578548 -100.97984137683538 846 852 -1
850 32.52485843499664 -4.9555443035775335 -151.50870226111158 847 853 -1
851 -40.38215939244199 1.6485555819738682 -103.64856781027868 848 854 -1
852 -37.78122049211497 -11.759046850730929 -100.78413663346828 849 855 -1
853 32.60908993852133 -4.782365112246016 -151.46814354299838 850 856 -1
854 -40.54515453146477 1.7008815620746496 -103.52156548941139 851 857 -1
855 -37.75433926925108 -11.850068434538915 -100.58883327718893 852 858 -1
856 32.69238487717547 -4.609966715435781 -151.42262308746282 853 859 -1
857 -40.708883743816 1.7522937538903667 -103.39513543821708 854 860 -1
858 -37.72378435187479 -11.940964841069553 -100.39401240124567 855 861 -1
859 32.77489003794987 -4.438351381895221 -151.37289148319095 856 862 -1
860 -40.8733298504106 1.8028794118065332 -103.26930377616927 857 863 -1
861 -37.6895716434481 -12.031762903420027 -100.1997544804202 858 864 -1
862 32.85679454333492 -4.267466851987571 -151.31976171691366 859 865 -1
863 -41.03847635846024 1.852726106903464 -103.1440960065448 860 866 -1
864 -37.651719145426625 -12.122489362150118 -100.00613929634088 861 867 -1
865 32.93831258907274 -4.097207641581266 -151.26408698895457 862 868 -1
866 -41.20430775379977 1.9019212510451744 -103.01953741671397 863 869 -1
867 -37.6102469340808 -12.213170807515302 -99.81324586318529 864 870 -1
868 33.019655318155394 -3.927470203469046 -151.20659002259328 865 871 -1
869 -41.37080969126882 1.9505519421586097 -102.89565350332722 866 872 -1
870 -37.565177137168035 -12.303833622635159 -99.62115235349692 867 873 -1
871 33.10105082470538 -3.7581018856100576 -151.14808689427437 868 874 -1
872 -41.53796848198728 1.998705453586805 -102.77246971113289 869 875 -1
873 -37.51653391029328 -12.394503927729073 -99.42993602386572 870 876 -1
874 33.18273143638917 -3.5889649377760744 -151.08931211010386 871 877 -1
875 -41.705770874923864 2.046469298873259 -102.65001137331713 872 878 -1
876 -37.46434341275939 -12.485207525550214 -99.23967314025064 873 879 -1
877 33.26492323400966 -3.419907055073232 -151.03102527186505 874 880 -1
878 -41.874204393493976 2.093931009004725 -102.52830430272817 875 881 -1
879 -37.40863378267667 -12.575969848147698 -99.05043890275621 876 882 -1
880 33.34785951350223 -3.2507875198362592 -150.9739869041967 877 883 -1
881 -42.043257226463126 2.141178352321313 -102.40737496652902 878 884 -1
882 -37.3494351110723 -12.666815905086704 -98.86230736971207 879 885 -1
883 33.43177107549313 -3.0814762039565875 -150.918983409508 880 886 -1
884 -42.21291752341133 2.1882996114123276 -102.2872498403084 881 887 -1
885 -37.28677941471657 -12.757770233256686 -98.67535138094506 882 888 -1
886 33.51686052871706 -2.9118710012267455 -150.8667691039634 883 889 -1
887 -42.38317380398991 2.2353834408101143 -102.16795614781033 884 890 -1
888 -37.22070060736315 -12.848856848398459 -98.4896424801776 885 891 -1
889 33.60332192855616 -2.7419103882605858 -150.8180859334521 886 892 -1
890 -42.55401476209134 2.2825190360585874 -102.04952189542982 887 893 -1
891 -37.15123256879843 -12.940099299973898 -98.30525162338715 888 894 -1
892 33.69106608874927 -2.571668306989065 -150.77279841322314 889 895 -1
893 -42.72542909134964 2.329796248232302 -101.93197591667473 890 896 -1
894 -37.078413916470254 -13.031520404950811 -98.12224723050187 891 897 -1
895 33.78000787260251 -2.401224752067569 -150.73071575067777 892 898 -1
896 -42.897405358412186 2.377305679543164 -101.81534798358275 893 899 -1
897 -37.00228454891134 -13.123142330903129 -97.9406963284678 894 900 -1
898 33.87002821600014 -2.230655330334738 -150.6915352254502 895 901 -1
899 -43.06993187793565 2.425138783255484 -101.69966893268548 896 902 -1
900 -36.92288344549159 -13.21498673803158 -97.76066559640905 897 903 -1
901 33.96101644857098 -2.0600211849252177 -150.65495592807008 898 904 -1
902 -43.24299654587306 2.4733879359507536 -101.58497072902254 899 905 -1
903 -36.84025372009181 -13.30707441896663 -97.58221900452362 900 906 -1
904 34.05289296911626 -1.889372133536554 -150.6207411042102 901 907 -1
905 -43.4165867137381 2.522146530092051 -101.47128661195684 902 908 -1
906 -36.75443975749386 -13.399425427216826 -97.40541894672056 903 909 -1
907 34.14553834349848 -1.7187481695133235 -150.58853175398826 904 910 -1
908 -43.59068906786693 2.5715091041911626 -101.3586512835903 905 911 -1
909 -36.66548600957331 -13.492059173627457 -97.23032688083045 906 912 -1
910 34.23887442675977 -1.5481805097687407 -150.55806345331698 907 913 -1
911 -43.76528939222799 2.6215713392771653 -101.24710087795712 908 914 -1
912 -36.57343991054411 -13.58499414121439 -97.05700168237232 909 915 -1
913 34.33280786127211 -1.3776919904709686 -150.52902010868033 910 916 -1
914 -43.940372442308444 2.6724301729202784 -101.13667316839233 911 917 -1
915 -36.478350813961676 -13.678247920901489 -96.88550001263931 912 918 -1
916 34.42725012774608 -1.2072980519939975 -150.5010919251682 913 919 -1
917 -44.11592174937027 2.7241838439098656 -101.02740765956648 914 920 -1
918 -36.38026601192601 -13.771837640267544 -96.71587875564947 915 921 -1
919 34.522129049124764 -1.037012291534394 -150.47399544076364 916 922 -1
920 -44.291919460245744 2.776932025869331 -100.91934580323812 917 923 -1
921 -36.27923806485554 -13.865779134283654 -96.54819038883197 918 924 -1
922 34.61735420407257 -0.8668389194594899 -150.4474117340117 919 925 -1
923 -44.46834624964536 2.830776273458417 -100.81253153383234 920 926 -1
924 -36.175319243231684 -13.960087522336554 -96.3824862807102 921 927 -1
925 34.71285684628915 -0.6967857787091313 -150.42105473696395 922 928 -1
926 -44.64518053852439 2.8858185012543336 -100.7070096817169 923 929 -1
927 -36.068562676095034 -14.054777080012714 -96.21881595332702 924 930 -1
928 34.80855559512156 -0.5268538484499157 -150.3946274109831 925 931 -1
929 -44.822399116533234 2.942163407894449 -100.60282873940575 926 932 -1
930 -35.95902270006294 -14.149861179110005 -96.05722675393362 927 933 -1
931 34.90437825863489 -0.357048005209054 -150.36784138240014 928 934 -1
932 -45.0 3.0 -100.5 929 -1 -1
933 -35.84675478887275 -14.245352277106493 -95.89776378968328 930 935 -1
934 35.00024948722118 -0.18737217235136472 -150.3404135956421 931 936 -1
935 -35.7318154786024 -14.341261909562686 -95.74046986516387 933 937 -1
936 35.09609531780634 -0.017832733952399454 -150.31206968996784 934 938 -1
937 -35.61426205381772 -14.437600725823572 -95.58538562978802 935 939 -1
938 35.19184004478847 0.15155971114515568 -150.28253153323473 936 940 -1
939 -35.49415063385819 -14.534378825052691 -95.43255124036358 937 941 -1
940 35.28740928158386 0.3207927098583517 -150.2515475945186 938 942 -1
941 -35.371542404434884 -14.631604654916883 -95.28200067649168 939 943 -1
942 35.38272402357613 0.48984617976585204 -150.2188486044853 940 944 -1
943 -35.24649487698619 -14.729286537492937 -95.13376947415148 941 945 -1
944 35.47772356928194 0.6586950782646356 -150.1842322865415 942 946 -1
945 -35.11906900071409 -14.827431388562914 -94.98788811662071 943 947 -1
946 35.57242570159131 0.8272958935965605 -150.1476477939679 944 948 -1
947 -34.98932293055941 -14.926045908633188 -94.84438800791736 945 949 -1
948 35.66687791608602 0.9956003343230458 -150.109104859492 946 950 -1
949 -34.857318839021445 -15.02513522075353 -94.70329447666239 947 951 -1
950 35.76112996495241 1.1635664489619681 -150.06864364945497 948 952 -1
951 -34.723116869279075 -15.124704090635941 -94.56463287018936 949 953 -1
952 35.855223902294114 1.3311401399511045 -150.02623411878642 950 954 -1
953 -34.58677750818287 -15.22475646064791 -94.42842609627114 951 955 -1
954 35.949208413154295 1.4982886528909194 -149.9819456962385 952 956 -1
955 -34.44836149432956 -15.325295465922354 -94.2946946056469 953 957 -1
956 36.043124757499534 1.664957059573279 -149.93574459315528 954 958 -1
957 -34.307929724621324 -15.426323452625528 -94.16345638019672 955 959 -1
958 36.13701653376827 1.8311091696750317 -149.88767194178564 956 960 -1
959 -34.16554315969154 -15.527841998278868 -94.03472692695412 957 961 -1
960 36.23092443575785 1.9967074129594753 -149.8377548035271 958 962 -1
961 -34.02126240876783 -15.6298520197993 -93.90851972006485 959 963 -1
962 36.32489034778926 2.1616922233555926 -149.78595121271283 960 964 -1
963 -33.87514597145539 -15.732354273165587 -93.78484867845017 961 965 -1
964 36.41895168994407 2.3260403887849312 -149.73232930919622 962 966 -1
965 -33.72725619546556 -15.835347737368725 -93.6637197129035 963 967 -1
966 36.51314603980618 2.4897099014183754 -149.67689552727032 964 968 -1
967 -33.57764999866027 -15.938832171497523 -93.54514383632933 965 969 -1
968 36.60751477099827 2.652642311200846 -149.6196176230838 966 970 -1
969 -33.42638773872405 -16.04280565006179 -93.42912428509057 967 971 -1
970 36.702089400501045 2.814816457867026 -149.56055546154977 968 972 -1
971 -33.27352754985104 -16.147266168065894 -93.31566473752937 969 973 -1
972 36.79690425854177 2.9761928125824597 -149.49971970761223 970 974 -1
973 -33.11912680563381 -16.252211254030378 -93.20476721452836 971 975 -1
974 36.89199891443888 3.1367143769115797 -149.43708577421384 972 976 -1
975 -32.96324238435239 -16.35763789821046 -93.09643159738393 973 977 -1
976 36.987402707998775 3.296353186867086 -149.37269080662844 974 978 -1
977 -32.805930592158866 -16.463542579928518 -92.99065566195081 975 979 -1
978 37.0831454227107 3.455075334775192 -149.30655648094168 976 980 -1
979 -32.64724708826143 -16.569921295527024 -92.88743511743694 977 981 -1
980 37.17925759671107 3.6128418923066494 -149.23869386749143 978 982 -1
981 -32.48724575780709 -16.67676997518194 -92.7867657734097 979 983 -1
982 37.27577807743848 3.7695916758864763 -149.1690772760987 980 984 -1
983 -32.3259803968682 -16.784083908644487 -92.68864034608848 981 985 -1
984 37.37272753694743 3.9253064206863866 -149.09775517354112 982 986 -1
985 -32.16350389160974 -16.891858030933314 -92.59304989393951 983 987 -1
986 37.47013202639522 4.079949263931097 -149.0247410370061 984 988 -1
987 -32.0 -17.0 -92.5 985 -1 -1
988 37.56798948009924 4.233497963668027 -148.95004264533122 986 989 -1
989 37.66626666858048 4.385941753218261 -148.8736512241934 988 990 -1
990 37.76492739837276 4.537271366154699 -148.79555792651755 989 991 -1
991 37.863929838440406 4.687496657315984 -148.71578324103606 990 992 -1
992 37.963238067767485 4.836612596990495 -148.63432512715738 991 993 -1
993 38.06281670734971 4.9846131822290785 -148.55118040408334 992 994 -1
994 38.16263082561106 5.131491410694705 -148.4663447859719 993 995 -1
995 38.26264715691536 5.277230307099052 -148.37979954632476 994 996 -1
996 38.36283053727502 5.421821294376542 -148.29153921523044 995 997 -1
997 38.46314536533969 5.565262710933691 -148.20156917054442 996 998 -1
998 38.56355764066482 5.707543189391487 -148.1098809263403 997 999 -1
999 38.66403336342605 5.848650216975997 -148.01646505555107 998 1000 -1
1000 38.764538452290836 5.988570102680606 -147.92131122165017 999 1001 -1
1001 38.865038663269374 6.1272879429802565 -147.82440821101008 1000 1002 -1
1002 38.965499081162605 6.264780439637919 -147.7257337048916 1001 1003 -1
1003 39.065884088470916 6.4010272769124485 -147.6252709516528 1002 1004 -1
1004 39.166158773038 6.536019185182154 -147.52302008003775 1003 1005 -1
1005 39.26628741240305 6.669735931016348 -147.4189666174208 1004 1006 -1
1006 39.36623371419212 6.802155870276308 -147.31309540159174 1005 1007 -1
1007 39.46596073699873 6.933255904641088 -147.2053906260605 1006 1008 -1
1008 39.56543081120914 7.063011436899297 -147.09583588920606 1007 1009 -1
1009 39.66460512943874 7.191394946788904 -146.98441239052804 1008 1010 -1
1010 39.763439487196685 7.3183605778581295 -146.8710786083047 1009 1011 -1
1011 39.861897449881056 7.4438971747220455 -146.75584159177305 1010 1012 -1
1012 39.95993754995536 7.567973537887799 -146.63868306133872 1011 1013 -1
1013 40.05751718606429 7.690556727869768 -146.5195844711535 1012 1014 -1
1014 40.15459254469092 7.811612017974999 -146.3985270947384 1013 1015 -1
1015 40.25111852278302 7.931102848172748 -146.27549211908666 1014 1016 -1
1016 40.34704799719957 8.048977116599657 -146.150447596175 1015 1017 -1
1017 40.442364291859235 8.165218022724785 -146.02342099239587 1016 1018 -1
1018 40.53705884907923 8.27981758828516 -145.89445301536625 1017 1019 -1
1019 40.63111954053487 8.392757939072139 -145.76357170283316 1018 1020 -1
1020 40.72453451147385 8.504021657163694 -145.6308052913298 1019 1021 -1
1021 40.81728978340488 8.613585647923552 -145.49617565073424 1020 1022 -1
1022 40.90936544400615 8.7214116613915 -145.35968915261765 1021 1023 -1
1023 41.00076075503683 8.827510155718555 -145.22140361761805 1022 1024 -1
1024 41.09146489843043 8.931865379698417 -145.0813478495291 1023 1025 -1
1025 41.181467293538674 9.034461945159656 -144.93955071953042 1024 1026 -1
1026 41.27075167096219 9.135270153998496 -144.79602735174518 1025 1027 -1
1027 41.35930390970557 9.234265691157377 -144.650798850473 1026 1028 -1
1028 41.44712336580328 9.331457236374066 -144.50391646452385 1027 1029 -1
1029 41.53420032127253 9.426830659114394 -144.35540917662075 1028 1030 -1
1030 41.62052512782145 9.520371798299001 -144.20530570482296 1029 1031 -1
1031 41.70607099279623 9.61202493460105 -144.05360014047008 1030 1032 -1
1032 41.790845670136655 9.701817886977352 -143.90035723879555 1031 1033 -1
1033 41.87484013294593 9.789737426675865 -143.74560585491756 1032 1034 -1
1034 41.95804549723278 9.875770492872482 -143.58937478238823 1033 1035 -1
1035 42.040434526893065 9.95986033974757 -143.43166010912316 1034 1036 -1
1036 42.12201535629808 10.042034273220025 -143.2725220299941 1035 1037 -1
1037 42.202780558671925 10.122282217874334 -143.11199113758602 1036 1038 -1
1038 42.2827189301213 10.20058506290686 -142.95009150311012 1037 1039 -1
1039 42.36180612277461 10.27689293983331 -142.78682702429427 1038 1040 -1
1040 42.44005201071761 10.351236018742927 -142.62225605872402 1039 1041 -1
1041 42.51744837743071 10.42360180486141 -142.45640692447907 1040 1042 -1
1042 42.59397478569759 10.493949430438816 -142.28929055447034 1041 1043 -1
1043 42.66962401153649 10.562268719664281 -142.12093793026156 1042 1044 -1
1044 42.74439864863346 10.628571943152126 -141.95139278277665 1043 1045 -1
1045 42.818287760729014 10.692839983140242 -141.78067961088712 1044 1046 -1
1046 42.891263749501626 10.755015630717116 -141.60880273983236 1045 1047 -1
1047 42.963340142237826 10.81513581631847 -141.43581871156096 1046 1048 -1
1048 43.034508790458936 10.873187609341102 -141.2617555833508 1047 1049 -1
1049 43.10473836282019 10.929105479102896 -141.08661575215592 1048 1050 -1
1050 43.17403942080871 10.982919089040854 -140.9104499902464 1049 1051 -1
1051 43.24240730990217 11.034623331892252 -140.7332906043244 1050 1052 -1
1052 43.309811919560346 11.084155736102709 -140.55514429467038 1051 1053 -1
1053 43.376258999512686 11.131534738781507 -140.37605513027776 1052 1054 -1
1054 43.44174680268915 11.176761696150878 -140.196058437777 1053 1055 -1
1055 43.50624250403231 11.219768432157789 -140.01516160380024 1054 1056 -1
1056 43.569754480216 11.260579056377608 -139.8334100545877 1055 1057 -1
1057 43.63228009754566 11.299192895021825 -139.65083825568755 1056 1058 -1
1058 43.69377938597644 11.335526541526335 -139.46745166288272 1057 1059 -1
1059 43.75425824362958 11.36962476562727 -139.28329819786387 1058 1060 -1
1060 43.81364673513051 11.40144421797414 -139.09838359989874 1059 1061 -1
1061 43.8718478011469 11.430907669939197 -138.912702725492 1060 1062 -1
1062 43.92881457802894 11.458038186535871 -138.72628512008944 1061 1063 -1
1063 43.98444043520818 11.482747132393849 -138.53912743314152 1062 1064 -1
1064 44.03865368880412 11.505013434231822 -138.35125020799637 1063 1065 -1
1065 44.09138292567613 11.524815841856695 -138.1626760855201 1064 1066 -1
1066 44.142500935230494 11.542045735091632 -137.97340710876378 1065 1067 -1
1067 44.191968267282235 11.556736062470586 -137.7834866286808 1066 1068 -1
1068 44.239644537197115 11.568766410582633 -137.59292221570757 1067 1069 -1
1069 44.28547173693954 11.578142088720432 -137.4017561780797 1068 1070 -1
1070 44.32933201780443 11.584783646097813 -137.21001524797475 1069 1071 -1
1071 44.37112936507049 11.58864541482501 -137.01773825234034 1070 1072 -1
1072 44.41077131559972 11.589688310416884 -136.82496967855877 1071 1073 -1
1073 44.448131247187845 11.587831435540565 -136.63175207483627 1072 1074 -1
1074 44.48313432414954 11.583061938297819 -136.4381437135554 1073 1075 -1
1075 44.51563422340906 11.57528098667173 -136.24419698080408 1074 1076 -1
1076 44.54556350038285 11.56448723334005 -136.0499812782208 1075 1077 -1
1077 44.572807503831214 11.550582544636205 -135.85556816860318 1076 1078 -1
1078 44.59753899725496 11.53356567169968 -135.66106667281878 1077 1079 -1
1079 44.61995275212889 11.513361337621149 -135.4665889411407 1078 1080 -1
1080 44.64029497734527 11.489955239099263 -135.2722425170519 1079 1081 -1
1081 44.65879307097895 11.46330544649993 -135.07812938693465 1080 1082 -1
1082 44.67568189441291 11.433372205747096 -134.88434842564547 1081 1083 -1
1083 44.69121267827095 11.400154599226742 -134.69098924720828 1082 1084 -1
1084 44.705612369002274 11.363580269881087 -134.49814905008705 1083 1085 -1
1085 44.71914356131932 11.3236935373576 -134.30590337953012 1084 1086 -1
1086 44.73203290777951 11.280386738334375 -134.11435491712825 1085 1087 -1
1087 44.74454027717174 11.23375012100794 -133.92356431336282 1086 1088 -1
1088 44.756901225518035 11.183643661857309 -133.73364591472253 1087 1089 -1
1089 44.769360748700215 11.130184644365915 -133.54465045393258 1088 1090 -1
1090 44.78216654133616 11.073254296692095 -133.3566948180995 1089 1091 -1
1091 44.79554532844088 11.012949456274987 -133.1698348997145 1090 1092 -1
1092 44.80975022859823 10.949184789931277 -132.98418857384516 1091 1093 -1
1093 44.82499220075978 10.882049101490587 -132.79981758836803 1092 1094 -1
1094 44.841524300970065 10.811480456180318 -132.61684519317856 1093 1095 -1
1095 44.85953733280168 10.73757687701206 -132.43533529343998 1094 1096 -1
1096 44.8792755554572 10.660289814442914 -132.25542103740423 1095 1097 -1
1097 44.90075967216107 10.57980722111467 -132.077114834209 1096 1098 -1
1098 44.92401039413939 10.496167069670527 -131.90049109640108 1097 1099 -1
1099 44.948928222102964 10.409615271657145 -131.72550491292634 1098 1100 -1
1100 44.97552489558607 10.320200163549341 -131.552213522632 1099 1101 -1
1101 45.00372316906208 10.228120022321718 -131.38057873849777 1100 1102 -1
1102 45.03349731568488 10.133482935891216 -131.2106087292987 1101 1103 -1
1103 45.06482138597565 10.03639638371122 -131.04230675949177 1102 1104 -1
1104 45.0976283790423 9.937028791759515 -130.87562620380734 1103 1105 -1
1105 45.131917666324476 9.835444267296367 -130.7105882601197 1104 1106 -1
1106 45.16763430841472 9.731786634330385 -130.5471498003687 1105 1107 -1
1107 45.20473458366211 9.626178516405082 -130.38527548482327 1106 1108 -1
1108 45.24321634963387 9.518683064720067 -130.2249734511294 1107 1109 -1
1109 45.283031023183824 9.409425372801326 -130.0661955687898 1108 1110 -1
1110 45.324140888747685 9.298511730560953 -129.90890266552358 1109 1111 -1
1111 45.3665285995202 9.186020294291113 -129.75307599298657 1110 1112 -1
1112 45.41018148240845 9.072023267229053 -129.59869942432258 1111 1113 -1
1113 45.45505284428926 8.956630650479482 -129.44571536685635 1112 1114 -1
1114 45.501120401041476 8.83992071080007 -129.29409204013314 1113 1115 -1
1115 45.54836628784658 8.721965417706016 -129.1438006293233 1114 1116 -1
1116 45.59678749913875 8.602821103061713 -128.99482688604476 1115 1117 -1
1117 45.64634372006256 8.482579869396098 -128.8471130717547 1116 1118 -1
1118 45.697017574445105 8.361308239692601 -128.700625829923 1117 1119 -1
1119 45.74879283509481 8.23907023063936 -128.55533168811186 1118 1120 -1
1120 45.80165440292173 8.11592748748938 -128.41119714482224 1119 1121 -1
1121 45.85560273868837 7.991928652987716 -128.26820366074145 1120 1122 -1
1122 45.91061213342678 7.867141859878005 -128.12630409602394 1121 1123 -1
1123 45.9666681091272 7.741624383751275 -127.98546250270708 1122 1124 -1
1124 46.023759954622506 7.615429523037703 -127.84564600649685 1123 1125 -1
1125 46.08187797361837 7.4886088741701045 -127.70682197521268 1124 1126 -1
1126 46.141013464035645 7.361212454646448 -127.56895804671105 1125 1127 -1
1127 46.201158698197574 7.233288823484119 -127.43202215025701 1126 1128 -1
1128 46.26231364187441 7.104882264391522 -127.29598836752639 1127 1129 -1
1129 46.32447037630236 6.976040432867823 -127.16082296941273 1128 1130 -1
1130 46.38761890861317 6.846810574210334 -127.02649030602137 1129 1131 -1
1131 46.45175530856766 6.717236482596822 -126.89295965313093 1130 1132 -1
1132 46.51687653648394 6.5873610714355335 -126.76020060338148 1131 1133 -1
1133 46.58298043086978 6.457226479474638 -126.62818306050569 1132 1134 -1
1134 46.65006569740178 6.3268741752765125 -126.49687723074896 1133 1135 -1
1135 46.71813189925645 6.196345060312433 -126.36625361182767 1134 1136 -1
1136 46.787179448786944 6.065679570952503 -126.23628297974247 1135 1137 -1
1137 46.85720960052868 5.934917779642541 -126.10693637373642 1136 1138 -1
1138 46.92823201567201 5.804099362701504 -125.97818942746403 1137 1139 -1
1139 47.00024471866972 5.673264743702764 -125.85001031152585 1138 1140 -1
1140 47.07324906786964 5.542453665318115 -125.72236927931323 1139 1141 -1
1141 47.14725063371412 5.411704616155382 -125.5952399954127 1140 1142 -1
1142 47.2222767832946 5.281029611957267 -125.46863627276598 1141 1143 -1
1143 47.29838080548946 5.150409608201953 -125.34262057880373 1142 1144 -1
1144 47.37561898662406 5.019824154522578 -125.21726090495314 1143 1145 -1
1145 47.454048929928064 4.889253691278793 -125.09262772267165 1144 1146 -1
1146 47.53372962786379 4.7586796036021495 -124.96879428515972 1145 1147 -1
1147 47.61473653695274 4.628083879233478 -124.84584738083021 1146 1148 -1
1148 47.69712372761517 4.497449891733785 -124.72386227349998 1147 1149 -1
1149 47.78095071292053 4.36676242397492 -124.60292005044937 1148 1150 -1
1150 47.866282842406505 4.236007520467872 -124.4831088039489 1149 1151 -1
1151 47.95318703079221 4.10517270422067 -124.3645211404221 1150 1152 -1
1152 48.04173172887724 3.974247146763255 -124.24725455353176 1151 1153 -1
1153 48.132018172463255 3.843219988114107 -124.1314386977874 1152 1154 -1
1154 48.22409635120576 3.7120855760051588 -124.01716559406228 1153 1155 -1
1155 48.31803408481004 3.580839744796346 -123.90454624364982 1154 1156 -1
1156 48.4139053496919 3.449480677491702 -123.7937024024549 1155 1157 -1
1157 48.51182178628796 3.3180076189328958 -123.68479875674605 1156 1158 -1
1158 48.611844965333155 3.1864262713477784 -123.5779606657959 1157 1159 -1
1159 48.71403385016828 3.054746110491539 -123.47331679939658 1158 1160 -1
1160 48.81849270619717 2.922979053778549 -123.37105100478708 1159 1161 -1
1161 48.925314860837766 2.7911430368111216 -123.27134815805826 1160 1162 -1
1162 49.034532765032196 2.659262856484843 -123.17433621242577 1161 1163 -1
1163 49.14627686145505 2.5273680820190787 -123.08026637341797 1162 1164 -1
1164 49.26058999216714 2.3954963510092915 -122.98930324994814 1163 1165 -1
1165 49.37753678001545 2.263692532096388 -122.9016505887885 1164 1166 -1
1166 49.497219837395726 2.1320137003400426 -122.81757741108382 1165 1167 -1
1167 49.61955442811061 2.0005900349258656 -122.7369923038354 1166 1168 -1
1168 49.74443079132954 1.8696896429128533 -122.65951149195777 1167 1169 -1
1169 49.87158125315349 1.7395476898780768 -122.58448880737674 1168 1170 -1
1170 50.000873173376625 1.6104235626764263 -122.51139026412011 1169 1171 -1
1171 50.13204983003971 1.4825001686951704 -122.43954826132952 1170 1172 -1
1172 50.264966320347504 1.3560135588226112 -122.3683624145571 1171 1173 -1
1173 50.39937409482098 1.2311017244842195 -122.29719592689496 1172 1174 -1
1174 50.535115446693396 1.1079910279187417 -122.22542505284689 1173 1175 -1
1175 50.67194007609966 0.9867795247012427 -122.15248888532408 1174 1176 -1
1176 50.80966559067403 0.867687857158593 -122.07777914865939 1175 1177 -1
1177 50.94804564678209 0.7508048141610066 -122.00082633318951 1176 1178 -1
1178 51.08685668014736 0.636285576473668 -121.92114546403866 1177 1179 -1
1179 51.22588621944201 0.5242706855232211 -121.83834723655342 1178 1180 -1
1180 51.36517535748749 0.4146110501393975 -121.75287313649338 1179 1181 -1
1181 51.50495547971747 0.30707630069410763 -121.6655191155117 1180 1182 -1
1182 51.64549234579053 0.20147579750104494 -121.57702585352322 1181 1183 -1
1183 51.78703265855247 0.09756065926491737 -121.48813745817998 1182 1184 -1
1184 51.929833207274875 -0.004869932875847475 -121.39954242339842 1183 1185 -1
1185 52.07415616091719 -0.10599589198955094 -121.31192166745943 1184 1186 -1
1186 52.22027801713588 -0.20597428351541178 -121.22598288366187 1185 1187 -1
1187 52.368484523582445 -0.3049455013542679 -121.14248533793992 1186 1188 -1
1188 52.51900454736648 -0.403050402225979 -121.06216858003243 1187 1189 -1
1189 52.6720794714026 -0.5003898616990201 -120.98585320805016 1188 1190 -1
1190 52.82795336593336 -0.5970306524777096 -120.91448072474803 1189 1191 -1
1191 52.98684356216868 -0.6930034345918279 -120.84912077306936 1190 1192 -1
1192 53.14881663205009 -0.7883119946198389 -120.79074133605086 1191 1193 -1
1193 53.313835647747325 -0.8828563060640744 -120.74017266149896 1192 1194 -1
1194 53.48158038644624 -0.9764598646300721 -120.69742236981402 1193 1195 -1
1195 53.65163230087618 -1.0689920812153513 -120.66209103038805 1194 1196 -1
1196 53.82370935882265 -1.160289180621652 -120.63410806071198 1195 1197 -1
1197 53.99742738050038 -1.2502931480459358 -120.61288444548771 1196 1198 -1
1198 54.17252303698869 -1.3389128680018882 -120.59812919892167 1197 1199 -1
1199 54.34872725270195 -1.4261198456067683 -120.58934104337762 1198 1200 -1
1200 54.52581508134975 -1.511908121582534 -120.58601889665198 1199 1201 -1
1201 54.70361415930123 -1.5962628911601702 -120.58776076482789 1200 1202 -1
1202 54.881958504543306 -1.6792487689053963 -120.59395229157596 1201 1203 -1
1203 55.06074456320641 -1.7608701670270959 -120.60422734103165 1202 1204 -1
1204 55.23987354667107 -1.8412136757283095 -120.61801420235318 1203 1205 -1
1205 55.41928308114023 -1.920341860326769 -120.63485505365338 1204 1206 -1
1206 55.598934783322264 -1.9983079356204894 -120.65433487174552 1205 1207 -1
1207 55.77879827352328 -2.075218693915354 -120.67594345784451 1206 1208 -1
1208 55.95886665442694 -2.1511416925673794 -120.69927394629427 1207 1209 -1
1209 56.13914247039305 -2.226159142220049 -120.72389832607348 1208 1210 -1
1210 56.319632557954336 -2.300371711070093 -120.7493786127653 1209 1211 -1
1211 56.500354522819904 -2.373853210600791 -120.77533063117367 1210 1212 -1
1212 56.68129653540277 -2.4466767827242974 -120.80160208088725 1211 1213 -1
1213 56.86242174250944 -2.518914968475363 -120.82822504315239 1212 1214 -1
1214 57.043698582766325 -2.590622435299633 -120.85524781024772 1213 1215 -1
1215 57.22509357254683 -2.66186015213686 -120.88271652872191 1214 1216 -1
1216 57.40657188824119 -2.7326968909017957 -120.91066760961027 1215 1217 -1
1217 57.5881015339545 -2.8031894012258243 -120.93915059876997 1216 1218 -1
1218 57.76964926293727 -2.8733972298170443 -120.96821548538266 1217 1219 -1
1219 57.95118180674879 -2.9433862112276716 -120.99789643693003 1218 1220 -1
1220 58.13266576785794 -3.013214803138885 -121.02824472156234 1219 1221 -1
1221 58.31406594635113 -3.0829434010521526 -121.05931513003158 1220 1222 -1
1222 58.49534969640447 -3.152634614516313 -121.0911396593446 1221 1223 -1
1223 58.676480711074944 -3.2223487715935324 -121.1237732306763 1222 1224 -1
1224 58.857420349517156 -3.2921486164843996 -121.15727361745185 1223 1225 -1
1225 59.03813536375507 -3.362093420761337 -121.19167190515587 1224 1226 -1
1226 59.21858381393616 -3.4322470331571693 -121.22703079014411 1225 1227 -1
1227 59.39872400584356 -3.5026732002683314 -121.26340485200782 1226 1228 -1
1228 59.578519934920365 -3.573428878876743 -121.30082743637207 1227 1229 -1
1229 59.75791926968415 -3.6445854576857997 -121.33937601950615 1228 1230 -1
1230 59.936880986663816 -3.7162015163010307 -121.37908988994742 1229 1231 -1
1231 60.115360913044555 -3.7883364595240123 -121.42001422640828 1230 1232 -1
1232 60.29330039512263 -3.8610485311617344 -121.46224937441012 1231 1233 -1
1233 60.47069074162819 -3.93429733905163 -121.50584478208995 1232 1234 -1
1234 60.6474970458823 -4.008056789877635 -121.5509261583397 1233 1235 -1
1235 60.823698951575196 -4.0822838517037106 -121.59757869108108 1234 1236 -1
1236 60.9992738240258 -4.156935640296776 -121.6458878908119 1235 1237 -1
1237 61.17418055280282 -4.231977594095204 -121.69598296246103 1236 1238 -1
1238 61.34840807482839 -4.307355760514532 -121.74790651453583 1237 1239 -1
1239 61.52189960199126 -4.383035451081396 -121.80181745565686 1238 1240 -1
1240 61.69464450606344 -4.458960446798764 -121.85774297206123 1239 1241 -1
1241 61.8665886631136 -4.535087376262507 -121.91581983861182 1240 1242 -1
1242 62.037704873706566 -4.61136319919877 -121.97610440458583 1241 1243 -1
1243 62.2079479734695 -4.687736829915064 -122.03869271323659 1242 1244 -1
1244 62.37727314290325 -4.764154846133441 -122.10367102540525 1243 1245 -1
1245 62.545646282687365 -4.840562444982979 -122.1710893690717 1244 1246 -1
1246 62.71300281455661 -4.916902633837423 -122.24106651599378 1245 1247 -1
1247 62.87932372612645 -4.993121184837389 -122.3135986176494 1246 1248 -1
1248 63.04452088555818 -5.0691541744003805 -122.38884262814842 1247 1249 -1
1249 63.20858513783616 -5.144950216578594 -122.46675666336512 1248 1250 -1
1250 63.37143421503087 -5.220443151585109 -122.5474639359594 1249 1251 -1
1251 63.533036825460044 -5.295578656210189 -122.63096168158432 1250 1252 -1
1252 63.69334610110006 -5.370300432481757 -122.71727636928335 1251 1253 -1
1253 63.85234263915646 -5.444566123160923 -122.80636841626645 1252 1254 -1
1254 64.01006589250999 -5.518356775865165 -122.89808024548246 1253 1255 -1
1255 64.16649356314784 -5.591630930064654 -122.99238863768298 1254 1256 -1
1256 64.32166717655451 -5.664372924690867 -123.08914891257668 1255 1257 -1
1257 64.47560728388153 -5.736560227005927 -123.18826660735046 1256 1258 -1
1258 64.62830118107142 -5.808154591209437 -123.28971482084815 1257 1259 -1
1259 64.77980408396049 -5.87915073815921 -123.3933455553163 1258 1260 -1
1260 64.93013203046749 -5.949525638279689 -123.49908989620545 1259 1261 -1
1261 65.07928368521476 -6.019245963277655 -123.60691324263726 1260 1262 -1
1262 65.22731216589541 -6.08830926915888 -123.71668953246017 1261 1263 -1
1263 65.37424148480311 -6.156697975451971 -123.8283489822181 1262 1264 -1
1264 65.52007065485434 -6.224377866627672 -123.94186720703419 1263 1265 -1
1265 65.66485006221602 -6.291347940445299 -124.05713654251211 1264 1266 -1
1266 65.8086084887281 -6.3575943831071084 -124.17408970185829 1265 1267 -1
1267 65.95136443033353 -6.423095860180927 -124.29267916394939 1266 1268 -1
1268 66.09313777206407 -6.487831142669951 -124.41285751900121 1267 1269 -1
1269 66.23397243817877 -6.551798401851001 -124.53454134996076 1268 1270 -1
1270 66.37389584711882 -6.614983596787497 -124.65767651967417 1269 1271 -1
1271 66.51292858766541 -6.677366257640447 -124.78222183489937 1270 1272 -1
1272 66.65109395119904 -6.738927337638511 -124.90813373601603 1271 1273 -1
1273 66.78843276561736 -6.7996650139789345 -125.03534308319117 1272 1274 -1
1274 66.92497290330628 -6.8595657340647875 -125.16380298331383 1273 1275 -1
1275 67.06074227058687 -6.918615924543166 -125.29346810946268 1274 1276 -1
1276 67.19575418555596 -6.976784157770705 -125.42431742074226 1275 1277 -1
1277 67.33003867657595 -7.034077015964628 -125.55629651437775 1276 1278 -1
1278 67.46357189265063 -7.090494314694098 -125.68941011597383 1277 1279 -1
1279 67.59632021226633 -7.146035920792453 -125.82367210021388 1278 1280 -1
1280 67.72824397424485 -7.200695634893892 -125.95910368628263 1279 1281 -1
1281 67.85929640951547 -7.25446109691045 -126.09573382753969 1280 1282 -1
1282 67.98945105822915 -7.307340930769142 -126.23356239692802 1281 1283 -1
1283 68.11866673590238 -7.359328732402736 -126.3726083815927 1282 1284 -1
1284 68.24689998145418 -7.410416513201056 -126.51289199850407 1283 1285 -1
1285 68.37408827319965 -7.460580462564679 -126.65445445218388 1284 1286 -1
1286 68.50018962471215 -7.509816078550883 -126.79730918075917 1285 1287 -1
1287 68.62515936678312 -7.558116505067936 -126.94147147845882 1286 1288 -1
1288 68.748942485578 -7.605466750885719 -127.08696661417677 1287 1289 -1
1289 68.87145748361813 -7.651832553708323 -127.23384551599797 1288 1290 -1
1290 68.99265087812081 -7.697202832877795 -127.38212487782782 1289 1291 -1
1291 69.11246606086023 -7.741564294730557 -127.53182263796415 1290 1292 -1
1292 69.23081837587745 -7.7848842461087955 -127.6829819573429 1291 1293 -1
1293 69.34761007698735 -7.827122939988242 -127.83565341107511 1292 1294 -1
1294 69.46278923293708 -7.868273220014491 -127.98983946867705 1293 1295 -1
1295 69.57624212849448 -7.908287238529454 -128.1455963535253 1294 1296 -1
1296 69.68786217792466 -7.947124159632436 -128.30296689304583 1295 1297 -1
1297 69.7975808330606 -7.984768283189369 -128.46195602662326 1296 1298 -1
1298 69.90526636568661 -8.021124647277322 -128.6226260410542 1297 1299 -1
1299 70.0110664871707 -8.056167676116132 -128.7848331913559 1298 1300 -1
1300 70.11503529383378 -8.089779834884274 -128.94852066234694 1299 1301 -1
1301 70.21734153309083 -8.121924979702374 -129.11354507795963 1300 1302 -1
1302 70.31807433693828 -8.15248747272067 -129.27983339710542 1301 1303 -1
1303 70.41742091210067 -8.18144353422767 -129.44723957491075 1302 1304 -1
1304 70.51548795327056 -8.208663809069773 -129.61568830637268 1303 1305 -1
1305 70.6124753702218 -8.234133321270159 -129.78503352389302 1304 1306 -1
1306 70.70853159378349 -8.257752205793013 -129.9551759824511 1305 1307 -1
1307 70.80383881125182 -8.279462628724374 -130.12599251086837 1306 1308 -1
1308 70.89858416220154 -8.29922515386485 -130.29735732483354 1307 1309 -1
1309 70.99294391468835 -8.31692282998487 -130.46916003492447 1308 1310 -1
1310 71.0871194368711 -8.332549606180871 -130.64126427073512 1309 1311 -1
1311 71.1813005041041 -8.346042284061019 -130.81354598954246 1310 1312 -1
1312 71.27568789219076 -8.357308727614823 -130.9858746522561 1311 1313 -1
1313 71.37047320331735 -8.3663466940426 -131.15811596922546 1312 1314 -1
1314 71.46585155299996 -8.373098395308132 -131.330134573357 1313 1315 -1
1315 71.56202959137836 -8.377487832522103 -131.5017838145669 1314 1316 -1
1316 71.65918114637394 -8.379523562982357 -131.67292783507324 1315 1317 -1
1317 71.7574946465292 -8.379159507657995 -131.84341877907625 1316 1318 -1
1318 71.85716828412106 -8.376335752452306 -132.01309473154703 1317 1319 -1
1319 71.958323017425 -8.371082200613634 -132.18183350285037 1318 1320 -1
1320 72.06093738816107 -8.363387511369904 -132.34959477839723 1319 1321 -1
1321 72.16489034330687 -8.353263054030782 -132.5164002021793 1320 1322 -1
1322 72.27003305537366 -8.340779250576928 -132.68229771233396 1321 1323 -1
1323 72.37626403847273 -8.325918288352485 -132.84730383264164 1322 1324 -1
1324 72.48344922874854 -8.308735789728752 -133.01146526421024 1323 1325 -1
1325 72.59146806919237 -8.289271605368102 -133.1748238793969 1324 1326 -1
1326 72.7002204917191 -8.267507226312492 -133.33740371343978 1325 1327 -1
1327 72.80957620861165 -8.243532586824898 -133.4992664492363 1326 1328 -1
1328 72.91944054772492 -8.21731859489169 -133.660436223322 1327 1329 -1
1329 73.02969707829428 -8.188936636367723 -133.82096970023372 1328 1330 -1
1330 73.14024630741727 -8.158391061137216 -133.98090379368566 1329 1331 -1
1331 73.25098520542967 -8.125713744082491 -134.14028435903435 1330 1332 -1
1332 73.36181449093998 -8.090939623131375 -134.29915770593428 1331 1333 -1
1333 73.4726366861368 -8.05407511633034 -134.45756401281932 1332 1334 -1
1334 73.58335761019141 -8.015171878088282 -134.6155530902788 1333 1335 -1
1335 73.69388122823536 -7.974224277822501 -134.77316322691533 1334 1336 -1
1336 73.80411969277708 -7.931287687429457 -134.9304434763304 1335 1337 -1
1337 73.91397786337312 -7.886357138477855 -135.08743255296804 1336 1338 -1
1338 74.02337203456567 -7.83947958841026 -135.24417616942063 1337 1339 -1
1339 74.13221081831882 -7.790662773296614 -135.400714286604 1338 1340 -1
1340 74.24041394299037 -7.739964747668873 -135.55709515518095 1339 1341 -1
1341 74.34792535540087 -7.687577870002259 -135.7133966432646 1340 1342 -1
1342 74.45468448512801 -7.633701389147691 -135.86970759290696 1341 1343 -1
1343 74.56066052097165 -7.578579654474626 -136.02611736887837 1342 1344 -1
1344 74.66577743389897 -7.522383982461467 -136.18272469765157 1343 1345 -1
1345 74.77001767432657 -7.4653543415361545 -136.33961631290381 1344 1346 -1
1346 74.87331027023372 -7.4076731600728865 -136.49689604963046 1345 1347 -1
1347 74.97562025638766 -7.34955074891727 -136.65465486578904 1346 1348 -1
1348 75.07689577241673 -7.2911853310065915 -136.81299036299046 1347 1349 -1
1349 75.17707256177488 -7.232777238545417 -136.97200755292357 1348 1350 -1
1350 75.27612151977976 -7.174525560273415 -137.13178672884143 1349 1351 -1
1351 75.3739427052065 -7.116645243932354 -137.2924546485747 1350 1352 -1
1352 75.47051816416904 -7.059328061188835 -137.45407506836486 1351 1353 -1
1353 75.56574477977307 -7.002803877957685 -137.6167713350275 1352 1354 -1
1354 75.65957722021031 -6.947272985717713 -137.78061541683277 1353 1355 -1
1355 75.7519201384318 -6.892971747990572 -137.94571280468168 1354 1356 -1
1356 75.84269871718551 -6.840122437146078 -138.11214324052 1355 1357 -1
1357 75.93181917716609 -6.788965884347527 -138.27999227478244 1356 1358 -1
1358 76.01918221993222 -6.7397492803050865 -138.44933823820426 1357 1359 -1
1359 76.1046844992716 -6.692725035751695 -138.62024908316343 1358 1360 -1
1360 76.18821235537408 -6.6481559667822765 -138.7927860338658 1359 1361 -1
1361 76.26963742233193 -6.606323026148507 -138.96700431624566 1360 1362 -1
1362 76.34884805912473 -6.56748104130413 -139.1429272794746 1361 1363 -1
1363 76.42567120935072 -6.531965967352501 -139.3206025185335 1362 1364 -1
1364 76.5 -6.5 -139.5 1363 -1 -1
