0 72.5 -139.0 1452.5 -1 1 -1
1 72.5 -139.0 1452.0 0 2 -1
2 72.5 -138.5 1451.5 1 3 -1
3 72.5 -138.0 1451.0 2 4 -1
4 72.0 -137.5 1451.0 3 5 -1
5 71.5 -137.0 1450.5 4 6 -1
6 71.0 -137.0 1451.0 5 7 -1
7 70.5 -137.0 1451.0 6 8 -1
8 70.0 -136.5 1451.0 7 9 -1
9 69.5 -136.0 1451.0 8 10 -1
10 69.0 -136.0 1451.5 9 11 -1
11 68.5 -136.0 1452.0 10 12 -1
12 68.0 -135.5 1452.0 11 13 -1
13 67.5 -135.5 1452.5 12 14 -1
14 67.0 -135.0 1452.5 13 15 -1
15 67.0 -134.5 1452.5 14 16 -1
16 66.5 -134.0 1453.0 15 17 -1
17 66.0 -133.5 1453.5 16 18 -1
18 65.5 -133.0 1454.0 17 19 -1
19 65.0 -132.5 1454.0 18 20 -1
20 64.5 -132.0 1454.5 19 21 -1
21 64.0 -131.5 1455.0 20 22 -1
22 64.0 -131.0 1455.5 21 23 -1
23 63.5 -130.5 1456.0 22 24 -1
24 63.5 -130.0 1456.5 23 25 -1
25 63.0 -129.5 1457.0 24 26 -1
26 62.5 -129.5 1457.5 25 27 -1
27 62.0 -129.0 1458.0 26 28 -1
28 61.5 -128.5 1458.5 27 29 -1
29 61.5 -128.0 1459.0 28 30 -1
30 61.0 -127.5 1459.5 29 31 -1
31 61.0 -127.0 1460.0 30 32 -1
32 60.5 -127.0 1460.5 31 33 -1
33 60.0 -126.5 1461.0 32 34 -1
34 60.0 -126.0 1461.5 33 35 -1
35 59.5 -126.0 1462.0 34 36 -1
36 59.5 -125.5 1462.5 35 37 -1
37 59.0 -125.0 1463.0 36 38 -1
38 59.0 -124.5 1463.5 37 39 -1
39 58.5 -124.5 1464.0 38 40 -1
40 58.5 -124.0 1464.5 39 41 -1
41 58.0 -124.0 1465.0 40 42 -1
42 57.5 -123.5 1465.5 41 43 -1
43 57.0 -123.5 1466.0 42 44 -1
44 56.5 -123.5 1466.5 43 45 -1
45 56.0 -123.0 1467.0 44 46 -1
46 56.0 -123.0 1467.5 45 47 -1
47 55.5 -122.5 1468.0 46 48 -1
48 55.5 -123.0 1468.5 47 49 -1
49 55.0 -122.5 1469.0 48 50 -1
50 54.5 -122.5 1469.5 49 51 -1
51 54.0 -122.5 1470.0 50 52 -1
52 54.0 -122.5 1470.5 51 53 -1
53 53.5 -122.5 1471.0 52 54 -1
54 53.5 -122.5 1471.5 53 55 -1
55 53.0 -122.0 1472.0 54 56 -1
56 52.5 -122.0 1472.5 55 57 -1
57 52.0 -122.0 1473.0 56 58 -1
58 51.5 -122.0 1473.5 57 59 -1
59 51.0 -122.0 1474.0 58 60 -1
60 50.5 -122.0 1474.5 59 61 -1
61 50.5 -122.0 1475.0 60 62 -1
62 50.0 -122.0 1475.5 61 63 -1
63 49.5 -122.0 1475.5 62 64 -1
64 49.0 -122.0 1476.0 63 65 -1
65 48.5 -122.5 1476.5 64 66 -1
66 48.0 -122.5 1477.0 65 67 -1
67 47.5 -123.0 1477.5 66 68 -1
68 47.0 -123.0 1478.0 67 69 -1
69 46.5 -123.0 1478.5 68 70 -1
70 46.0 -123.0 1479.0 69 71 -1
71 45.5 -123.5 1478.5 70 72 -1
72 45.0 -123.5 1479.0 71 73 -1
73 44.5 -124.0 1479.0 72 74 -1
74 44.0 -124.5 1479.0 73 75 -1
75 43.5 -125.0 1479.5 74 76 -1
76 43.0 -125.0 1480.0 75 77 -1
77 42.5 -125.0 1480.5 76 78 -1
78 42.0 -125.5 1480.5 77 79 -1
79 41.5 -125.5 1481.0 78 80 -1
80 41.0 -126.0 1481.0 79 81 -1
81 40.5 -126.5 1481.5 80 82 -1
82 40.0 -127.0 1481.5 81 83 -1
83 39.5 -127.5 1482.0 82 84 -1
84 39.0 -127.5 1482.5 83 85 -1
85 38.5 -128.0 1482.5 84 86 -1
86 38.0 -128.0 1482.5 85 87 -1
87 37.5 -128.5 1482.5 86 88 -1
88 37.0 -129.0 1482.5 87 89 -1
89 36.5 -129.5 1482.5 88 90 -1
90 36.0 -130.0 1482.5 89 91 -1
91 35.5 -130.0 1482.5 90 92 -1
92 35.0 -130.5 1482.5 91 93 -1
93 35.0 -131.0 1483.0 92 94 -1
94 34.5 -131.5 1482.5 93 95 -1
95 34.0 -132.0 1482.5 94 96 -1
96 33.5 -132.5 1482.5 95 97 -1
97 33.0 -133.0 1482.5 96 98 -1
98 32.5 -133.5 1482.5 97 99 -1
99 32.0 -134.0 1482.5 98 100 -1
100 31.5 -134.5 1482.0 99 101 -1
101 31.0 -134.5 1482.0 100 102 -1
102 30.5 -135.0 1481.5 101 103 -1
103 30.0 -135.5 1481.5 102 104 -1
104 30.0 -136.0 1481.5 103 105 -1
105 29.5 -136.5 1481.0 104 106 -1
106 29.0 -137.0 1481.0 105 107 -1
107 28.5 -137.5 1480.5 106 108 -1
108 28.0 -138.0 1480.0 107 109 -1
109 27.5 -138.5 1480.0 108 110 -1
110 27.0 -139.0 1479.5 109 111 -1
111 26.5 -139.5 1479.5 110 112 -1
112 26.0 -140.0 1479.5 111 113 -1
113 25.5 -140.5 1479.0 112 114 -1
114 25.5 -141.0 1478.5 113 115 -1
115 25.0 -141.5 1478.0 114 116 -1
116 24.5 -142.0 1477.5 115 117 -1
117 24.0 -142.5 1477.5 116 118 -1
118 24.0 -143.0 1477.0 117 119 -1
119 23.5 -143.5 1476.5 118 120 -1
120 23.0 -144.0 1476.0 119 121 -1
121 22.5 -144.5 1475.5 120 122 -1
122 22.5 -145.0 1475.0 121 123 -1
123 22.0 -145.5 1475.0 122 124 -1
124 21.5 -145.5 1475.0 123 125 -1
125 21.0 -146.0 1474.5 124 126 -1
126 21.0 -146.0 1474.0 125 127 -1
127 20.5 -146.5 1473.5 126 128 -1
128 20.0 -147.0 1473.0 127 129 -1
129 19.5 -147.5 1472.5 128 130 -1
130 19.0 -148.0 1472.0 129 131 -1
131 18.5 -148.5 1471.5 130 132 -1
132 18.0 -149.0 1471.0 131 133 -1
133 17.5 -149.5 1470.5 132 134 -1
134 17.0 -149.5 1470.5 133 135 -1
135 16.5 -150.0 1470.0 134 136 -1
136 16.5 -150.0 1469.5 135 137 -1
137 16.0 -150.5 1469.0 136 138 -1
138 15.5 -150.5 1468.5 137 139 -1
139 15.0 -151.0 1468.0 138 140 -1
140 14.5 -151.5 1467.5 139 141 -1
141 14.0 -151.5 1467.0 140 142 -1
142 13.5 -152.0 1466.5 141 143 -1
143 13.0 -152.0 1466.0 142 144 -1
144 12.5 -152.0 1465.5 143 145 -1
145 12.0 -152.5 1465.5 144 146 -1
146 11.5 -153.0 1465.5 145 147 -1
147 11.0 -153.5 1465.0 146 148 -1
148 10.5 -153.5 1464.5 147 149 -1
149 10.0 -153.5 1464.0 148 150 -1
150 9.5 -153.5 1463.5 149 151 -1
151 9.0 -154.0 1463.5 150 152 -1
152 8.5 -154.5 1463.5 151 153 -1
153 8.0 -154.5 1463.0 152 154 -1
154 7.5 -154.5 1463.0 153 155 -1
155 7.0 -154.5 1462.5 154 156 -1
156 6.5 -155.0 1462.5 155 157 -1
157 6.0 -155.0 1462.0 156 158 -1
158 5.5 -155.0 1461.5 157 159 -1
159 5.0 -155.5 1462.0 158 160 -1
160 4.5 -155.5 1461.5 159 161 -1
161 4.0 -156.0 1461.5 160 162 -1
162 3.5 -156.0 1461.0 161 163 -1
163 3.0 -156.0 1460.5 162 164 -1
164 2.5 -156.5 1461.0 163 165 -1
165 2.0 -156.5 1460.5 164 166 -1
166 1.5 -156.5 1460.5 165 167 -1
167 1.0 -157.0 1460.5 166 168 -1
168 0.5 -157.0 1460.5 167 169 -1
169 0.0 -157.0 1460.0 168 170 -1
170 -0.5 -157.5 1460.5 169 171 -1
171 -1.0 -157.5 1460.0 170 172 -1
172 -1.5 -157.5 1460.0 171 173 -1
173 -2.0 -157.5 1460.0 172 174 -1
174 -2.5 -157.5 1459.5 173 175 -1
175 -3.0 -157.5 1459.5 174 176 -1
176 -3.5 -157.5 1459.5 175 177 -1
177 -4.0 -157.5 1459.5 176 178 -1
178 -4.5 -158.0 1459.5 177 179 -1
179 -5.0 -158.0 1459.5 178 180 -1
180 -5.5 -158.0 1459.5 179 181 -1
181 -6.0 -158.0 1459.5 180 182 -1
182 -6.5 -158.0 1459.5 181 183 -1
183 -7.0 -158.0 1459.5 182 184 -1
184 -7.5 -157.5 1459.5 183 185 -1
185 -8.0 -157.5 1459.5 184 186 -1
186 -8.5 -157.5 1459.5 185 187 -1
187 -9.0 -157.5 1459.0 186 188 -1
188 -9.5 -157.5 1459.0 187 189 -1
189 -10.0 -157.5 1459.0 188 190 -1
190 -10.5 -157.0 1459.0 189 191 -1
191 -11.0 -157.0 1458.5 190 192 -1
192 -11.5 -157.0 1458.5 191 193 -1
193 -12.0 -156.5 1458.5 192 194 -1
194 -12.5 -156.5 1458.5 193 195 -1
195 -13.0 -156.0 1458.0 194 196 -1
196 -13.5 -156.0 1457.5 195 197 -1
197 -14.0 -156.0 1457.5 196 198 -1
198 -14.5 -155.5 1458.0 197 199 -1
199 -15.0 -155.0 1457.5 198 200 -1
200 -15.5 -154.5 1457.5 199 201 -1
201 -16.0 -154.0 1457.5 200 202 -1
202 -16.5 -153.5 1458.0 201 203 -1
203 -16.5 -153.0 1458.0 202 204 -1
204 -16.5 -152.5 1457.5 203 205 -1
205 -17.0 -152.0 1458.0 204 206 -1
206 -17.5 -151.5 1458.0 205 207 -1
207 -17.5 -151.0 1457.5 206 208 -1
208 -18.0 -150.5 1457.5 207 209 -1
209 -18.5 -150.0 1457.5 208 210 -1
210 -19.0 -149.5 1457.5 209 211 -1
211 -19.5 -149.0 1457.5 210 212 -1
212 -20.0 -148.5 1458.0 211 213 -1
213 -20.5 -148.5 1457.5 212 214 215
214 -21.0 -148.0 1458.0 213 216 -1
215 -20.5 -149.0 1457.0 213 217 -1
216 -21.0 -147.5 1458.5 214 218 -1
217 -20.5 -149.0 1456.5 215 219 -1
218 -21.5 -147.0 1458.5 216 220 -1
219 -20.5 -149.0 1456.0 217 221 -1
220 -21.5 -146.5 1459.0 218 222 -1
221 -20.5 -149.0 1455.5 219 223 -1
222 -22.0 -146.0 1459.5 220 224 -1
223 -20.5 -149.0 1455.0 221 225 -1
224 -22.5 -145.5 1460.0 222 226 -1
225 -20.5 -149.0 1454.5 223 227 -1
226 -23.0 -144.5 1460.5 224 228 229
227 -20.5 -149.5 1454.0 225 230 -1
228 -23.5 -144.0 1461.0 226 231 -1
229 -22.5 -144.5 1461.0 226 232 -1
230 -21.0 -149.0 1453.5 227 233 -1
231 -24.0 -143.5 1461.5 228 234 -1
232 -22.5 -144.5 1461.5 229 235 -1
233 -20.5 -149.5 1453.0 230 236 -1
234 -24.5 -143.0 1462.0 231 237 -1
235 -22.5 -144.5 1462.0 232 238 -1
236 -21.0 -149.0 1452.5 233 239 -1
237 -25.0 -142.5 1462.5 234 240 -1
238 -22.5 -144.5 1462.5 235 241 -1
239 -21.0 -149.0 1452.0 236 242 -1
240 -25.5 -142.0 1463.0 237 243 -1
241 -22.5 -144.0 1463.0 238 244 -1
242 -20.5 -149.5 1451.5 239 245 -1
243 -26.0 -141.5 1463.5 240 246 -1
244 -22.5 -144.0 1463.5 241 247 -1
245 -21.0 -149.5 1451.0 242 248 -1
246 -26.5 -141.5 1463.5 243 249 -1
247 -22.5 -144.5 1464.0 244 250 -1
248 -20.5 -150.0 1450.5 245 251 -1
249 -27.0 -141.0 1464.0 246 252 -1
250 -22.0 -144.5 1464.5 247 253 -1
251 -21.0 -150.0 1450.0 248 254 -1
252 -27.5 -141.0 1464.5 249 255 -1
253 -22.0 -144.5 1465.0 250 256 -1
254 -21.0 -150.0 1449.5 251 257 -1
255 -28.0 -140.5 1465.0 252 258 -1
256 -21.5 -145.0 1465.5 253 259 -1
257 -20.5 -150.5 1449.0 254 260 -1
258 -28.5 -140.5 1465.0 255 261 -1
259 -21.5 -145.0 1466.0 256 262 -1
260 -20.5 -150.5 1448.5 257 263 -1
261 -29.0 -140.5 1465.5 258 264 -1
262 -21.5 -145.0 1466.5 259 265 -1
263 -20.5 -150.5 1448.0 260 266 -1
264 -29.5 -140.0 1466.0 261 267 -1
265 -21.5 -145.0 1467.0 262 268 -1
266 -21.0 -150.5 1447.5 263 269 -1
267 -30.0 -139.5 1466.5 264 270 -1
268 -21.0 -145.0 1467.5 265 271 -1
269 -21.0 -150.5 1447.0 266 272 -1
270 -30.0 -139.5 1467.0 267 273 -1
271 -21.0 -145.5 1468.0 268 274 -1
272 -21.0 -151.0 1446.5 269 275 -1
273 -30.5 -139.5 1467.5 270 276 -1
274 -20.5 -146.0 1468.5 271 277 -1
275 -21.5 -150.5 1446.0 272 278 -1
276 -31.0 -139.5 1468.0 273 279 -1
277 -20.5 -146.0 1469.0 274 280 -1
278 -21.5 -150.5 1445.5 275 281 -1
279 -31.5 -139.0 1468.5 276 282 -1
280 -20.0 -146.5 1469.5 277 283 -1
281 -21.5 -150.5 1445.0 278 284 -1
282 -32.0 -138.5 1469.0 279 285 -1
283 -20.0 -146.5 1470.0 280 286 -1
284 -21.0 -151.0 1444.5 281 287 -1
285 -32.5 -138.0 1469.0 282 288 -1
286 -20.0 -146.5 1470.5 283 289 -1
287 -21.0 -151.5 1444.0 284 290 -1
288 -33.0 -137.5 1469.5 285 291 -1
289 -20.0 -146.5 1471.0 286 292 -1
290 -21.5 -151.5 1443.5 287 293 -1
291 -33.5 -137.0 1469.5 288 294 -1
292 -20.0 -147.0 1471.5 289 295 -1
293 -22.0 -151.0 1443.0 290 296 -1
294 -34.0 -137.0 1470.0 291 297 -1
295 -19.5 -147.0 1472.0 292 298 -1
296 -22.0 -151.0 1442.5 293 299 -1
297 -34.5 -136.5 1470.5 294 300 -1
298 -19.5 -147.0 1472.5 295 301 -1
299 -22.0 -151.0 1442.0 296 302 -1
300 -35.0 -136.5 1471.0 297 303 -1
301 -19.5 -147.5 1473.0 298 304 -1
302 -22.0 -151.5 1441.5 299 305 -1
303 -35.5 -136.0 1471.0 300 306 -1
304 -19.5 -148.0 1473.5 301 307 -1
305 -22.0 -151.5 1441.0 302 308 -1
306 -36.0 -136.0 1471.5 303 309 -1
307 -19.5 -148.0 1474.0 304 310 -1
308 -22.0 -152.0 1440.5 305 311 -1
309 -36.5 -136.0 1472.0 306 312 -1
310 -19.0 -148.0 1474.5 307 313 -1
311 -22.5 -151.5 1440.0 308 314 -1
312 -37.0 -135.5 1472.5 309 315 -1
313 -19.0 -148.0 1475.0 310 316 -1
314 -22.5 -152.0 1439.5 311 317 -1
315 -37.5 -135.0 1472.5 312 318 -1
316 -19.0 -148.5 1475.5 313 319 -1
317 -22.5 -152.0 1439.0 314 320 -1
318 -38.0 -135.0 1473.0 315 321 -1
319 -19.0 -149.0 1476.0 316 322 -1
320 -22.5 -152.0 1438.5 317 323 -1
321 -38.0 -135.0 1473.5 318 324 -1
322 -18.5 -148.5 1476.5 319 325 -1
323 -22.5 -152.0 1438.0 320 326 -1
324 -38.5 -134.5 1474.0 321 327 -1
325 -18.5 -149.0 1477.0 322 328 -1
326 -22.5 -152.0 1437.5 323 329 -1
327 -39.0 -134.5 1474.5 324 330 -1
328 -18.5 -149.0 1477.5 325 331 -1
329 -22.5 -152.0 1437.0 326 332 -1
330 -39.5 -134.0 1475.0 327 333 -1
331 -18.5 -149.5 1478.0 328 334 -1
332 -22.5 -152.0 1436.5 329 335 -1
333 -40.0 -134.0 1475.5 330 336 -1
334 -18.0 -149.5 1478.5 331 337 -1
335 -22.5 -152.0 1436.0 332 338 -1
336 -40.5 -134.0 1476.0 333 339 -1
337 -18.0 -149.5 1479.0 334 340 -1
338 -22.5 -152.5 1435.5 335 341 -1
339 -41.0 -133.5 1476.5 336 342 -1
340 -18.0 -150.0 1479.5 337 343 -1
341 -22.5 -152.5 1435.0 338 344 -1
342 -41.5 -133.5 1477.0 339 345 -1
343 -18.0 -150.0 1480.0 340 346 -1
344 -22.5 -152.5 1434.5 341 347 -1
345 -42.0 -133.5 1477.5 342 348 -1
346 -17.5 -150.0 1480.5 343 349 -1
347 -22.5 -152.5 1434.0 344 350 -1
348 -42.5 -133.5 1478.0 345 351 -1
349 -17.5 -150.5 1481.0 346 352 -1
350 -22.5 -152.5 1433.5 347 353 -1
351 -43.0 -133.5 1478.5 348 354 -1
352 -17.0 -150.5 1481.5 349 355 -1
353 -22.5 -152.5 1433.0 350 356 -1
354 -43.5 -133.0 1478.5 351 357 -1
355 -17.0 -150.5 1482.0 352 358 -1
356 -22.5 -152.5 1432.5 353 359 -1
357 -44.0 -133.0 1479.0 354 360 -1
358 -17.0 -151.0 1482.5 355 361 -1
359 -22.5 -152.5 1432.0 356 362 -1
360 -44.5 -133.0 1479.5 357 363 -1
361 -17.0 -151.5 1483.0 358 364 -1
362 -22.5 -152.5 1431.5 359 365 -1
363 -45.0 -133.0 1480.0 360 366 -1
364 -16.5 -151.5 1483.5 361 367 -1
365 -22.5 -153.0 1431.0 362 368 -1
366 -45.5 -132.5 1480.0 363 369 -1
367 -16.5 -152.0 1484.0 364 370 -1
368 -22.5 -153.0 1430.5 365 371 -1
369 -46.0 -132.5 1480.5 366 372 -1
370 -16.0 -152.0 1484.5 367 373 -1
371 -23.0 -153.0 1430.0 368 374 -1
372 -46.5 -132.5 1481.0 369 375 -1
373 -16.0 -152.5 1485.0 370 376 -1
374 -23.0 -153.0 1429.5 371 377 -1
375 -47.0 -132.5 1481.5 372 378 -1
376 -15.5 -153.0 1485.5 373 379 -1
377 -23.0 -153.0 1429.0 374 380 -1
378 -47.5 -132.0 1481.5 375 381 -1
379 -15.0 -153.5 1486.0 376 382 -1
380 -23.0 -153.0 1428.5 377 383 -1
381 -48.0 -132.0 1482.0 378 384 -1
382 -14.5 -154.0 1486.5 379 385 -1
383 -23.0 -153.0 1428.0 380 386 -1
384 -48.5 -132.0 1482.5 381 387 -1
385 -14.0 -154.5 1487.0 382 388 -1
386 -23.0 -153.0 1427.5 383 389 -1
387 -49.0 -131.5 1483.0 384 390 -1
388 -13.5 -155.0 1487.5 385 391 -1
389 -23.0 -153.0 1427.0 386 392 -1
390 -49.5 -131.5 1483.5 387 393 -1
391 -13.0 -155.0 1487.5 388 394 -1
392 -23.5 -153.0 1426.5 389 395 -1
393 -50.0 -131.5 1484.0 390 396 -1
394 -12.5 -155.5 1488.0 391 397 -1
395 -23.5 -153.0 1426.0 392 398 -1
396 -50.5 -131.5 1484.5 393 399 -1
397 -12.0 -156.0 1488.0 394 400 -1
398 -23.5 -153.0 1425.5 395 401 -1
399 -51.0 -131.5 1485.0 396 402 -1
400 -11.5 -156.5 1488.0 397 403 -1
401 -23.5 -153.0 1425.0 398 404 -1
402 -51.5 -131.5 1485.5 399 405 -1
403 -11.0 -156.5 1488.5 400 406 -1
404 -23.5 -153.0 1424.5 401 407 -1
405 -52.0 -131.5 1486.0 402 408 -1
406 -10.5 -157.0 1488.5 403 409 -1
407 -24.0 -153.0 1424.0 404 410 -1
408 -52.5 -131.5 1486.5 405 411 -1
409 -10.0 -157.5 1488.5 406 412 -1
410 -24.0 -153.0 1423.5 407 413 -1
411 -53.0 -131.5 1487.0 408 414 -1
412 -9.5 -158.0 1488.5 409 415 -1
413 -24.0 -153.0 1423.0 410 416 -1
414 -53.5 -131.5 1487.5 411 417 -1
415 -9.0 -158.5 1488.5 412 418 -1
416 -24.0 -153.0 1422.5 413 419 -1
417 -54.0 -131.5 1488.0 414 420 -1
418 -8.5 -158.5 1489.0 415 421 -1
419 -24.0 -153.0 1422.0 416 422 -1
420 -54.5 -131.5 1488.5 417 423 -1
421 -8.0 -159.0 1489.0 418 424 -1
422 -24.0 -153.0 1421.5 419 425 -1
423 -55.0 -131.0 1489.0 420 426 -1
424 -7.5 -159.0 1489.0 421 427 -1
425 -24.0 -153.0 1421.0 422 428 -1
426 -55.5 -131.0 1489.5 423 429 -1
427 -7.0 -159.5 1489.0 424 430 -1
428 -24.0 -153.0 1420.5 425 431 -1
429 -55.5 -131.5 1490.0 426 432 -1
430 -6.5 -159.5 1489.5 427 433 -1
431 -24.0 -153.0 1420.0 428 434 -1
432 -56.0 -131.5 1490.5 429 435 -1
433 -6.0 -160.0 1489.0 430 436 -1
434 -24.5 -153.0 1419.5 431 437 -1
435 -56.5 -132.0 1491.0 432 438 -1
436 -5.5 -160.0 1489.5 433 439 -1
437 -24.5 -153.0 1419.0 434 440 -1
438 -57.0 -132.0 1491.5 435 441 -1
439 -5.0 -160.0 1489.0 436 442 -1
440 -24.5 -153.0 1418.5 437 443 -1
441 -57.5 -132.0 1492.0 438 444 -1
442 -4.5 -160.5 1489.0 439 445 -1
443 -24.5 -153.0 1418.0 440 446 -1
444 -58.0 -132.0 1492.5 441 447 -1
445 -4.0 -160.5 1489.0 442 448 -1
446 -24.5 -153.0 1417.5 443 449 -1
447 -58.5 -132.0 1492.5 444 450 -1
448 -3.5 -160.5 1489.0 445 451 -1
449 -24.5 -153.0 1417.0 446 452 -1
450 -59.0 -132.5 1492.5 447 453 454
451 -3.0 -161.0 1489.0 448 455 -1
452 -24.5 -153.0 1416.5 449 456 -1
453 -59.0 -133.0 1492.5 450 457 -1
454 -59.5 -131.5 1492.5 450 458 -1
455 -2.5 -161.0 1488.5 451 459 -1
456 -24.5 -153.0 1416.0 452 460 -1
457 -59.0 -133.5 1493.0 453 461 -1
458 -60.0 -131.0 1492.0 454 462 -1
459 -2.0 -161.5 1488.5 455 463 -1
460 -24.5 -153.0 1415.5 456 464 -1
461 -59.0 -134.0 1493.0 457 465 -1
462 -60.5 -130.5 1492.0 458 466 -1
463 -1.5 -161.5 1488.5 459 467 -1
464 -24.5 -153.0 1415.0 460 468 -1
465 -59.5 -134.5 1493.0 461 469 -1
466 -61.0 -130.0 1492.0 462 470 -1
467 -1.0 -161.5 1488.0 463 471 -1
468 -24.5 -153.0 1414.5 464 472 -1
469 -59.5 -135.0 1493.0 465 473 -1
470 -61.5 -129.5 1492.0 466 474 -1
471 -0.5 -162.0 1488.0 467 475 -1
472 -24.5 -153.0 1414.0 468 476 -1
473 -59.5 -135.5 1493.5 469 477 -1
474 -61.5 -129.0 1492.0 470 478 -1
475 0.0 -162.0 1487.5 471 479 -1
476 -24.0 -152.5 1413.5 472 480 -1
477 -60.0 -136.0 1493.5 473 481 -1
478 -62.0 -128.5 1491.5 474 482 -1
479 0.5 -162.0 1487.5 475 483 -1
480 -24.0 -152.5 1413.0 476 484 -1
481 -60.0 -136.5 1493.5 477 485 -1
482 -62.5 -128.0 1491.0 478 486 -1
483 1.0 -162.5 1487.5 479 487 -1
484 -24.0 -152.5 1412.5 480 488 -1
485 -60.5 -137.0 1494.0 481 489 -1
486 -63.0 -127.5 1491.5 482 490 -1
487 1.5 -162.5 1487.5 483 491 -1
488 -24.0 -152.5 1412.0 484 492 -1
489 -60.5 -137.5 1494.0 485 493 -1
490 -63.5 -127.0 1491.5 486 494 -1
491 2.0 -163.0 1487.0 487 495 -1
492 -24.0 -152.5 1411.5 488 496 -1
493 -61.0 -138.0 1494.5 489 497 -1
494 -64.0 -126.5 1491.5 490 498 -1
495 2.5 -163.0 1486.5 491 499 -1
496 -24.0 -152.5 1411.0 492 500 -1
497 -61.0 -138.5 1495.0 493 501 -1
498 -64.5 -126.0 1491.5 494 502 -1
499 3.0 -163.0 1486.0 495 503 -1
500 -24.0 -152.5 1410.5 496 504 -1
501 -61.0 -139.0 1495.0 497 505 -1
502 -65.0 -125.5 1491.5 498 506 -1
503 3.5 -163.0 1486.0 499 507 -1
504 -24.0 -152.5 1410.0 500 508 -1
505 -61.5 -139.5 1495.5 501 509 -1
506 -65.5 -125.5 1492.0 502 510 -1
507 4.0 -163.5 1485.5 503 511 -1
508 -24.0 -152.5 1409.5 504 512 -1
509 -62.0 -140.0 1495.0 505 513 -1
510 -66.0 -125.0 1492.0 506 514 -1
511 4.5 -163.0 1485.5 507 515 -1
512 -24.0 -152.5 1409.0 508 516 -1
513 -62.5 -140.5 1495.5 509 517 -1
514 -66.5 -125.0 1492.5 510 518 -1
515 5.0 -163.0 1485.5 511 519 -1
516 -24.0 -152.5 1408.5 512 520 -1
517 -62.5 -141.0 1495.5 513 521 -1
518 -67.0 -124.5 1492.5 514 522 -1
519 5.5 -163.0 1485.0 515 523 -1
520 -24.0 -152.5 1408.0 516 524 -1
521 -63.0 -141.5 1495.0 517 525 -1
522 -67.5 -124.5 1492.5 518 526 -1
523 6.0 -163.0 1485.0 519 527 -1
524 -24.0 -152.5 1407.5 520 528 -1
525 -63.0 -142.0 1495.5 521 529 -1
526 -68.0 -124.5 1492.5 522 530 -1
527 6.5 -163.0 1485.0 523 531 -1
528 -24.0 -152.5 1407.0 524 532 -1
529 -63.0 -142.5 1495.5 525 533 -1
530 -68.5 -124.0 1493.0 526 534 -1
531 7.0 -163.0 1484.5 527 535 -1
532 -24.0 -152.5 1406.5 528 536 -1
533 -63.5 -143.0 1495.5 529 537 -1
534 -69.0 -124.0 1492.5 530 538 -1
535 7.5 -162.5 1484.5 531 539 -1
536 -24.0 -152.5 1406.0 532 540 -1
537 -63.5 -143.5 1495.5 533 541 -1
538 -69.5 -123.5 1493.0 534 542 -1
539 8.0 -162.5 1484.5 535 543 -1
540 -23.5 -152.0 1405.5 536 544 -1
541 -63.5 -144.0 1495.5 537 545 -1
542 -70.0 -123.5 1493.0 538 546 -1
543 8.5 -162.5 1484.5 539 547 -1
544 -23.5 -152.0 1405.0 540 548 -1
545 -63.5 -144.5 1495.5 541 549 -1
546 -70.5 -123.5 1493.0 542 550 -1
547 9.0 -162.0 1484.0 543 551 -1
548 -23.5 -152.0 1404.5 544 -1 -1
549 -63.5 -145.0 1495.5 545 552 -1
550 -71.0 -123.5 1493.0 546 553 -1
551 9.5 -162.0 1484.5 547 554 -1
552 -63.0 -145.5 1496.0 549 555 -1
553 -71.5 -123.5 1493.0 550 556 -1
554 10.0 -161.5 1484.0 551 557 -1
555 -63.0 -146.0 1496.0 552 558 -1
556 -72.0 -123.0 1493.5 553 559 -1
557 10.5 -161.0 1484.0 554 560 -1
558 -63.0 -146.5 1496.0 555 561 -1
559 -72.5 -122.5 1493.5 556 562 -1
560 11.0 -161.0 1484.5 557 563 -1
561 -63.5 -147.0 1496.0 558 564 -1
562 -73.0 -122.5 1493.5 559 565 -1
563 11.5 -160.5 1485.0 560 566 -1
564 -63.5 -147.5 1496.0 561 567 -1
565 -73.5 -122.5 1493.5 562 568 -1
566 12.0 -160.0 1485.0 563 569 -1
567 -63.5 -148.0 1496.0 564 570 -1
568 -74.0 -122.0 1494.0 565 571 -1
569 12.5 -159.5 1485.0 566 572 -1
570 -63.5 -148.5 1496.0 567 573 -1
571 -74.5 -122.0 1494.0 568 574 -1
572 13.0 -159.0 1485.5 569 575 -1
573 -63.5 -149.0 1496.0 570 576 -1
574 -75.0 -122.0 1494.0 571 577 -1
575 13.5 -159.0 1485.5 572 578 -1
576 -63.0 -149.5 1496.0 573 579 -1
577 -75.5 -121.5 1494.5 574 580 -1
578 14.0 -158.5 1485.5 575 581 -1
579 -63.0 -150.0 1496.5 576 582 -1
580 -76.0 -121.5 1494.5 577 583 -1
581 14.5 -158.0 1486.0 578 584 -1
582 -63.0 -150.5 1496.5 579 585 -1
583 -76.5 -122.0 1494.5 580 586 -1
584 15.0 -157.5 1486.5 581 -1 -1
585 -63.0 -151.0 1497.0 582 587 -1
586 -77.0 -122.0 1494.5 583 588 -1
587 -63.0 -151.5 1497.0 585 589 -1
588 -77.5 -122.0 1494.5 586 590 -1
589 -63.0 -152.0 1497.0 587 591 -1
590 -78.0 -121.5 1495.0 588 592 -1
591 -63.0 -152.5 1497.5 589 593 -1
592 -78.5 -122.0 1495.0 590 594 -1
593 -63.0 -153.0 1497.5 591 -1 -1
594 -79.0 -121.5 1495.5 592 595 -1
595 -79.5 -122.0 1495.0 594 596 -1
596 -80.0 -121.5 1495.5 595 597 -1
597 -80.5 -121.5 1495.5 596 598 -1
598 -81.0 -121.5 1496.0 597 599 -1
599 -81.5 -121.5 1496.0 598 600 -1
600 -82.0 -121.5 1496.0 599 601 -1
601 -82.5 -121.5 1496.0 600 602 -1
602 -83.0 -121.5 1496.0 601 603 -1
603 -83.5 -121.5 1496.0 602 604 -1
604 -84.0 -121.5 1496.0 603 605 -1
605 -84.5 -121.5 1496.5 604 606 -1
606 -85.0 -121.5 1496.5 605 607 -1
607 -85.5 -121.5 1496.5 606 608 -1
608 -86.0 -121.5 1497.0 607 609 -1
609 -86.5 -121.5 1497.0 608 610 -1
610 -87.0 -121.5 1497.5 609 611 -1
611 -87.5 -121.5 1497.5 610 612 -1
612 -88.0 -121.5 1498.0 611 613 -1
613 -88.5 -121.5 1498.0 612 614 -1
614 -89.0 -122.0 1498.0 613 615 -1
615 -89.5 -122.0 1498.0 614 616 -1
616 -90.0 -122.0 1498.0 615 617 -1
617 -90.5 -122.5 1498.0 616 618 -1
618 -91.0 -122.0 1498.5 617 619 -1
619 -91.5 -122.5 1498.5 618 -1 -1
