0 -66.0 -7.5 -432.0 -1 1 -1
1 -66.5 -7.0 -432.5 0 2 -1
2 -66.5 -6.5 -433.0 1 3 -1
3 -67.0 -6.0 -433.5 2 4 -1
4 -67.0 -5.5 -433.5 3 5 -1
5 -67.0 -5.0 -434.0 4 6 -1
6 -67.5 -4.5 -434.5 5 7 -1
7 -68.0 -4.0 -435.0 6 8 -1
8 -68.5 -3.5 -435.0 7 9 -1
9 -69.0 -3.0 -435.5 8 10 -1
10 -69.0 -2.5 -436.0 9 11 -1
11 -69.0 -2.0 -436.0 10 12 -1
12 -69.0 -1.5 -436.5 11 13 -1
13 -69.0 -1.0 -436.5 12 14 -1
14 -69.0 -0.5 -436.5 13 15 -1
15 -69.0 0.0 -437.0 14 16 -1
16 -69.0 0.5 -437.5 15 17 -1
17 -68.5 1.0 -437.5 16 18 -1
18 -68.5 1.5 -437.5 17 19 -1
19 -68.5 2.0 -438.0 18 20 -1
20 -68.0 2.5 -438.0 19 21 -1
21 -68.0 3.0 -438.5 20 22 -1
22 -67.5 3.5 -439.0 21 23 -1
23 -67.5 3.5 -439.5 22 24 -1
24 -67.5 4.0 -440.0 23 25 -1
25 -67.0 4.5 -440.5 24 26 -1
26 -66.5 5.0 -441.0 25 27 -1
27 -66.5 5.5 -441.0 26 28 -1
28 -66.5 6.0 -441.0 27 29 -1
29 -66.5 6.5 -441.0 28 30 -1
30 -66.0 7.0 -441.5 29 31 -1
31 -65.5 7.5 -442.0 30 32 33
32 -65.0 8.0 -442.5 31 34 -1
33 -65.5 8.5 -441.5 31 35 -1
34 -65.0 8.0 -443.0 32 36 -1
35 -65.5 9.0 -441.0 33 37 -1
36 -64.5 8.0 -443.5 34 38 -1
37 -65.5 9.5 -441.0 35 39 -1
38 -64.0 8.5 -444.0 36 40 -1
39 -66.0 10.0 -440.5 37 41 -1
40 -64.0 8.5 -444.5 38 42 -1
41 -66.0 10.5 -440.0 39 43 -1
42 -63.5 8.5 -445.0 40 44 -1
43 -66.0 11.0 -440.0 41 45 -1
44 -63.5 8.5 -445.5 42 46 -1
45 -66.0 11.5 -440.0 43 47 -1
46 -63.0 8.5 -446.0 44 48 -1
47 -66.0 12.0 -440.0 45 49 -1
48 -63.0 8.0 -446.5 46 50 -1
49 -66.0 12.5 -439.5 47 51 -1
50 -62.5 8.5 -447.0 48 52 -1
51 -66.5 13.0 -439.0 49 53 -1
52 -62.5 8.5 -447.5 50 54 -1
53 -66.5 13.5 -439.0 51 55 -1
54 -62.0 8.5 -448.0 52 56 -1
55 -66.5 14.0 -438.5 53 57 -1
56 -62.0 8.0 -448.5 54 58 -1
57 -67.0 14.5 -438.5 55 59 -1
58 -62.0 7.5 -449.0 56 60 -1
59 -67.5 15.0 -438.0 57 61 -1
60 -61.5 8.0 -449.5 58 62 -1
61 -68.0 15.5 -437.5 59 63 -1
62 -61.5 7.5 -450.0 60 64 -1
63 -68.5 15.5 -437.5 61 65 -1
64 -61.0 7.5 -450.5 62 66 -1
65 -69.0 16.0 -437.0 63 67 -1
66 -60.5 7.5 -451.0 64 68 -1
67 -69.5 16.5 -436.5 65 69 -1
68 -61.0 7.5 -451.5 66 70 -1
69 -70.0 17.0 -436.0 67 71 -1
70 -60.5 7.5 -452.0 68 72 -1
71 -70.5 17.0 -436.0 69 73 -1
72 -60.0 7.5 -452.5 70 74 -1
73 -71.0 17.5 -435.5 71 75 -1
74 -60.5 7.0 -453.0 72 76 -1
75 -71.5 17.5 -435.5 73 77 -1
76 -60.0 7.0 -453.5 74 78 -1
77 -72.0 17.5 -435.0 75 79 -1
78 -59.5 7.0 -454.0 76 80 -1
79 -72.5 18.0 -435.0 77 81 -1
80 -59.0 7.0 -454.5 78 82 -1
81 -73.0 18.0 -434.5 79 83 -1
82 -59.0 6.5 -455.0 80 84 -1
83 -73.5 18.5 -435.0 81 85 -1
84 -58.5 6.5 -455.5 82 86 -1
85 -74.0 18.5 -434.5 83 87 -1
86 -58.0 6.5 -456.0 84 88 -1
87 -74.5 18.5 -434.0 85 89 -1
88 -58.0 6.0 -456.5 86 90 -1
89 -75.0 18.5 -434.0 87 91 -1
90 -58.0 6.0 -457.0 88 92 -1
91 -75.5 18.5 -434.0 89 93 -1
92 -58.0 5.5 -457.5 90 94 -1
93 -76.0 18.5 -433.5 91 -1 -1
94 -57.5 5.5 -458.0 92 95 -1
95 -57.5 5.0 -458.5 94 96 -1
96 -57.0 5.0 -459.0 95 97 -1
97 -56.5 5.0 -459.5 96 98 -1
98 -56.5 5.0 -460.0 97 99 -1
99 -56.5 4.5 -460.5 98 100 -1
100 -56.0 4.5 -461.0 99 101 -1
101 -56.0 4.0 -461.5 100 102 -1
102 -56.0 3.5 -462.0 101 103 -1
103 -55.5 3.5 -462.5 102 104 -1
104 -55.5 3.0 -463.0 103 105 -1
105 -55.0 3.0 -463.5 104 106 -1
106 -54.5 3.0 -464.0 105 107 -1
107 -54.5 2.5 -464.5 106 108 -1
108 -54.0 2.5 -465.0 107 109 -1
109 -54.0 2.0 -465.5 108 110 -1
110 -53.5 1.5 -466.0 109 111 -1
111 -53.0 1.5 -466.5 110 112 -1
112 -53.0 1.0 -467.0 111 113 -1
113 -53.0 0.5 -467.5 112 114 -1
114 -53.0 0.0 -468.0 113 115 -1
115 -52.5 0.0 -468.5 114 116 -1
116 -52.5 0.0 -469.0 115 117 -1
117 -52.0 0.0 -469.5 116 118 -1
118 -52.0 -0.5 -470.0 117 119 -1
119 -51.5 -0.5 -470.5 118 120 -1
120 -51.0 -0.5 -471.0 119 121 -1
121 -50.5 -0.5 -471.5 120 122 -1
122 -50.5 -1.0 -472.0 121 123 -1
123 -50.5 -1.5 -472.5 122 124 -1
124 -50.0 -1.5 -473.0 123 125 -1
125 -49.5 -1.5 -473.5 124 126 -1
126 -49.5 -2.0 -474.0 125 127 -1
127 -49.0 -2.5 -474.5 126 128 -1
128 -49.0 -3.0 -475.0 127 129 -1
129 -48.5 -3.0 -475.5 128 130 -1
130 -48.0 -3.0 -476.0 129 131 -1
131 -48.0 -3.5 -476.5 130 132 -1
132 -48.0 -4.0 -477.0 131 133 -1
133 -47.5 -4.5 -477.5 132 134 -1
134 -47.0 -4.5 -478.0 133 135 -1
135 -46.5 -5.0 -478.5 134 136 -1
136 -46.5 -5.5 -479.0 135 137 -1
137 -46.0 -5.5 -479.5 136 138 -1
138 -45.5 -6.0 -480.0 137 139 -1
139 -45.0 -6.5 -480.5 138 140 -1
140 -44.5 -7.0 -481.0 139 141 -1
141 -44.5 -7.5 -481.5 140 142 -1
142 -44.0 -8.0 -482.0 141 143 -1
143 -43.0 -9.0 -482.5 142 144 -1
144 -43.0 -9.5 -483.0 143 145 -1
145 -43.0 -9.5 -483.5 144 146 -1
146 -42.5 -10.0 -484.0 145 147 -1
147 -42.0 -10.5 -484.5 146 148 -1
148 -41.5 -11.5 -485.5 147 149 150
149 -42.0 -11.5 -486.0 148 151 -1
150 -41.0 -11.5 -485.0 148 152 -1
151 -42.0 -11.5 -486.5 149 153 -1
152 -40.5 -12.0 -485.5 150 154 -1
153 -42.0 -12.0 -487.0 151 155 -1
154 -40.5 -12.5 -486.0 152 156 -1
155 -42.0 -12.5 -487.5 153 157 -1
156 -40.0 -13.0 -485.5 154 158 -1
157 -42.0 -13.0 -488.0 155 159 -1
158 -39.5 -13.0 -485.5 156 160 -1
159 -42.0 -13.0 -488.5 157 161 -1
160 -39.0 -13.5 -485.5 158 162 -1
161 -42.0 -13.0 -489.0 159 163 -1
162 -38.5 -14.0 -485.5 160 164 -1
163 -42.5 -13.5 -489.5 161 165 -1
164 -38.0 -14.0 -485.5 162 166 -1
165 -42.5 -13.5 -490.0 163 167 -1
166 -37.5 -14.5 -485.0 164 168 -1
167 -42.0 -13.5 -490.5 165 169 -1
168 -37.0 -15.0 -485.0 166 170 -1
169 -42.5 -14.0 -491.0 167 171 -1
170 -36.5 -15.5 -485.0 168 172 -1
171 -42.5 -14.0 -491.5 169 173 -1
172 -36.0 -16.0 -485.0 170 174 -1
173 -42.5 -14.0 -492.0 171 175 -1
174 -35.5 -16.5 -485.0 172 176 -1
175 -42.5 -14.5 -492.5 173 177 -1
176 -35.0 -16.5 -485.0 174 178 -1
177 -42.5 -15.0 -493.0 175 179 -1
178 -34.5 -17.0 -485.0 176 180 -1
179 -42.5 -15.0 -493.5 177 181 -1
180 -34.0 -17.5 -484.5 178 182 -1
181 -43.0 -15.0 -494.0 179 183 -1
182 -33.5 -18.0 -485.0 180 184 -1
183 -42.5 -15.0 -494.5 181 185 -1
184 -33.0 -18.5 -485.0 182 186 -1
185 -43.0 -15.5 -495.0 183 187 -1
186 -32.5 -19.0 -485.0 184 188 -1
187 -43.0 -15.5 -495.5 185 189 -1
188 -32.0 -19.5 -485.0 186 190 -1
189 -42.5 -15.5 -496.0 187 191 -1
190 -31.5 -20.0 -485.0 188 192 -1
191 -42.5 -15.5 -496.5 189 193 -1
192 -31.0 -20.5 -485.0 190 194 -1
193 -43.0 -16.0 -497.0 191 195 -1
194 -30.5 -20.5 -485.0 192 196 -1
195 -43.0 -16.0 -497.5 193 197 -1
196 -30.0 -21.0 -485.5 194 198 -1
197 -43.0 -16.0 -498.0 195 199 -1
198 -29.5 -21.0 -485.5 196 200 -1
199 -43.0 -16.0 -498.5 197 201 -1
200 -29.0 -21.5 -485.5 198 202 -1
201 -43.0 -15.5 -499.0 199 203 -1
202 -28.5 -22.0 -485.5 200 204 -1
203 -43.0 -15.5 -499.5 201 205 -1
204 -28.0 -22.0 -486.0 202 206 -1
205 -43.0 -15.5 -500.0 203 207 -1
206 -27.5 -22.0 -486.5 204 208 -1
207 -43.0 -15.5 -500.5 205 209 -1
208 -27.0 -22.5 -486.5 206 210 -1
209 -43.0 -15.5 -501.0 207 211 -1
210 -26.5 -23.0 -486.5 208 212 -1
211 -43.0 -15.5 -501.5 209 213 -1
212 -26.0 -23.0 -486.5 210 214 -1
213 -43.0 -15.5 -502.0 211 215 -1
214 -25.5 -23.5 -486.5 212 216 -1
215 -43.0 -15.5 -502.5 213 217 -1
216 -25.0 -23.5 -487.0 214 218 -1
217 -43.0 -15.5 -503.0 215 219 -1
218 -24.5 -23.5 -487.0 216 220 -1
219 -43.0 -15.5 -503.5 217 221 -1
220 -24.0 -24.0 -487.0 218 222 -1
221 -43.0 -15.5 -504.0 219 223 -1
222 -23.5 -24.0 -487.5 220 224 -1
223 -43.0 -15.5 -504.5 221 225 -1
224 -23.0 -24.5 -487.0 222 226 -1
225 -43.0 -15.0 -505.0 223 227 -1
226 -22.5 -24.5 -487.5 224 228 -1
227 -43.0 -15.0 -505.5 225 229 -1
228 -22.0 -24.5 -488.0 226 230 -1
229 -43.0 -15.0 -506.0 227 231 -1
230 -21.5 -25.0 -488.0 228 232 -1
231 -43.0 -15.0 -506.5 229 233 -1
232 -21.0 -25.0 -488.0 230 234 -1
233 -43.0 -15.0 -507.0 231 235 -1
234 -20.5 -25.0 -488.5 232 236 -1
235 -43.0 -14.5 -507.5 233 237 -1
236 -20.0 -25.0 -488.5 234 238 -1
237 -43.0 -14.5 -508.0 235 239 -1
238 -19.5 -25.5 -488.5 236 240 -1
239 -43.0 -14.5 -508.5 237 241 -1
240 -19.0 -25.0 -489.0 238 242 -1
241 -43.5 -14.5 -509.0 239 243 -1
242 -18.5 -25.5 -489.0 240 244 -1
243 -43.5 -14.5 -509.5 241 245 -1
244 -18.0 -26.0 -489.0 242 246 -1
245 -43.5 -14.5 -510.0 243 247 -1
246 -17.5 -25.5 -489.5 244 248 -1
247 -43.5 -14.5 -510.5 245 249 -1
248 -17.0 -25.5 -490.0 246 250 -1
249 -43.5 -14.5 -511.0 247 251 -1
250 -16.5 -25.5 -490.0 248 252 -1
251 -43.5 -14.5 -511.5 249 253 -1
252 -16.0 -26.0 -490.0 250 254 -1
253 -43.5 -14.0 -512.0 251 255 -1
254 -15.5 -26.0 -490.5 252 256 -1
255 -43.5 -14.0 -512.5 253 257 -1
256 -15.0 -25.5 -491.0 254 258 -1
257 -43.5 -14.0 -513.0 255 259 -1
258 -14.5 -26.0 -491.0 256 260 -1
259 -43.5 -14.0 -513.5 257 261 -1
260 -14.0 -26.0 -491.0 258 262 -1
261 -43.5 -14.0 -514.0 259 263 -1
262 -13.5 -26.0 -491.5 260 264 -1
263 -43.5 -14.0 -514.5 261 265 -1
264 -13.0 -25.5 -491.5 262 266 -1
265 -43.5 -14.0 -515.0 263 267 -1
266 -12.5 -26.0 -492.0 264 268 -1
267 -43.5 -14.0 -515.5 265 269 -1
268 -12.0 -25.5 -492.0 266 270 -1
269 -43.5 -14.0 -516.0 267 271 -1
270 -11.5 -26.0 -492.0 268 272 -1
271 -43.5 -14.0 -516.5 269 -1 -1
272 -11.0 -25.5 -492.5 270 273 -1
273 -10.5 -25.5 -493.0 272 274 -1
274 -10.0 -25.5 -493.0 273 275 -1
275 -9.5 -25.5 -493.5 274 276 -1
276 -9.0 -26.0 -494.0 275 277 -1
277 -8.5 -25.5 -494.0 276 278 -1
278 -8.0 -25.5 -494.0 277 279 -1
279 -7.5 -25.5 -494.5 278 280 -1
280 -7.0 -25.5 -495.0 279 281 -1
281 -6.5 -25.5 -495.5 280 282 -1
282 -6.0 -25.5 -495.5 281 283 -1
283 -5.5 -25.5 -496.0 282 284 -1
284 -5.0 -25.5 -496.0 283 285 -1
285 -4.5 -25.5 -496.5 284 286 -1
286 -4.0 -25.0 -496.5 285 287 -1
287 -3.5 -25.0 -497.0 286 288 -1
288 -3.0 -25.0 -497.5 287 289 -1
289 -2.5 -24.5 -497.5 288 290 -1
290 -2.0 -24.5 -498.0 289 291 -1
291 -1.5 -24.5 -498.5 290 292 -1
292 -1.0 -24.5 -499.0 291 293 -1
293 -0.5 -24.0 -499.0 292 294 -1
294 0.0 -23.5 -499.5 293 295 -1
295 0.5 -23.5 -500.0 294 296 -1
296 1.0 -23.0 -500.0 295 297 -1
297 1.5 -23.0 -500.5 296 298 -1
298 2.0 -22.5 -501.0 297 299 -1
299 2.5 -22.5 -501.5 298 300 -1
300 3.0 -22.0 -501.5 299 301 -1
301 3.5 -22.0 -502.0 300 302 -1
302 4.0 -21.5 -502.0 301 303 -1
303 4.5 -21.5 -502.5 302 304 -1
304 5.0 -21.0 -503.0 303 305 -1
305 5.5 -20.5 -503.5 304 306 -1
306 6.0 -20.0 -504.0 305 307 -1
307 6.5 -20.0 -504.5 306 308 -1
308 7.0 -19.5 -504.5 307 -1 -1
