0 -27.5 -161.5 1159.5 -1 1 -1
1 -28.0 -161.0 1159.0 0 2 -1
2 -28.5 -160.5 1159.0 1 3 -1
3 -29.0 -160.5 1159.5 2 4 -1
4 -29.5 -160.0 1159.0 3 5 -1
5 -30.0 -159.5 1158.5 4 6 -1
6 -30.5 -159.5 1158.5 5 7 -1
7 -31.0 -159.0 1158.0 6 8 -1
8 -31.5 -159.0 1158.0 7 9 -1
9 -32.0 -159.0 1158.5 8 10 -1
10 -32.5 -158.5 1158.0 9 11 -1
11 -33.0 -158.5 1158.5 10 12 -1
12 -33.5 -158.0 1158.0 11 13 -1
13 -34.0 -158.0 1158.5 12 14 -1
14 -34.5 -158.0 1158.5 13 15 -1
15 -35.0 -158.0 1158.5 14 16 -1
16 -35.5 -157.5 1158.5 15 17 -1
17 -36.0 -157.5 1159.0 16 18 -1
18 -36.5 -157.5 1159.0 17 19 -1
19 -37.0 -157.5 1159.0 18 20 -1
20 -37.5 -157.5 1159.0 19 21 -1
21 -38.0 -157.5 1159.0 20 22 -1
22 -38.5 -157.0 1159.0 21 23 -1
23 -39.0 -157.0 1158.5 22 24 -1
24 -39.5 -157.0 1158.5 23 25 -1
25 -40.0 -157.0 1159.0 24 26 -1
26 -40.5 -157.0 1159.0 25 27 -1
27 -41.0 -156.5 1159.0 26 28 -1
28 -41.5 -156.5 1159.0 27 29 -1
29 -42.0 -156.0 1159.0 28 30 -1
30 -42.5 -156.5 1159.5 29 31 -1
31 -43.0 -156.0 1159.5 30 32 -1
32 -43.5 -155.5 1159.0 31 33 -1
33 -44.0 -155.5 1159.0 32 34 -1
34 -44.5 -155.5 1159.5 33 35 -1
35 -45.0 -155.5 1159.5 34 36 -1
36 -45.5 -155.0 1159.0 35 37 -1
37 -46.0 -154.5 1159.0 36 38 -1
38 -46.5 -154.5 1159.0 37 39 -1
39 -47.0 -154.5 1159.0 38 40 -1
40 -47.5 -154.0 1159.0 39 41 -1
41 -48.0 -153.5 1158.5 40 42 -1
42 -48.5 -153.5 1158.5 41 43 -1
43 -49.0 -153.0 1158.0 42 44 -1
44 -49.5 -153.0 1158.0 43 45 -1
45 -50.0 -152.5 1158.0 44 46 -1
46 -50.5 -152.0 1158.0 45 47 -1
47 -51.0 -152.0 1158.0 46 48 -1
48 -51.5 -151.5 1157.5 47 49 -1
49 -52.0 -151.5 1157.5 48 50 -1
50 -52.5 -151.0 1157.0 49 51 -1
51 -53.0 -151.0 1157.0 50 52 -1
52 -53.5 -150.5 1156.5 51 53 -1
53 -54.0 -150.0 1156.0 52 54 -1
54 -54.5 -149.5 1155.5 53 55 -1
55 -54.5 -149.5 1155.0 54 56 -1
56 -54.5 -149.0 1154.5 55 57 -1
57 -55.0 -148.5 1154.0 56 58 -1
58 -55.0 -148.0 1153.5 57 59 -1
59 -55.0 -148.0 1153.0 58 60 -1
60 -55.5 -147.5 1152.5 59 61 -1
61 -55.5 -147.0 1152.0 60 62 -1
62 -55.5 -146.5 1151.5 61 63 -1
63 -54.5 -146.5 1147.5 62 64 65
64 -54.5 -146.5 1147.0 63 66 -1
65 -56.5 -145.5 1151.0 63 67 -1
66 -54.5 -146.0 1146.5 64 68 -1
67 -57.0 -145.0 1151.0 65 69 -1
68 -54.0 -146.5 1146.0 66 70 -1
69 -57.5 -144.5 1151.5 67 71 -1
70 -53.5 -147.0 1145.5 68 72 -1
71 -58.0 -144.0 1151.5 69 73 -1
72 -53.0 -147.5 1145.0 70 74 -1
73 -58.5 -143.5 1151.5 71 75 -1
74 -52.5 -147.5 1144.5 72 76 -1
75 -59.0 -143.5 1152.0 73 77 -1
76 -52.5 -147.5 1144.0 74 78 -1
77 -59.5 -143.0 1152.0 75 79 -1
78 -52.5 -147.5 1143.5 76 80 -1
79 -59.5 -142.5 1152.0 77 81 -1
80 -52.0 -148.0 1143.0 78 82 -1
81 -60.0 -142.0 1152.5 79 83 -1
82 -52.0 -148.0 1142.5 80 84 -1
83 -60.5 -141.5 1152.5 81 85 -1
84 -52.0 -148.0 1142.0 82 86 -1
85 -61.0 -141.0 1153.0 83 87 -1
86 -52.0 -148.0 1141.5 84 88 -1
87 -61.5 -140.5 1153.0 85 89 -1
88 -51.5 -148.5 1141.0 86 90 -1
89 -62.0 -140.0 1153.5 87 91 -1
90 -51.5 -148.0 1140.5 88 92 -1
91 -62.5 -139.5 1154.0 89 93 -1
92 -51.5 -148.0 1140.0 90 94 -1
93 -63.0 -139.0 1154.0 91 95 -1
94 -51.0 -148.0 1139.5 92 96 -1
95 -63.5 -138.5 1154.5 93 97 -1
96 -50.5 -148.0 1139.0 94 98 -1
97 -64.0 -138.0 1155.0 95 99 -1
98 -50.5 -148.0 1138.5 96 100 -1
99 -64.5 -138.0 1155.0 97 101 -1
100 -50.5 -148.0 1138.0 98 102 -1
101 -65.0 -137.5 1155.5 99 103 -1
102 -50.0 -148.0 1137.5 100 104 -1
103 -65.5 -137.5 1156.0 101 105 -1
104 -50.0 -148.5 1137.0 102 106 -1
105 -66.0 -137.5 1156.0 103 107 -1
106 -50.0 -148.5 1136.5 104 108 -1
107 -66.5 -137.0 1156.5 105 109 -1
108 -50.0 -149.0 1136.0 106 110 -1
109 -67.0 -136.5 1157.0 107 111 -1
110 -50.0 -149.0 1135.5 108 112 -1
111 -67.5 -136.5 1157.0 109 113 -1
112 -49.5 -149.0 1135.0 110 114 -1
113 -68.0 -136.5 1157.5 111 115 -1
114 -49.0 -149.0 1134.5 112 116 -1
115 -68.5 -136.0 1158.0 113 117 -1
116 -49.5 -149.5 1134.0 114 118 -1
117 -69.0 -136.5 1158.0 115 119 -1
118 -49.0 -149.5 1133.5 116 120 -1
119 -69.5 -136.5 1158.0 117 121 -1
120 -48.5 -149.5 1133.0 118 122 -1
121 -70.0 -136.0 1158.5 119 123 -1
122 -48.5 -149.5 1132.5 120 124 -1
123 -70.5 -136.0 1158.5 121 125 -1
124 -48.5 -150.0 1132.0 122 126 -1
125 -71.0 -135.5 1159.0 123 127 -1
126 -48.5 -150.5 1131.5 124 128 -1
127 -71.5 -135.5 1159.0 125 129 -1
128 -48.0 -150.5 1131.0 126 130 -1
129 -72.0 -135.5 1159.5 127 131 -1
130 -48.0 -150.5 1130.5 128 132 -1
131 -72.5 -135.0 1160.0 129 133 -1
132 -48.0 -151.0 1130.0 130 134 -1
133 -73.0 -135.0 1160.0 131 135 -1
134 -47.5 -151.0 1129.5 132 136 -1
135 -73.5 -135.5 1160.0 133 137 -1
136 -47.5 -151.5 1129.0 134 138 -1
137 -74.0 -135.5 1160.0 135 139 -1
138 -47.5 -152.0 1128.5 136 140 -1
139 -74.5 -135.5 1160.0 137 141 -1
140 -47.5 -152.0 1128.0 138 142 -1
141 -75.0 -135.5 1160.5 139 143 -1
142 -47.0 -152.0 1127.5 140 144 -1
143 -75.5 -135.5 1161.0 141 145 -1
144 -47.0 -152.5 1127.0 142 146 -1
145 -76.0 -135.5 1161.0 143 147 -1
146 -47.0 -152.5 1126.5 144 148 -1
147 -76.5 -135.5 1161.0 145 149 -1
148 -47.0 -153.0 1126.0 146 150 -1
149 -77.0 -136.0 1161.0 147 151 -1
150 -46.5 -153.0 1125.5 148 152 -1
151 -77.5 -136.0 1161.5 149 153 -1
152 -47.0 -153.5 1125.0 150 154 -1
153 -78.0 -136.0 1161.5 151 155 -1
154 -46.5 -153.5 1124.5 152 156 -1
155 -78.5 -136.5 1161.5 153 157 -1
156 -46.0 -153.5 1124.0 154 158 -1
157 -79.0 -136.5 1162.0 155 159 -1
158 -46.5 -154.0 1123.5 156 160 -1
159 -79.5 -136.5 1162.0 157 161 -1
160 -46.0 -154.0 1123.0 158 162 -1
161 -80.0 -136.5 1162.0 159 163 -1
162 -46.0 -154.5 1122.5 160 164 -1
163 -80.5 -137.0 1162.5 161 165 -1
164 -45.5 -154.5 1122.0 162 166 -1
165 -81.0 -137.0 1162.5 163 167 -1
166 -45.5 -155.0 1121.5 164 168 -1
167 -81.5 -137.0 1163.0 165 169 -1
168 -45.5 -155.5 1121.0 166 170 -1
169 -82.0 -137.0 1163.0 167 171 -1
170 -45.0 -155.5 1120.5 168 172 -1
171 -82.5 -137.0 1163.5 169 173 -1
172 -44.5 -155.5 1120.0 170 174 -1
173 -83.0 -137.5 1163.5 171 175 -1
174 -44.5 -156.0 1119.5 172 176 -1
175 -83.5 -137.5 1164.0 173 177 -1
176 -45.0 -156.5 1119.0 174 178 -1
177 -84.0 -137.5 1164.0 175 179 -1
178 -45.0 -157.0 1118.5 176 180 -1
179 -84.5 -137.5 1164.5 177 181 -1
180 -44.5 -157.0 1118.0 178 182 -1
181 -85.0 -138.0 1165.0 179 183 -1
182 -44.0 -157.0 1117.5 180 184 -1
183 -85.5 -138.0 1165.5 181 185 -1
184 -44.0 -157.5 1117.0 182 186 -1
185 -86.0 -138.0 1166.0 183 187 -1
186 -44.0 -157.5 1116.5 184 188 -1
187 -86.5 -138.0 1166.5 185 189 -1
188 -44.0 -158.0 1116.0 186 190 -1
189 -87.0 -138.0 1167.0 187 191 -1
190 -43.5 -158.0 1115.5 188 192 -1
191 -87.5 -138.0 1167.5 189 193 -1
192 -44.0 -158.5 1115.0 190 194 -1
193 -88.0 -138.0 1168.0 191 195 -1
194 -43.5 -158.5 1114.5 192 196 -1
195 -88.5 -138.0 1168.5 193 197 -1
196 -43.5 -159.0 1114.0 194 198 -1
197 -89.0 -138.0 1169.0 195 199 -1
198 -43.0 -159.0 1113.5 196 200 -1
199 -89.0 -138.0 1169.5 197 -1 -1
200 -43.5 -159.5 1113.0 198 201 -1
201 -43.0 -159.5 1112.5 200 202 -1
202 -43.0 -160.0 1112.0 201 203 -1
203 -43.0 -160.5 1111.5 202 204 -1
204 -43.0 -160.5 1111.0 203 205 -1
205 -43.0 -161.0 1110.5 204 206 -1
206 -42.5 -161.0 1110.0 205 207 -1
207 -42.5 -161.5 1109.5 206 208 -1
208 -42.5 -162.0 1109.0 207 209 -1
209 -42.0 -162.0 1108.5 208 210 -1
210 -42.0 -162.5 1108.0 209 211 -1
211 -42.0 -163.0 1107.5 210 212 -1
212 -41.5 -163.0 1107.0 211 213 -1
213 -41.5 -163.5 1106.5 212 214 -1
214 -41.0 -164.0 1106.0 213 215 -1
215 -41.0 -164.5 1105.5 214 216 -1
216 -40.5 -164.0 1105.0 215 217 -1
217 -40.5 -164.5 1104.5 216 218 -1
218 -40.5 -165.0 1104.0 217 219 -1
219 -40.5 -165.5 1103.5 218 220 -1
220 -40.0 -165.5 1103.0 219 221 -1
221 -40.0 -166.0 1102.5 220 222 -1
222 -40.0 -166.5 1102.0 221 223 -1
223 -39.5 -166.5 1101.5 222 224 -1
224 -39.0 -166.5 1101.0 223 225 -1
225 -39.0 -167.0 1100.5 224 226 -1
226 -38.5 -167.5 1100.0 225 227 -1
227 -38.5 -167.5 1099.5 226 228 -1
228 -38.0 -167.5 1099.0 227 229 -1
229 -37.5 -168.0 1098.5 228 230 -1
230 -37.5 -168.5 1098.0 229 231 -1
231 -37.0 -169.0 1097.5 230 232 -1
232 -37.0 -169.0 1097.0 231 233 -1
233 -36.5 -169.5 1096.5 232 234 -1
234 -36.5 -170.0 1096.0 233 235 -1
235 -36.5 -170.5 1096.0 234 236 -1
236 -36.0 -171.0 1095.5 235 237 -1
237 -35.5 -171.5 1095.0 236 238 -1
238 -35.5 -171.5 1094.5 237 239 -1
239 -35.0 -172.0 1094.0 238 240 -1
240 -35.0 -172.5 1093.5 239 241 -1
241 -34.5 -173.0 1093.0 240 242 -1
242 -34.5 -173.5 1092.5 241 243 -1
243 -34.5 -173.5 1092.0 242 244 -1
244 -34.0 -174.0 1091.5 243 245 -1
245 -34.5 -174.0 1091.0 244 246 -1
246 -34.0 -175.0 1090.0 245 247 248
247 -34.0 -175.0 1089.5 246 249 -1
248 -33.5 -175.0 1090.5 246 250 -1
249 -34.0 -175.5 1089.0 247 251 -1
250 -33.0 -175.5 1091.0 248 252 -1
251 -34.0 -175.5 1088.5 249 253 -1
252 -32.5 -176.0 1090.5 250 254 -1
253 -34.5 -175.5 1088.0 251 255 -1
254 -32.0 -176.5 1090.5 252 256 -1
255 -34.5 -175.5 1087.5 253 257 -1
256 -31.5 -177.0 1090.5 254 258 -1
257 -35.0 -175.5 1087.0 255 259 -1
258 -31.5 -177.5 1090.5 256 260 -1
259 -35.0 -176.0 1086.5 257 261 -1
260 -31.5 -178.0 1090.5 258 262 -1
261 -35.5 -176.0 1086.0 259 263 -1
262 -31.5 -178.5 1090.5 260 264 -1
263 -35.5 -176.0 1085.5 261 265 -1
264 -31.5 -179.0 1091.0 262 266 -1
265 -35.5 -176.0 1085.0 263 267 -1
266 -31.0 -179.5 1091.0 264 268 -1
267 -36.0 -176.0 1084.5 265 269 -1
268 -31.0 -180.0 1091.5 266 270 -1
269 -36.0 -176.0 1084.0 267 271 -1
270 -31.0 -180.5 1091.5 268 272 -1
271 -36.5 -175.5 1083.5 269 273 -1
272 -31.0 -181.0 1092.0 270 274 -1
273 -36.5 -175.5 1083.0 271 275 -1
274 -30.5 -181.5 1092.0 272 276 -1
275 -36.5 -176.0 1082.5 273 277 -1
276 -30.0 -182.0 1092.0 274 278 -1
277 -37.0 -175.5 1082.0 275 279 -1
278 -30.0 -182.5 1092.5 276 280 -1
279 -37.0 -175.5 1081.5 277 281 -1
280 -29.5 -183.0 1092.5 278 282 -1
281 -37.5 -175.5 1081.0 279 283 -1
282 -29.0 -183.5 1093.0 280 284 -1
283 -37.5 -175.5 1080.5 281 285 -1
284 -28.5 -184.0 1093.5 282 286 -1
285 -37.5 -175.5 1080.0 283 287 -1
286 -28.0 -184.5 1093.5 284 288 -1
287 -38.0 -175.0 1079.5 285 289 -1
288 -27.5 -185.0 1094.0 286 290 -1
289 -38.0 -175.0 1079.0 287 291 -1
290 -27.5 -185.5 1094.0 288 292 -1
291 -38.5 -175.0 1078.5 289 293 -1
292 -27.0 -186.0 1094.5 290 294 -1
293 -38.5 -175.5 1078.0 291 295 -1
294 -26.5 -186.5 1095.0 292 296 -1
295 -39.0 -175.0 1077.5 293 297 -1
296 -26.0 -187.0 1095.5 294 298 -1
297 -39.0 -175.0 1077.0 295 299 -1
298 -25.5 -187.5 1095.5 296 300 -1
299 -39.0 -175.0 1076.5 297 301 -1
300 -25.0 -188.0 1096.0 298 302 -1
301 -39.0 -175.0 1076.0 299 303 -1
302 -24.5 -188.5 1096.5 300 304 -1
303 -39.0 -175.0 1075.5 301 305 -1
304 -24.0 -188.5 1096.5 302 306 -1
305 -39.5 -175.0 1075.0 303 307 -1
306 -23.5 -189.0 1096.5 304 308 -1
307 -39.5 -175.0 1074.5 305 309 -1
308 -23.0 -189.0 1096.5 306 310 -1
309 -40.0 -175.0 1074.0 307 311 -1
310 -22.5 -189.5 1097.0 308 312 -1
311 -39.5 -174.5 1073.5 309 313 -1
312 -22.0 -189.5 1096.5 310 314 -1
313 -40.0 -174.5 1073.0 311 315 -1
314 -21.5 -190.0 1097.0 312 316 -1
315 -40.0 -174.5 1072.5 313 317 -1
316 -21.0 -190.0 1097.0 314 318 -1
317 -40.0 -174.0 1072.0 315 319 -1
318 -20.5 -190.5 1097.0 316 320 -1
319 -40.5 -174.5 1071.5 317 321 -1
320 -20.0 -190.5 1097.0 318 322 -1
321 -40.5 -174.0 1071.0 319 323 -1
322 -19.5 -191.0 1097.0 320 324 -1
323 -40.5 -174.0 1070.5 321 325 -1
324 -19.0 -191.0 1097.0 322 326 -1
325 -40.5 -173.5 1070.0 323 327 -1
326 -18.5 -191.0 1097.0 324 328 -1
327 -41.0 -173.5 1069.5 325 329 -1
328 -18.0 -191.0 1097.0 326 330 -1
329 -41.0 -173.5 1069.0 327 331 -1
330 -17.5 -191.5 1097.5 328 332 -1
331 -41.5 -173.5 1068.5 329 333 -1
332 -17.0 -191.5 1097.5 330 334 -1
333 -41.0 -173.0 1068.0 331 335 -1
334 -16.5 -191.5 1097.5 332 336 -1
335 -41.5 -173.0 1067.5 333 337 -1
336 -16.0 -191.5 1097.5 334 338 -1
337 -41.5 -173.0 1067.0 335 339 -1
338 -15.5 -191.5 1097.5 336 340 -1
339 -42.0 -173.0 1066.5 337 341 -1
340 -15.0 -191.5 1097.5 338 342 -1
341 -42.0 -173.0 1066.0 339 343 -1
342 -14.5 -191.5 1097.5 340 344 -1
343 -42.5 -173.0 1065.5 341 345 -1
344 -14.0 -192.0 1097.0 342 346 -1
345 -42.5 -172.5 1065.0 343 347 -1
346 -13.5 -192.0 1097.5 344 348 -1
347 -43.0 -172.5 1064.5 345 349 -1
348 -13.0 -192.0 1097.5 346 350 -1
349 -42.5 -172.0 1064.0 347 351 -1
350 -12.5 -192.0 1098.0 348 352 -1
351 -43.0 -172.0 1063.5 349 353 -1
352 -12.0 -192.0 1098.0 350 354 -1
353 -43.0 -172.0 1063.0 351 355 -1
354 -11.5 -191.5 1098.0 352 356 -1
355 -43.0 -171.5 1062.5 353 357 -1
356 -11.0 -191.5 1098.0 354 358 -1
357 -43.0 -171.5 1062.0 355 359 -1
358 -10.5 -191.5 1098.0 356 360 -1
359 -43.5 -171.5 1061.5 357 361 -1
360 -10.0 -192.0 1098.5 358 362 -1
361 -43.5 -171.5 1061.0 359 363 -1
362 -9.5 -192.0 1098.5 360 364 -1
363 -44.0 -171.5 1060.5 361 365 -1
364 -9.0 -191.5 1098.5 362 366 -1
365 -44.0 -171.5 1060.0 363 367 -1
366 -8.5 -191.5 1098.5 364 368 -1
367 -44.0 -171.0 1059.5 365 369 -1
368 -8.0 -191.0 1098.5 366 370 -1
369 -44.0 -171.0 1059.0 367 371 -1
370 -7.5 -191.5 1099.0 368 372 -1
371 -44.5 -171.0 1058.5 369 373 -1
372 -7.0 -191.0 1099.5 370 374 -1
373 -44.5 -171.0 1058.0 371 375 -1
374 -6.5 -190.5 1099.5 372 376 -1
375 -44.5 -170.5 1057.5 373 377 -1
376 -6.0 -190.0 1099.5 374 378 -1
377 -45.0 -171.0 1057.0 375 379 -1
378 -5.5 -190.0 1100.0 376 380 -1
379 -44.5 -170.5 1056.5 377 381 -1
380 -5.0 -189.5 1100.5 378 382 -1
381 -44.5 -170.5 1056.0 379 383 -1
382 -4.5 -189.5 1101.0 380 384 -1
383 -44.5 -170.5 1055.5 381 385 -1
384 -4.0 -189.0 1101.0 382 386 -1
385 -44.5 -170.5 1055.0 383 387 -1
386 -3.5 -188.5 1101.5 384 388 -1
387 -44.5 -170.5 1054.5 385 389 -1
388 -3.0 -188.0 1102.0 386 390 -1
389 -45.0 -170.5 1054.0 387 391 -1
390 -2.5 -187.5 1102.5 388 392 -1
391 -45.0 -170.5 1053.5 389 393 -1
392 -2.0 -187.0 1103.0 390 394 -1
393 -45.0 -170.5 1053.0 391 395 -1
394 -1.5 -186.5 1103.5 392 396 -1
395 -45.0 -170.5 1052.5 393 397 -1
396 -1.0 -186.5 1104.0 394 398 -1
397 -45.0 -170.5 1052.0 395 399 -1
398 -1.0 -186.0 1104.5 396 400 -1
399 -45.0 -170.5 1051.5 397 401 -1
400 -0.5 -186.0 1105.0 398 402 -1
401 -45.0 -170.5 1051.0 399 403 -1
402 0.0 -185.5 1105.5 400 404 -1
403 -45.0 -170.5 1050.5 401 405 -1
404 0.0 -185.0 1106.0 402 406 -1
405 -45.5 -170.5 1050.0 403 407 -1
406 0.5 -185.0 1106.5 404 408 -1
407 -45.0 -170.0 1049.5 405 409 -1
408 1.0 -185.0 1107.0 406 410 -1
409 -45.0 -170.0 1049.0 407 411 -1
410 1.0 -184.5 1107.5 408 412 -1
411 -45.0 -170.0 1048.5 409 413 -1
412 1.5 -184.5 1108.0 410 414 -1
413 -45.0 -170.0 1048.0 411 415 -1
414 2.0 -184.5 1108.5 412 416 -1
415 -45.0 -170.0 1047.5 413 417 -1
416 2.0 -184.0 1109.0 414 418 -1
417 -45.0 -170.0 1047.0 415 419 -1
418 2.0 -183.5 1109.5 416 420 -1
419 -44.5 -170.0 1046.5 417 421 -1
420 2.5 -183.5 1110.0 418 422 -1
421 -44.5 -170.0 1046.0 419 423 -1
422 2.5 -183.0 1110.5 420 424 -1
423 -44.5 -170.0 1045.5 421 425 -1
424 3.0 -183.0 1111.0 422 426 -1
425 -44.5 -170.0 1045.0 423 427 -1
426 3.0 -183.0 1111.5 424 428 -1
427 -44.5 -170.5 1044.5 425 429 -1
428 3.5 -183.0 1112.0 426 430 -1
429 -44.5 -170.5 1044.0 427 431 -1
430 4.0 -182.5 1112.5 428 432 -1
431 -44.5 -170.5 1043.5 429 433 -1
432 4.0 -182.0 1113.0 430 434 -1
433 -44.0 -170.5 1043.0 431 435 -1
434 4.5 -181.5 1113.5 432 436 -1
435 -44.5 -171.0 1042.5 433 437 -1
436 5.0 -181.5 1114.0 434 438 -1
437 -44.5 -171.0 1042.0 435 439 -1
438 5.0 -181.0 1114.5 436 440 -1
439 -44.5 -171.0 1041.5 437 441 -1
440 5.5 -180.5 1115.0 438 442 -1
441 -44.0 -171.0 1041.0 439 443 -1
442 5.5 -180.0 1115.5 440 444 -1
443 -44.0 -171.0 1040.5 441 445 -1
444 6.0 -179.5 1116.0 442 446 -1
445 -44.0 -171.0 1040.0 443 447 -1
446 6.5 -179.0 1116.5 444 448 -1
447 -44.0 -171.5 1039.5 445 449 -1
448 6.5 -178.5 1117.0 446 450 -1
449 -44.0 -171.5 1039.0 447 451 -1
450 7.0 -178.5 1117.5 448 452 -1
451 -44.0 -171.5 1038.5 449 453 -1
452 7.5 -178.0 1118.0 450 454 -1
453 -44.0 -171.5 1038.0 451 455 -1
454 7.5 -177.5 1118.5 452 456 -1
455 -44.5 -172.0 1037.5 453 457 -1
456 7.5 -177.5 1119.0 454 458 -1
457 -44.5 -172.0 1037.0 455 459 -1
458 8.0 -177.0 1119.5 456 460 -1
459 -44.0 -172.0 1036.5 457 461 -1
460 8.5 -176.5 1120.0 458 462 -1
461 -44.0 -172.0 1036.0 459 463 -1
462 9.0 -176.0 1120.5 460 464 -1
463 -43.5 -172.5 1035.5 461 -1 -1
464 9.5 -175.5 1120.5 462 465 -1
465 9.5 -175.0 1121.0 464 466 -1
466 10.0 -174.5 1121.5 465 467 -1
467 10.5 -174.0 1122.0 466 468 -1
468 11.0 -174.0 1122.5 467 469 -1
469 11.5 -173.5 1123.0 468 470 -1
470 11.5 -173.0 1123.5 469 471 -1
471 12.0 -172.5 1124.0 470 472 -1
472 12.5 -172.5 1124.5 471 473 -1
473 13.0 -172.0 1125.0 472 474 -1
474 13.0 -171.5 1125.5 473 475 -1
475 13.0 -171.5 1126.0 474 476 -1
476 13.5 -171.0 1126.5 475 477 -1
477 14.0 -170.5 1126.5 476 478 -1
478 14.0 -170.0 1127.0 477 479 -1
479 14.5 -169.5 1127.5 478 480 -1
480 14.5 -169.0 1128.0 479 481 -1
481 15.0 -168.5 1128.0 480 482 -1
482 15.0 -168.0 1128.5 481 483 -1
483 15.5 -167.5 1128.5 482 484 -1
484 16.0 -167.0 1128.5 483 485 -1
485 16.5 -166.5 1129.0 484 486 -1
486 17.0 -166.0 1129.0 485 487 -1
487 17.5 -165.5 1129.0 486 488 -1
488 18.0 -165.0 1129.0 487 489 -1
489 18.5 -164.5 1129.0 488 490 -1
490 18.5 -164.0 1129.5 489 491 -1
491 19.0 -163.5 1129.5 490 492 -1
492 19.5 -163.0 1129.0 491 493 -1
493 19.5 -162.5 1129.5 492 494 -1
494 20.0 -162.0 1129.5 493 495 -1
495 20.5 -161.5 1129.0 494 496 -1
496 21.0 -161.0 1128.5 495 497 -1
497 21.5 -160.5 1128.5 496 498 -1
498 22.0 -160.0 1128.0 497 499 -1
499 22.5 -159.5 1127.5 498 500 -1
500 22.5 -159.0 1128.0 499 501 -1
501 23.5 -158.0 1128.0 500 502 -1
502 23.5 -157.5 1128.0 501 503 -1
503 24.0 -157.0 1127.5 502 504 -1
504 24.0 -156.5 1128.0 503 505 -1
505 24.5 -156.0 1127.5 504 506 -1
506 25.0 -156.0 1127.0 505 507 -1
507 25.5 -155.5 1126.5 506 508 -1
508 26.0 -155.0 1125.5 507 509 -1
509 26.0 -155.0 1125.0 508 510 -1
510 26.5 -155.0 1124.5 509 511 -1
511 26.5 -155.5 1124.0 510 512 -1
512 26.5 -155.5 1123.5 511 513 -1
513 27.0 -155.0 1123.0 512 514 -1
514 27.0 -155.0 1122.5 513 515 -1
515 27.5 -155.0 1122.0 514 516 -1
516 27.5 -155.0 1121.5 515 517 -1
517 27.5 -155.0 1121.0 516 518 -1
518 27.5 -155.0 1120.5 517 519 -1
519 28.0 -155.0 1120.0 518 520 -1
520 27.5 -155.5 1119.5 519 521 -1
521 27.5 -155.5 1119.0 520 522 -1
522 27.0 -156.0 1118.5 521 523 -1
523 27.5 -156.0 1118.0 522 524 -1
524 27.5 -156.0 1117.5 523 525 -1
525 27.5 -156.0 1117.0 524 526 -1
526 27.0 -156.5 1116.5 525 527 -1
527 27.5 -156.5 1116.0 526 528 -1
528 27.0 -157.0 1115.5 527 529 -1
529 27.0 -157.5 1115.0 528 530 -1
530 27.0 -157.5 1114.5 529 531 -1
531 27.0 -157.5 1114.0 530 532 -1
532 27.0 -157.5 1113.5 531 533 -1
533 27.0 -158.0 1113.0 532 534 -1
534 27.0 -158.5 1112.5 533 535 -1
535 27.0 -159.0 1112.0 534 536 -1
536 27.0 -159.5 1111.5 535 537 -1
537 27.5 -159.5 1111.0 536 538 -1
538 27.5 -160.0 1110.5 537 539 -1
539 27.5 -160.5 1110.0 538 540 -1
540 27.5 -161.0 1109.5 539 541 -1
541 27.5 -161.5 1109.0 540 542 -1
542 27.5 -162.0 1108.5 541 543 -1
543 28.0 -162.5 1108.0 542 544 -1
544 28.0 -162.5 1107.5 543 545 -1
545 28.0 -163.0 1107.0 544 546 -1
546 28.0 -163.5 1106.5 545 547 -1
547 28.0 -164.0 1106.0 546 548 -1
548 28.0 -164.5 1105.5 547 549 -1
549 28.0 -165.0 1105.0 548 550 -1
550 28.0 -165.5 1104.5 549 551 -1
551 28.5 -166.0 1104.0 550 552 -1
552 28.5 -166.5 1103.5 551 553 -1
553 29.0 -167.0 1103.0 552 554 -1
554 29.0 -167.5 1102.5 553 555 -1
555 29.0 -168.0 1102.0 554 556 -1
556 29.5 -168.5 1101.5 555 557 -1
557 29.5 -169.0 1101.0 556 558 -1
558 30.0 -169.5 1100.5 557 559 -1
559 30.0 -170.0 1100.0 558 560 -1
560 30.5 -170.5 1099.5 559 561 -1
561 30.0 -170.5 1099.0 560 562 -1
562 30.5 -171.0 1098.5 561 563 -1
563 30.5 -171.0 1098.0 562 564 -1
564 30.5 -171.5 1097.5 563 565 -1
565 30.5 -172.0 1097.0 564 566 -1
566 30.0 -172.5 1096.5 565 567 -1
567 30.0 -172.5 1096.0 566 568 -1
568 30.5 -173.0 1095.5 567 569 -1
569 30.0 -173.5 1095.0 568 570 -1
570 30.0 -173.5 1094.5 569 571 -1
571 30.0 -174.0 1094.0 570 572 -1
572 29.5 -174.5 1093.5 571 573 -1
573 29.5 -175.0 1093.0 572 574 -1
574 29.5 -175.0 1092.5 573 575 -1
575 29.5 -175.5 1092.0 574 576 -1
576 29.5 -175.5 1091.5 575 577 -1
577 29.5 -176.0 1091.0 576 578 -1
578 30.0 -176.5 1090.5 577 579 -1
579 29.5 -176.5 1090.0 578 580 -1
580 29.5 -176.5 1089.5 579 581 -1
581 29.5 -177.0 1089.0 580 582 -1
582 29.5 -177.0 1088.5 581 583 -1
583 29.5 -177.5 1088.0 582 584 -1
584 29.5 -178.0 1087.5 583 585 -1
585 30.0 -178.0 1087.0 584 586 -1
586 30.0 -178.0 1086.5 585 587 -1
587 30.0 -178.5 1086.0 586 588 -1
588 30.0 -179.0 1085.5 587 589 -1
589 30.0 -179.5 1085.0 588 590 -1
590 30.0 -179.5 1084.5 589 591 -1
591 30.5 -179.5 1084.0 590 592 -1
592 30.5 -180.0 1083.5 591 593 -1
593 30.5 -180.0 1083.0 592 594 -1
594 30.5 -180.5 1082.5 593 595 -1
595 30.5 -180.5 1082.0 594 596 -1
596 30.5 -181.0 1081.5 595 597 -1
597 30.5 -181.0 1081.0 596 598 -1
598 31.0 -181.0 1080.5 597 599 -1
599 30.5 -181.5 1080.0 598 600 -1
600 31.0 -181.5 1079.5 599 601 -1
601 31.0 -181.5 1079.0 600 602 -1
602 31.0 -182.0 1078.5 601 603 -1
603 31.0 -182.5 1078.0 602 604 -1
604 30.5 -183.0 1077.5 603 605 -1
605 30.5 -183.0 1077.0 604 606 -1
606 30.5 -183.5 1076.5 605 607 -1
607 31.0 -183.5 1076.0 606 608 -1
608 31.0 -183.5 1075.5 607 609 -1
609 31.5 -183.5 1075.0 608 610 -1
610 31.5 -184.0 1074.5 609 611 -1
611 31.5 -184.0 1074.0 610 612 -1
612 32.0 -184.0 1073.5 611 613 -1
613 32.5 -184.5 1073.0 612 614 -1
614 32.0 -185.0 1072.5 613 615 -1
615 32.5 -185.0 1072.0 614 616 -1
616 32.5 -185.0 1071.5 615 617 -1
617 32.5 -185.5 1071.0 616 618 -1
618 33.0 -185.0 1070.5 617 619 -1
619 33.0 -185.5 1070.0 618 620 -1
620 33.5 -185.5 1069.5 619 621 -1
621 34.0 -185.5 1069.0 620 622 -1
622 34.0 -186.0 1068.5 621 623 -1
623 34.5 -185.5 1068.0 622 624 -1
624 35.0 -186.0 1067.5 623 625 -1
625 35.0 -186.0 1067.0 624 626 -1
626 35.5 -186.0 1066.5 625 627 -1
627 35.5 -186.0 1066.0 626 628 -1
628 36.0 -186.0 1065.5 627 629 -1
629 36.0 -186.0 1065.0 628 630 -1
630 36.5 -186.0 1064.5 629 631 -1
631 37.0 -186.0 1064.0 630 632 -1
632 37.0 -186.0 1063.5 631 633 -1
633 37.5 -186.0 1063.0 632 634 -1
634 37.5 -186.0 1062.5 633 635 -1
635 38.0 -186.0 1062.0 634 636 -1
636 38.0 -186.0 1061.5 635 637 -1
637 38.5 -186.0 1061.0 636 638 -1
638 39.0 -186.0 1060.5 637 639 -1
639 39.0 -186.0 1060.0 638 640 -1
640 39.0 -186.5 1059.5 639 641 -1
641 39.5 -186.5 1059.0 640 642 -1
642 39.5 -186.5 1058.5 641 643 -1
643 40.0 -186.5 1058.0 642 644 -1
644 40.5 -186.5 1057.5 643 645 -1
645 40.5 -186.5 1057.0 644 646 -1
646 41.0 -186.5 1056.5 645 647 -1
647 41.5 -186.5 1056.0 646 648 -1
648 41.5 -186.5 1055.5 647 649 -1
649 42.0 -186.5 1055.0 648 650 -1
650 42.0 -187.0 1054.5 649 651 -1
651 42.5 -186.5 1054.0 650 652 -1
652 43.0 -186.5 1053.5 651 653 -1
653 43.0 -186.5 1053.0 652 654 -1
654 43.0 -187.0 1052.5 653 655 -1
655 43.5 -186.5 1052.0 654 656 -1
656 43.5 -187.0 1051.5 655 657 -1
657 43.5 -187.5 1051.0 656 658 -1
658 44.0 -187.0 1050.5 657 659 -1
659 44.0 -187.5 1050.0 658 -1 -1
