0 64.0 -13.5 930.0 -1 1 -1
1 63.89554169090485 -13.350163736838892 930.083605794192 0 2 -1
2 63.7893107121511 -13.201011425382763 930.1664569767835 1 3 -1
3 63.68142900155832 -13.052659907448803 930.2486101112991 2 4 -1
4 63.57185409238633 -12.905185846571436 930.3300994562604 3 5 -1
5 63.46062953417399 -12.758623196561723 930.4109959331277 4 6 -1
6 63.347750675376865 -12.613032416538246 930.4913541598406 5 7 -1
7 63.2332027552855 -12.468483615478775 930.5712301564909 6 8 -1
8 63.11703042750108 -12.325010837141772 930.650699084468 7 9 -1
9 62.99919265471979 -12.18270789239576 930.729818542506 8 10 -1
10 62.87975358501949 -12.041596832691082 930.8086710814844 9 11 -1
11 62.75867458870942 -11.901778452322942 930.8873250201179 10 12 -1
12 62.63601310714973 -11.763281369496962 930.9658643917348 11 13 -1
13 62.511757992274944 -11.626192735376994 931.0443697832818 12 14 -1
14 62.38593768639839 -11.490570060369626 931.1229281952019 13 15 -1
15 62.258589378340055 -11.356462968418766 931.2016263939208 14 16 -1
16 62.129695377137914 -11.223982640772173 931.2805630477105 15 17 -1
17 61.999321143020055 -11.093157297130421 931.3598278965746 16 18 -1
18 61.867493596029874 -10.96405774173822 931.4395176231853 17 19 -1
19 61.734219416940356 -10.836788257369005 931.5197429962709 18 20 -1
20 61.5995565413852 -10.711394773394806 931.6006005514834 19 21 -1
21 61.46354745327801 -10.58794581986931 931.6821935098392 20 22 -1
22 61.32623470633265 -10.466516074199012 931.7646287895134 21 23 -1
23 61.18765235795778 -10.347204394038492 931.8480265675576 22 24 -1
24 61.04786452272795 -10.230068649339549 931.9324897136196 23 25 -1
25 60.90693173643974 -10.11517801364628 932.0181253405318 24 26 -1
26 60.76491559599437 -10.002608320860405 932.1050437224789 25 27 -1
27 60.62188290704455 -9.892435088366055 932.1933546355795 26 28 -1
28 60.47790578374648 -9.784733185885067 932.2831666896693 27 29 -1
29 60.333058455632525 -9.679587337665106 932.3745937388946 28 30 -1
30 60.187425553453885 -9.577068310015191 932.4677394678846 29 31 -1
31 60.0410984260061 -9.477236993451687 932.5626983707803 30 32 -1
32 59.89417027497595 -9.380161733178186 932.6595670110479 31 33 -1
33 59.7467392938374 -9.285907980205483 932.758437025047 32 34 -1
34 59.598908372564814 -9.194537722078898 932.8593943265752 33 35 -1
35 59.45078470889461 -9.106108888996726 932.9625183296237 34 36 -1
36 59.30247932235654 -9.020674744767385 933.0678812051452 35 37 -1
37 59.154099424251505 -8.938279448377942 933.1755346652171 36 38 -1
38 59.00570611695489 -8.858936476058975 933.285439502878 37 39 -1
39 58.85733811506952 -8.782663648941465 933.3975305013579 38 40 -1
40 58.709032095352434 -8.709446600145615 933.5117213316875 39 41 -1
41 58.5608227381029 -8.639276715305689 933.627932740698 40 42 -1
42 58.41274312167437 -8.572149097115298 933.7460903369297 41 43 -1
43 58.26482475162752 -8.508057793967447 933.8661211245882 42 44 -1
44 58.11709763395878 -8.446995964208911 933.987953544032 43 45 -1
45 57.96959035075597 -8.388956030350613 934.1115174983197 44 46 -1
46 57.822331679277546 -8.333946730448474 934.2367533322855 45 47 -1
47 57.67534812081763 -8.28196024875538 934.3635932373724 46 48 -1
48 57.52866312350044 -8.232971350553711 934.4919625100247 47 49 -1
49 57.382300354376845 -8.186970840319379 934.6217968770121 48 50 -1
50 57.23628244470343 -8.143949407126259 934.7530334962465 49 51 -1
51 57.09063106589841 -8.103897720918877 934.8856109256635 50 52 -1
52 56.94537259877581 -8.066846905507319 935.0194857513793 51 53 -1
53 56.80052238649082 -8.03274999744217 935.1545819797357 52 54 -1
54 56.65609950487543 -8.001596896775972 935.2908415603919 53 55 -1
55 56.51212251175985 -7.973378968616687 935.4282081778362 54 56 -1
56 56.36861164291831 -7.948101751378639 935.5666314062156 55 57 -1
57 56.2255880707772 -7.925777633201374 935.7060629921102 56 58 -1
58 56.08306351996675 -7.9063662424448085 935.8464380776073 57 59 -1
59 55.94105450006501 -7.889860555460664 935.987704632717 58 60 -1
60 55.7995783167418 -7.8762601645664905 936.1298132275492 59 61 -1
61 55.65865880673266 -7.865599371473929 936.2727235720208 60 62 -1
62 55.51830327164581 -7.85782745478148 936.4163730492758 61 63 -1
63 55.378527100281595 -7.852939524503188 936.5607129427813 62 64 -1
64 55.239348709994 -7.850946258450239 936.7056983063165 63 65 -1
65 55.10078930034108 -7.851870527250159 936.8512859536619 64 66 -1
66 54.96285558628668 -7.855668645511915 936.9974199079803 65 67 -1
67 54.82556262833486 -7.862338059909959 937.1440537515015 66 68 -1
68 54.6889344483125 -7.871914932481508 937.2911468725971 67 69 -1
69 54.552982990504034 -7.8843817445327025 937.4386496794701 68 70 -1
70 54.41771870770391 -7.899716610420551 937.5865134749841 69 71 -1
71 54.28315973993511 -7.917930173893429 937.7346941632411 70 72 -1
72 54.14933225292703 -7.939063207114938 937.883149352953 71 73 -1
73 54.01623961868169 -7.963065438169821 938.0318286052421 72 74 -1
74 53.883895786403585 -7.989921331887438 938.1806883749769 73 75 -1
75 53.75232545162645 -8.019642647031155 938.3296893498623 74 76 -1
76 53.621526575796075 -8.052144546145627 938.4787887340208 75 77 -1
77 53.491503596500856 -8.087372740186428 938.6279476874994 76 78 -1
78 53.36227364243151 -8.125320227428158 938.7771289905763 77 79 -1
79 53.23383844542183 -8.165929863803967 938.9262956032335 78 80 -1
80 53.10619424135924 -8.209131756360312 939.0754130051713 79 81 -1
81 52.979353375281654 -8.254912157127059 939.2244467545518 80 82 -1
82 52.85331773852482 -8.303225869194284 939.3733638097956 81 83 -1
83 52.728077935253935 -8.35399688689795 939.5221347789468 82 84 -1
84 52.60364465599344 -8.407214319916603 939.6707275941359 83 85 -1
85 52.48001521155033 -8.462828649130433 939.8191133923232 84 86 -1
86 52.35717776864783 -8.52076725801193 939.9672675413346 85 87 -1
87 52.235144753819704 -8.581030994716906 940.1151588398154 86 88 -1
88 52.11390355116421 -8.643550387719984 940.2627646650226 87 89 -1
89 51.99344339551993 -8.708265131804353 940.4100636842326 88 90 -1
90 51.873781813605056 -8.775195613714708 940.5570231338576 89 91 -1
91 51.75489081236643 -8.844238242939186 940.7036303587139 90 92 -1
92 51.636773371734336 -8.915377487460567 940.8498601727557 91 93 -1
93 51.51942776869364 -8.988586229183362 940.9956893898997 92 94 -1
94 51.402832966771136 -9.063788143464993 941.1411061291205 93 95 -1
95 51.28700241315366 -9.140999986556407 941.2860797056773 94 96 -1
96 51.17191007971296 -9.220136350538656 941.4306026955263 95 97 -1
97 51.05755608563144 -9.301182225852159 941.5746529304564 96 98 -1
98 50.94393394686178 -9.38410667418764 941.7182122429751 97 99 -1
99 50.831024457367626 -9.468848024451148 941.8612720839714 98 100 -1
100 50.718837826482485 -9.555420761035284 942.0038031112709 99 101 -1
101 50.607343266076775 -9.64373698630735 942.1458065696908 100 102 -1
102 50.49655080543801 -9.733813058844714 942.2872531157502 101 103 -1
103 50.38643620901584 -9.825580574581759 942.428140593863 102 104 -1
104 50.27699864039575 -9.919030894930687 942.5684483381559 103 105 -1
105 50.16822529999502 -10.01412665579886 942.7081657520396 104 106 -1
106 50.060104489954675 -10.1108344212144 942.8472819685967 105 107 -1
107 49.95263270289623 -10.209141958688718 942.9857784029831 106 108 -1
108 49.845789544898906 -10.308996451688675 943.1236532017996 107 109 -1
109 49.73957889675502 -10.410405748009124 943.2608803615954 108 110 -1
110 49.63397356442351 -10.513302214788245 943.3974661882903 109 111 -1
111 49.528983165965414 -10.617709541092914 943.5333778786361 110 112 -1
112 49.42457616932443 -10.723551114543351 943.6686280507926 111 113 -1
113 49.320764008888325 -10.830856767685509 943.8031806724401 112 114 -1
114 49.21751570947374 -10.939552690927094 943.9370494853483 113 115 -1
115 49.11483947281396 -11.049662388043991 944.0702010089499 114 116 -1
116 49.01270860842193 -11.16112383641832 944.2026453841736 115 117 -1
117 48.911127422895234 -11.273952481733593 944.3343528253174 116 118 -1
118 48.8100727812476 -11.388096182909877 944.4653301586378 117 119 -1
119 48.70954575223169 -11.503563817268315 944.5955508915566 118 120 -1
120 48.60952625167031 -11.620311820361232 944.7250186345062 119 121 -1
121 48.51001253976748 -11.738343410712575 944.8537100041403 120 122 -1
122 48.410987285370496 -11.857622853093668 944.9816252593439 121 123 -1
123 48.312446162121844 -11.97814807955991 945.1087442050161 122 124 -1
124 48.21437448023533 -12.099890953987199 945.2350633316985 123 125 -1
125 48.11676536492023 -12.222843996614685 945.3605660192043 124 126 -1
126 48.0196068188022 -12.346986920543966 945.4852442450841 125 127 -1
127 47.922889298653224 -12.47230624720185 945.609085703889 126 128 -1
128 47.82660368765243 -12.598790235463524 945.7320767395794 127 129 -1
129 47.73073752358961 -12.7264183917753 945.8542105017257 128 130 -1
130 47.63528486802248 -12.855188633198345 945.9754661536545 129 131 -1
131 47.540229987803286 -12.985072034873479 946.0958438908962 130 132 -1
132 47.44557050146497 -13.116077672885327 946.2153136686619 131 133 -1
133 47.35128698196157 -13.248166400341537 946.3338848242566 132 134 -1
134 47.25738103401006 -13.381360317056886 946.4515155382278 133 135 -1
135 47.163830636745175 -13.515612645496374 946.5682227162905 134 136 -1
136 47.070637141956986 -13.650946514590153 946.6839622945544 135 137 -1
137 46.977781495895165 -13.78732383932526 946.7987445934804 136 138 -1
138 46.885259642170894 -13.924752785422843 946.9125379233908 137 139 -1
139 46.793059272193226 -14.06321642055176 947.0253334537739 138 140 -1
140 46.701169389577636 -14.20270180361936 947.1371189991288 139 141 -1
141 46.60958477563879 -14.343216054647522 947.2478616128345 140 142 -1
142 46.51828865910492 -14.484727275946186 947.3575681241621 141 143 -1
143 46.42727867360194 -14.62725391866793 947.4661925574604 142 144 -1
144 46.33653921330905 -14.770768239272302 947.5737374337696 143 145 -1
145 46.24606136752085 -14.915266258253133 947.6801799379226 144 146 -1
146 46.155838600108964 -15.060754498473857 947.7854839687838 145 147 -1
147 46.065855813091936 -15.207206161433803 947.8896516947818 146 148 -1
148 45.9761065306675 -15.354629078084661 947.9926442533365 147 149 -1
149 45.88658024370292 -15.503015818079781 948.0944397267613 148 150 -1
150 45.797264350059876 -15.652349279462193 948.1950284249994 149 151 -1
151 45.70815145647606 -15.80263641627118 948.2943691346045 150 152 -1
152 45.61923083365656 -15.953870103326011 948.3924373874254 151 153 -1
153 45.530490404807274 -16.10603537471339 948.4892193325954 152 154 -1
154 45.441923519848125 -16.25912357081979 948.5846961203824 153 155 -1
155 45.35352902147353 -16.41312397208368 948.6788566056302 154 156 -1
156 45.265300482887035 -16.56799726106094 948.7717322374596 155 157 -1
157 45.17723391652591 -16.723719427607683 948.8633335076197 156 158 -1
158 45.08932509739011 -16.880267540688056 948.9536698859212 157 159 -1
159 45.00157052872565 -17.03762496760509 949.0427412819437 158 160 -1
160 44.91396232686349 -17.195754589230923 949.130580637823 159 161 -1
161 44.826494294953775 -17.354630610334937 949.2172044511992 160 162 -1
162 44.73915968855772 -17.514226902381495 949.3026306691481 161 163 -1
163 44.651951412420814 -17.67451813776226 949.3868767807653 162 164 -1
164 44.5648625260954 -17.83548293776384 949.4699540672121 163 165 -1
165 44.47788332597673 -17.997087102500075 949.5518972410187 164 166 -1
166 44.39100495492801 -18.159303774753624 949.6327296216871 165 167 -1
167 44.30421805398505 -18.322106006978775 949.712475780092 166 168 -1
168 44.217512776340214 -18.485466802757713 949.7911614912524 167 169 -1
169 44.130878802801845 -18.64935915523325 949.868813685195 168 170 -1
170 44.044305591744845 -18.813758350113815 949.9454557568791 169 171 -1
171 43.957781713852334 -18.97863651685096 950.021118393688 170 172 -1
172 43.87129530543802 -19.14396488294729 950.0958355930316 171 173 -1
173 43.784834343502645 -19.309716770772013 950.1696383398365 172 174 -1
174 43.698386428146705 -19.47586563304039 950.2425585124863 173 175 -1
175 43.61193880462253 -19.642385072673505 950.3146288284024 174 176 -1
176 43.52547838616148 -19.80924885969787 950.385882789527 175 177 -1
177 43.438991777487395 -19.976430945283266 950.4563546278988 176 178 -1
178 43.352465298930966 -20.14390547303647 950.5260792514822 177 179 -1
179 43.265884785763774 -20.31164758261851 950.5950899625591 178 180 -1
180 43.17923595050614 -20.479631485085942 950.66342348367 179 181 -1
181 43.09250457248536 -20.647831152833795 950.7311185698613 180 182 -1
182 43.005676083736994 -20.816221578585044 950.7982122817003 181 183 -1
183 42.918735758113826 -20.984777964735432 950.8647420960543 182 184 -1
184 42.831668737519564 -21.153475721422893 950.930745855796 183 185 -1
185 42.7444600583081 -21.322290462966087 950.9962617203556 184 186 -1
186 42.65709467780596 -21.491198002853714 951.061328117142 185 187 -1
187 42.5695569391431 -21.66017543077921 951.125980092437 186 188 -1
188 42.481822724849856 -21.829216244256852 951.1901985548496 187 189 -1
189 42.39386086140717 -21.998327495711795 951.2539181723192 188 190 -1
190 42.305638893828714 -22.167516610439545 951.3170689072031 189 191 -1
191 42.21712606190867 -22.33678999197649 951.3795835284978 190 192 -1
192 42.12829198888541 -22.5061533850419 951.4413946346747 191 193 -1
193 42.03910600929275 -22.67561199275626 951.5024330787986 192 194 -1
194 41.94953768578766 -22.84517025433632 951.5626289822217 193 195 -1
195 41.859556831867366 -23.014831768759517 951.6219116636556 194 196 -1
196 41.76913353939873 -23.18459921484468 951.680209574493 195 197 -1
197 41.67823821136502 -23.35447426758631 951.7374502411338 196 198 -1
198 41.586841600229896 -23.5244575106386 951.7935602151694 197 199 -1
199 41.494914852306366 -23.694548344916754 951.8484650323581 198 200 -1
200 41.40242955850165 -23.864744893361944 951.9020891814287 199 201 -1
201 41.30935781178228 -24.035043902012163 951.9543560838291 200 202 -1
202 41.21567170672493 -24.205440718286795 952.005186750632 201 203 -1
203 41.121343115535154 -24.37592917200383 952.0544990015826 202 204 -1
204 41.02634803165677 -24.54650092728377 952.1022176678159 203 205 -1
205 40.930661304997294 -24.7171461575873 952.1482620162958 204 206 -1
206 40.834258682225546 -24.88785312425752 952.1925503517667 205 207 -1
207 40.73711690839375 -25.058608065397713 952.2350000890102 206 208 -1
208 40.63921383598415 -25.229395085733188 952.2755278458188 207 209 -1
209 40.540528541054904 -25.40019604883432 952.3140495581965 208 210 -1
210 40.441041445994536 -25.57099047329059 952.3504806192307 209 211 -1
211 40.34073444821005 -25.741755434641302 952.3847360429776 210 212 -1
212 40.239591053868665 -25.912465475085828 952.4167306545447 211 213 -1
213 40.13759651559131 -26.08309252320462 952.4463793073397 212 214 -1
214 40.03473797275855 -26.253605826117706 952.4735971281771 213 215 -1
215 39.93100459284263 -26.423971896677166 952.498299790591 214 216 -1
216 39.82638771192594 -26.594154478427637 952.5204038162826 215 217 -1
217 39.72088097231598 -26.76411453115924 952.5398269041457 216 218 -1
218 39.61448045492712 -26.93381023991104 952.5564882857547 217 219 -1
219 39.50718535337907 -27.103197229172817 952.5703113982254 218 220 -1
220 39.39900960868678 -27.27223307716325 952.5812739646436 219 221 -1
221 39.28998145725343 -27.440880418535837 952.5894134897861 220 222 -1
222 39.18012948112236 -27.609103981779956 952.5947726730666 221 223 -1
223 39.06948167560128 -27.776870362591566 952.5973957019786 222 224 -1
224 38.95806539148367 -27.94414802286908 952.5973280634844 223 225 -1
225 38.845907284844074 -28.110907279253986 952.5946163613719 224 226 -1
226 38.733033274145505 -28.277120282200755 952.5893081405126 225 227 -1
227 38.619468504340816 -28.442760986570345 952.5814517187879 226 228 -1
228 38.50523731760486 -28.607805114735694 952.5710960272962 227 229 -1
229 38.39036062553776 -28.77222742053361 952.5582803748865 228 230 -1
230 38.274863350138475 -28.936008953075273 952.5430628531261 229 231 -1
231 38.15876758632832 -29.099130695804195 952.5254944174343 230 232 -1
232 38.04209429599989 -29.2615749373424 952.5056250592677 231 233 -1
233 37.92486357681775 -29.423325472707834 952.483504726318 232 234 -1
234 37.80709466354185 -29.584367540511032 952.4591832170217 233 235 -1
235 37.688805932993915 -29.744687758459627 952.4327100841795 234 236 -1
236 37.57001491224826 -29.90427405778935 952.4041345474453 235 237 -1
237 37.450738289645365 -30.063115617179918 952.3735054144023 236 238 -1
238 37.330990611628465 -30.221200584910466 952.3408653400194 237 239 -1
239 37.210785173275234 -30.378517059003624 952.3062543411246 238 240 -1
240 37.09013931094273 -30.535062511508418 952.2697327838773 239 241 -1
241 36.96906651027062 -30.69083046703437 952.231347256312 240 242 -1
242 36.847579501873646 -30.845815377219616 952.1911436562476 241 243 -1
243 36.725690282115124 -31.000012559829425 952.1491671555922 242 244 -1
244 36.60340856915163 -31.15341486491697 952.1054552350109 243 245 -1
245 36.48074303222536 -31.306014706371563 952.0600429904806 244 246 -1
246 36.35770710267047 -31.457816791942285 952.0129888615326 245 247 -1
247 36.23431004872153 -31.608819358112882 951.9643349274984 246 248 -1
248 36.11056051329061 -31.759021233990957 951.9141224414434 247 249 -1
249 35.98646348313162 -31.908414522348433 951.8623784315417 248 250 -1
250 35.86202703393545 -32.05700012210964 951.8091454320543 249 251 -1
251 35.73726050317536 -32.2047840948632 951.7544730552588 250 252 -1
252 35.61217023512222 -32.35176720842715 951.6983992641258 251 253 -1
253 35.48675939472674 -32.497943805452245 951.6409498990481 252 254 -1
254 35.36103277870536 -32.643313699992724 951.5821594823918 253 255 -1
255 35.23499839919192 -32.78788671206998 951.5220772286 254 256 -1
256 35.10866062005853 -32.931664917336526 951.4607378759059 255 257 -1
257 34.98201866429405 -33.07463808438755 951.3981565234706 256 258 -1
258 34.85507922541974 -33.21681706981787 951.3343800282973 257 259 -1
259 34.72784681841371 -33.35820845374768 951.2694467860501 258 260 -1
260 34.60032186485992 -33.49880903212108 951.2033800022645 259 261 -1
261 34.47250464003727 -33.63861630437065 951.1362038303276 260 262 -1
262 34.34440122023433 -33.77764472336651 951.0679648027428 261 263 -1
263 34.21601226523675 -33.915895125716844 950.9986894314198 262 264 -1
264 34.0873339413083 -34.053357134891606 950.9283896295307 263 265 -1
265 33.95837290399056 -34.19004995476244 950.8571148528437 264 266 -1
266 33.8291292714507 -34.32597588343463 950.7848914798286 265 267 -1
267 33.699596976976885 -34.46112145779299 950.7117269234964 266 268 -1
268 33.56978246897789 -34.5955079017423 950.6376697638266 267 269 -1
269 33.43968467950136 -34.729136847838745 950.5627439793386 268 270 -1
270 33.30929684966344 -34.861995729823505 950.4869578522706 269 271 -1
271 33.17862457886748 -34.994105504019856 950.4103565157925 270 272 -1
272 33.04766507723499 -35.12546548590295 950.33296027408 271 273 -1
273 32.91641216075744 -35.25606711472656 950.2547816264484 272 274 -1
274 32.78487005030955 -35.38592926435889 950.175860733903 273 275 -1
275 32.6530337972609 -35.51504776530356 950.0962137710293 274 276 -1
276 32.52089881357173 -35.64342026090546 950.0158591192122 275 277 -1
277 32.38846750957248 -35.77106221278839 949.9348313125945 276 278 -1
278 32.255732445651404 -35.897965280202385 949.8531425961637 277 279 -1
279 32.12269140177715 -36.02413458704879 949.7708175405153 278 280 -1
280 31.98934464411389 -36.14958133862041 949.6878851026244 279 281 -1
281 31.85568203402301 -36.274292810395394 949.6043542978896 280 282 -1
282 31.721704210968966 -36.398281963468456 949.5202551462811 281 283 -1
283 31.58740907692148 -36.52155538186812 949.4356116242374 282 284 -1
284 31.452783742853637 -36.644096208581765 949.350430569678 283 285 -1
285 31.317831860815925 -36.76592468760245 949.2647459636617 284 286 -1
286 31.182547507152552 -36.887039970553985 949.1785758908554 285 287 -1
287 31.04691934254897 -37.00743052064995 949.0919319885381 286 288 -1
288 30.910949612214647 -37.12711366332935 949.0048445406102 287 289 -1
289 30.77462777982168 -37.24608789808897 948.9173371402995 288 290 -1
290 30.63792907665348 -37.364363019315704 948.8294706554506 289 291 -1
291 30.500835289995507 -37.481973310269254 948.7413277367062 290 292 -1
292 30.363317290488876 -37.598934541414444 948.652982168585 291 293 -1
293 30.225344543753287 -37.71526356426279 948.5645109969491 292 294 -1
294 30.086897235773698 -37.830991874187326 948.4759933811753 293 295 -1
295 29.947944799792232 -37.94613686238767 948.3875065256693 294 296 -1
296 29.808452231953837 -38.0607134096855 948.2991317239919 295 297 -1
297 29.668399587375962 -38.174752034190774 948.2109472105649 296 298 -1
298 29.527757425165735 -38.288272771166596 948.1230331313034 297 299 -1
299 29.38648323680344 -38.40128634906988 948.0354797774493 298 300 -1
300 29.244557155348847 -38.51382193754577 947.9483662494937 299 301 -1
301 29.101948978401587 -38.62589944813755 947.8617777515773 300 302 -1
302 28.958624490096454 -38.73753625872209 947.7758048532279 301 303 -1
303 28.814543476935214 -38.84874703253411 947.6905473947375 302 304 -1
304 28.66968393475787 -38.95955607967634 947.606090017173 303 305 -1
305 28.52401323014019 -39.06998082703254 947.5225293701735 304 306 -1
306 28.37749853349606 -39.1800381340982 947.4399655497822 305 307 -1
307 28.230100269686282 -39.289741762893684 947.3585112541676 306 308 -1
308 28.08178801235761 -39.39910859730047 947.2782724396143 307 309 -1
309 27.932533949982854 -39.50815503962114 947.1993550826137 308 310 -1
310 27.78230474212028 -39.61689566074978 947.1218794925225 309 311 -1
311 27.631059945055767 -39.725349452653745 947.0459944506545 310 312 -1
312 27.478757016653397 -39.833536065595304 946.9718649872591 311 313 -1
313 27.32535489461475 -39.941473254889246 946.8996638578208 312 314 -1
314 27.170814561444168 -40.04917656274604 946.8295719314754 313 315 -1
315 27.01509967588463 -40.156658975849005 946.761778596247 314 316 -1
316 26.858177302558776 -40.26393053950325 946.6964820919377 315 317 -1
317 26.70001874683551 -40.3709979273959 946.633889746508 316 318 -1
318 26.54060050006252 -40.477863967470164 946.5742180874895 317 319 -1
319 26.379905297473602 -40.58452712638526 946.517692795537 318 320 -1
320 26.217923287085025 -40.6909809575894 946.4645484629522 319 321 -1
321 26.054653302549713 -40.797213521230866 946.415028116202 320 322 -1
322 25.890104226069916 -40.90320678800669 946.3693824586393 321 323 -1
323 25.724296419001856 -41.00893604356836 946.327868788372 322 324 -1
324 25.557263187745622 -41.11436931516969 946.2907495472847 323 325 -1
325 25.389052241117515 -41.21946684764622 946.2582904613947 324 326 -1
326 25.21972592026606 -41.32417408485243 946.2307410517961 325 327 -1
327 25.04939461109794 -41.42841791344042 946.2080590491687 326 328 -1
328 24.878176211690008 -41.53212714592236 946.1900952289368 327 329 -1
329 24.70617725144535 -41.635235466412965 946.1767071871418 328 330 -1
330 24.533495878570843 -41.737682067457705 946.1677472850879 329 331 -1
331 24.36021913998183 -41.83940719738905 946.1630854497049 330 332 -1
332 24.18643755813328 -41.94037359325193 946.1624926284296 331 333 -1
333 24.01222522413308 -42.04054338040386 946.1657824163087 332 334 -1
334 23.837647129826653 -42.139884586085486 946.1727658180723 333 335 -1
335 23.662756959778427 -42.23836240547432 946.1832834950338 334 336 -1
336 23.48760700167347 -42.33596883472388 946.1970892509838 335 337 -1
337 23.312236798894546 -42.43269094198081 946.2139817866197 336 338 -1
338 23.13667811033952 -42.52852087049835 946.2337593710502 337 339 -1
339 22.96095400993777 -42.6234470087414 946.2562439655482 338 340 -1
340 22.785083345294005 -42.71747635433755 946.2812146719715 339 341 -1
341 22.609077731234283 -42.81061612757004 946.3084656680257 340 342 -1
342 22.43294259520185 -42.90287410439341 946.3378011857437 341 343 -1
343 22.256678191087435 -42.99426079172234 946.3690280144976 342 344 -1
344 22.080279032470024 -43.08478248287853 946.4019674338716 343 345 -1
345 21.903737197197714 -43.174458984558996 946.4364201312563 344 346 -1
346 21.727040797815985 -43.26330882573128 946.472197329645 345 347 -1
347 21.550174485702453 -43.351349659702485 946.5091172108005 346 348 -1
348 21.373120237885644 -43.43860010951967 946.5470005481968 347 349 -1
349 21.1958577910942 -43.52507950113375 946.5856705169227 348 350 -1
350 21.018364196639546 -43.61080513928197 946.6249539571822 349 351 -1
351 20.84061540564291 -43.6957964984458 946.6646767297051 350 352 -1
352 20.662587937055306 -43.78007712835296 946.7046650337122 351 353 -1
353 20.484256563563477 -43.86366689612251 946.7447492328018 352 354 -1
354 20.305596644958634 -43.94658475364614 946.7847658817124 353 355 -1
355 20.126606813068868 -44.02883384661002 946.8246882867131 354 356 -1
356 19.94731343771546 -44.11039914650676 946.8646515063572 355 357 -1
357 19.76774492712206 -44.19126485325137 946.9048006789772 356 358 -1
358 19.58792992174555 -44.271414934709384 946.9452801937773 357 359 -1
359 19.40789718287907 -44.35083108361462 946.9862355192449 358 360 -1
360 19.227678378301775 -44.429502234485874 947.0278055016258 359 361 -1
361 19.047304958764393 -44.507413613380066 947.070128718018 360 362 -1
362 18.86680967526244 -44.584550512022616 947.1133413752776 361 363 -1
363 18.686226761572467 -44.66089824102872 947.1575769877052 362 364 -1
364 18.50559209491501 -44.73644209709508 947.2029660425939 363 365 -1
365 18.324943331521915 -44.81116734480381 947.2496356530243 364 366 -1
366 18.144320013895616 -44.88505921355611 947.297709198004 365 367 -1
367 17.96376364660728 -44.95810291000927 947.3473059508385 366 368 -1
368 17.783317737610684 -45.03028364622171 947.3985406974351 367 369 -1
369 17.603027802261455 -45.10158668351423 947.4515233471055 368 370 -1
370 17.42294132754352 -45.171997391829635 947.5063585392871 369 371 -1
371 17.243107663291504 -45.24150133608277 947.5631451392995 370 372 -1
372 17.06356134972333 -45.310090649865664 947.6219185492669 371 373 -1
373 16.884282029810322 -45.37777874235711 947.6825238845156 372 374 -1
374 16.70523339520648 -45.444584616273836 947.7447684538927 373 375 -1
375 16.526376120366706 -45.51052776848237 947.8084666491952 374 376 -1
376 16.34766841204706 -45.57562792104573 947.8734394329872 375 377 -1
377 16.16906648156638 -45.63990479489668 947.9395137737982 376 378 -1
378 15.99052505867955 -45.703370778161506 948.0065290127213 377 379 -1
379 15.811996489009616 -45.76605187052282 948.0743129195056 378 380 -1
380 15.633433089733895 -45.82796690719743 948.1427065104536 379 381 -1
381 15.45478654312902 -45.889134057274504 948.2115545139078 380 382 -1
382 15.27600812882568 -45.94957078650889 948.2807046994266 381 383 -1
383 15.097048935348232 -46.009293777342194 948.3500072816593 382 384 -1
384 14.917857423770919 -46.06831247689305 948.4193129309646 383 385 -1
385 14.738385356640874 -46.12664607431939 948.4884724424995 384 386 -1
386 14.558585122470882 -46.18431082438421 948.5573397751051 385 387 -1
387 14.378408939860142 -46.2413196947909 948.6257691207702 386 388 -1
388 14.197815908471167 -46.29768269261754 948.6936322751658 387 389 -1
389 14.016791003920076 -46.35339619503432 948.7608783161086 388 390 -1
390 13.835330930156626 -46.40845733038157 948.8274857175641 389 391 -1
391 13.653435963318639 -46.4628681198547 948.8934380514983 390 392 -1
392 13.471103596120855 -46.51662598639749 948.9587145349624 391 393 -1
393 13.288331551508213 -46.56972827696736 949.023294323239 392 394 -1
394 13.105115346730454 -46.6221686217809 949.0871524375731 393 395 -1
395 12.921451886094879 -46.673942267211956 949.1502653616643 394 396 -1
396 12.737343314222427 -46.72505181188531 949.2126180268845 395 397 -1
397 12.552788372858439 -46.775494324151786 949.2741893582811 396 398 -1
398 12.367786077749553 -46.825266811958834 949.3349582346377 397 399 -1
399 12.182332977052642 -46.874362079103435 949.3948983072584 398 400 -1
400 11.9964277696506 -46.92277561440343 949.4539862417322 399 401 -1
401 11.810073959730236 -46.97050966951386 949.5122074146958 400 402 -1
402 11.62327176217864 -47.01756104541862 949.5695405676324 401 403 -1
403 11.436021710958322 -47.06392650367001 949.6259644279951 402 404 -1
404 11.248320899112862 -47.109596914853775 949.6814496608065 403 405 -1
405 11.060171561670968 -47.154570445556224 949.7359766033694 404 406 -1
406 10.87157799046912 -47.19884797624954 949.7895296716556 405 407 -1
407 10.682542098542367 -47.24242615585701 949.8420876190416 406 408 -1
408 10.493066161213395 -47.28530162082153 949.8936292358562 407 409 -1
409 10.303147233588646 -47.32746186323784 949.944119712331 408 410 -1
410 10.112793014201412 -47.368910885766965 949.99354848542 409 411 -1
411 9.92200789537516 -47.409646876942205 950.0418968112438 410 412 -1
412 9.730795696138106 -47.44966647934745 950.0891437462087 411 413 -1
413 9.539158831805812 -47.48896323784695 950.135263522797 412 414 -1
414 9.347099040767336 -47.52752859541498 950.1802267993529 413 415 -1
415 9.154626156260388 -47.56536739905951 950.2240256571985 414 416 -1
416 8.961745649141822 -47.60247640986089 950.2666396672776 415 417 -1
417 8.768463411995645 -47.63885244040762 950.3080485837862 416 418 -1
418 8.574781899971397 -47.67448187276742 950.3482226654253 417 419 -1
419 8.380720592727762 -47.7093712836996 950.3871953044941 418 420 -1
420 8.1862958553871 -47.74352019408171 950.4249948244285 419 421 -1
421 7.991522713859412 -47.77692668261509 950.4616469715147 420 422 -1
422 7.796412034209161 -47.80958035260278 950.4971649050974 421 423 -1
423 7.600980000267748 -47.84148343148463 950.5315810184558 422 424 -1
424 7.405242102376288 -47.87263856968342 950.5649274850928 423 425 -1
425 7.209211419299909 -47.90304413065214 950.5972298636202 424 426 -1
426 7.012897548499459 -47.932689981246604 950.6285023824548 425 427 -1
427 6.816314220100346 -47.961577797819636 950.6587755602906 426 428 -1
428 6.619475076657018 -47.98971112518989 950.6880815829687 427 429 -1
429 6.422391455300349 -48.0170884449131 950.7164456406246 428 430 -1
430 6.225071209286593 -48.04369769594591 950.7438804441313 429 431 -1
431 6.027527196319099 -48.069543940713054 950.7704196109174 430 432 -1
432 5.829770742582384 -48.094629406735436 950.7960925313839 431 433 -1
433 5.631811660384928 -48.11895254728804 950.8209239252942 432 434 -1
434 5.433655964570437 -48.14249734094589 950.8449234791764 433 435 -1
435 5.235316467265033 -48.16527593375329 950.8681309362006 434 436 -1
436 5.036802100228253 -48.18728716326654 950.8905711625663 435 437 -1
437 4.838120448011399 -48.208524827447484 950.9122641818193 436 438 -1
438 4.639278628116568 -48.228980661445064 950.9332287436087 437 439 -1
439 4.440286910440457 -48.248663662520975 950.9534992829049 438 440 -1
440 4.241152956726688 -48.2675719390903 950.9730996443683 439 441 -1
441 4.0418823974773765 -48.28569260729183 950.9920448511377 440 442 -1
442 3.8424836297757525 -48.303029451587165 951.0103641074886 441 443 -1
443 3.642964441308139 -48.31958524650099 951.0280850053316 442 444 -1
444 3.4433312622470083 -48.33535561699209 951.0452294374668 443 445 -1
445 3.2435891548465805 -48.350326273317705 951.0618129468253 444 446 -1
446 3.043746472242636 -48.364508734151734 951.0778690033775 445 447 -1
447 2.8438093594881484 -48.37790045707582 951.0934207225555 446 448 -1
448 2.6437827724899075 -48.39048885661418 951.1084854457564 447 449 -1
449 2.4436730932137904 -48.402274444450846 951.1230889043384 448 450 -1
450 2.2434867246740935 -48.41326083127633 951.137257943734 449 451 -1
451 2.04322910897027 -48.42344369804062 951.1510147765481 450 452 -1
452 1.8429046638910256 -48.43280579980982 951.1643759893201 451 453 -1
453 1.642520064372151 -48.44135910854339 951.1773721850968 452 454 -1
454 1.4420805300031398 -48.44910018850849 951.1900260734911 453 455 -1
455 1.2415907134216302 -48.456016536934314 951.2023571261827 454 456 -1
456 1.0410559116781246 -48.46210548767978 951.2143892161145 455 457 -1
457 0.8404815961423074 -48.46737093216667 951.2261480569241 456 458 -1
458 0.639872713063533 -48.471808832858386 951.2376563185557 457 459 -1
459 0.4392337120479621 -48.47539920701427 951.2489328599672 458 460 -1
460 0.23857011300858197 -48.47815251315565 951.2600049888523 459 461 -1
461 0.03788680949491853 -48.48006513468034 951.2708956962065 460 462 -1
462 -0.16281139483352716 -48.48112770011852 951.2816270313485 461 463 -1
463 -0.36351958482378954 -48.48132814845496 951.2922213409626 462 464 -1
464 -0.5642326672949523 -48.48067327735236 951.3027037681638 463 465 -1
465 -0.7649457278987436 -48.47915786535224 951.3130973019075 464 466 -1
466 -0.9656537109337779 -48.47676825189449 951.3234246329341 465 467 -1
467 -1.1663514545579494 -48.473499140155425 951.3337096692783 466 468 -1
468 -1.3670339209806057 -48.46935273271062 951.3439763067408 467 469 -1
469 -1.567695945588882 -48.46432306791699 951.3542479570631 468 470 -1
470 -1.7683319525809604 -48.45839496335213 951.364548711294 469 471 -1
471 -1.9689369584160867 -48.45156440575667 951.3748939677484 470 472 -1
472 -2.169510409496886 -48.443831386489045 951.3852155446896 471 473 -1
473 -2.3700539117023762 -48.43518876197652 951.395396523298 472 474 -1
474 -2.5705686260914113 -48.42562302127095 951.4053156323316 473 475 -1
475 -2.771055292871485 -48.41512349550182 951.4148490197344 474 476 -1
476 -2.9715142206603424 -48.40369110601742 951.423878298472 475 477 -1
477 -3.1719444532880012 -48.39131747565251 951.4322812699431 476 478 -1
478 -3.3723438147033646 -48.377993976410096 951.4399343489629 477 479 -1
479 -3.5727081835308496 -48.363700215950054 951.4467004344939 478 480 -1
480 -3.77303239738078 -48.3484367797296 951.4524597186914 479 481 -1
481 -3.9733090882888296 -48.33219678822181 951.4570862209466 480 482 -1
482 -4.1735285315968085 -48.31497112340233 951.4604503677411 481 483 -1
483 -4.3736784380110745 -48.29675071015763 951.4624210206167 482 484 -1
484 -4.57374293810168 -48.27751957023572 951.4628539570604 483 485 -1
485 -4.773703563879345 -48.25727144568839 951.4616168097939 484 486 -1
486 -4.973538838950255 -48.23600291009775 951.4585818675941 485 487 -1
487 -5.1732230889691975 -48.21370609740204 951.4536128649924 486 488 -1
488 -5.3727265484689966 -48.19037375609345 951.4465727003235 487 489 -1
489 -5.572015062691589 -48.165999401560505 951.4373237501525 488 490 -1
490 -5.77104957174093 -48.14057666138347 951.425726317029 489 491 -1
491 -5.969783641782257 -48.11409335912434 951.4116234002911 490 492 -1
492 -6.168170358044617 -48.086555188488006 951.394898268755 491 493 -1
493 -6.366155300741658 -48.05796046569471 951.3754158051288 492 494 -1
494 -6.563678534181086 -48.02830918783553 951.3530430090825 493 495 -1
495 -6.760674523139283 -47.99760323440816 951.3276497622834 494 496 -1
496 -6.957072122407637 -47.96584656740619 951.2991096675404 495 497 -1
497 -7.152794651519501 -47.933045425416424 951.2673009552844 496 498 -1
498 -7.347759545113869 -47.89920787458208 951.2321052909118 497 499 -1
499 -7.541876762366551 -47.86433715816789 951.1934074309768 498 500 -1
500 -7.735089801401661 -47.82844952138996 951.1512680060296 499 501 -1
501 -7.927347710529698 -47.791552393313225 951.1057662158668 500 502 -1
502 -8.118603506426627 -47.753653447401064 951.0569827806797 501 503 -1
503 -8.308814086544828 -47.71476052664804 951.0049994701029 502 504 -1
504 -8.497940129671735 -47.67488157154201 950.9498987314489 503 505 -1
505 -8.685944447414613 -47.634023268378584 950.8917594373945 504 506 -1
506 -8.872783896766844 -47.59218474323522 950.8306383880819 505 507 -1
507 -9.05844075509208 -47.54938346538481 950.766648099149 506 508 -1
508 -9.242889474073623 -47.50562712399364 950.6998706299396 507 509 -1
509 -9.426107546674908 -47.46092322857984 950.6303872982478 508 510 -1
510 -9.608075331386981 -47.415279068876146 950.5582784776245 509 511 -1
511 -9.78875878521763 -47.368689344397325 950.4835906180818 510 512 -1
512 -9.968156450273124 -47.3211706515501 950.4064297677284 511 513 -1
513 -10.146258831458836 -47.272731294770054 950.3268777536425 512 514 -1
514 -10.323056022255663 -47.223377349847176 950.2450097322886 513 515 -1
515 -10.498524868987241 -47.17310411054014 950.1608742655288 514 516 -1
516 -10.672663920662398 -47.121920366333285 950.0745534601712 515 517 -1
517 -10.845477963699858 -47.06983738804493 949.9861332086585 516 518 -1
518 -11.01696415214674 -47.01685972093663 949.8956820276594 517 519 -1
519 -11.187092592778745 -46.962972563516914 949.8032262324908 518 520 -1
520 -11.355889482758247 -46.90819740058752 949.7088713904553 519 521 -1
521 -11.523356446108036 -46.85253798665858 949.6126817635297 520 522 -1
522 -11.6894716909675 -46.795981477405505 949.5146882714803 521 523 -1
523 -11.854251944017882 -46.73853955856531 949.4149711431301 522 524 -1
524 -12.017709399747435 -46.680219933953424 949.3135998651973 523 525 -1
525 -12.179821329611881 -46.6210062084453 949.210599166642 524 526 -1
526 -12.34061026807021 -46.560911189648515 949.1060469358139 525 527 -1
527 -12.5 -46.5 949.0 526 528 529
528 -12.658033011475254 -46.36556824604934 949.1493927293839 527 530 -1
529 -12.433737373384808 -46.57784090516221 948.8625734956598 527 531 -1
530 -12.81576988038996 -46.23122227990052 949.2990299024341 528 532 -1
531 -12.368598062346363 -46.65409900436605 948.7236668289476 529 533 -1
532 -12.973021318307254 -46.09684483194358 949.4491489507875 530 534 -1
533 -12.30456156276018 -46.728876826630724 948.5834488512673 531 535 -1
534 -13.129782846801634 -45.962431321759254 949.599747333458 532 536 -1
535 -12.241634933466635 -46.80216508246688 948.4419478035279 533 537 -1
536 -13.286050236359396 -45.82797734417803 949.750822387736 534 538 -1
537 -12.179823104576414 -46.87395724428969 948.2991939088181 535 539 -1
538 -13.441817921473671 -45.69347852036509 949.9023728280713 536 540 -1
539 -12.119135128498018 -46.94424114759678 948.1552124996367 537 541 -1
540 -13.597080151035444 -45.55893056506626 950.0543975912142 538 542 -1
541 -12.059571330146266 -47.01301622480778 948.0100379703503 539 543 -1
542 -13.751832617136506 -45.4243294597796 950.206894334153 540 544 -1
543 -12.001124631319392 -47.080291722551884 947.8637112823163 541 545 -1
544 -13.90606985241508 -45.28967119317797 950.3598618662701 542 546 -1
545 -11.94379881863775 -47.14606216861826 947.716261216257 543 547 -1
546 -14.059786279734782 -45.154951850541224 950.5132991426325 544 548 -1
547 -11.887586427808124 -47.210337051723116 947.5677269245624 545 549 -1
548 -14.212976208514252 -45.02016760875073 950.6672052593169 546 550 -1
549 -11.832474129318184 -47.27313359496857 947.4181516087075 547 551 -1
550 -14.365633830989143 -44.8853147315464 950.8215794490176 548 552 -1
551 -11.778462249259384 -47.334450503512706 947.2675643782409 549 553 -1
552 -14.517753218399584 -44.75038956503214 950.9764210769188 550 554 -1
553 -11.72552396920463 -47.394322820126426 947.1160176228146 551 555 -1
554 -14.669328317097056 -44.61538853341635 951.1317296368151 552 556 -1
555 -11.673658299244888 -47.452750656592904 946.9635389967139 553 557 -1
556 -14.820352944564913 -44.4803081349751 951.287504747462 554 558 -1
557 -11.622833354597017 -47.50977555009829 946.8101812839695 555 559 -1
558 -14.970820785346993 -44.34514493822601 951.4437461491407 556 560 -1
559 -11.573039573944072 -47.56540876636365 946.6559763997301 557 561 -1
560 -15.120725386876833 -44.209895578303964 951.6004537004255 558 562 -1
561 -11.524246749433189 -47.61968923325373 946.5009714898849 559 563 -1
562 -15.270060155203586 -44.07455675352729 951.7576273751359 560 564 -1
563 -11.47643142050955 -47.67264658921226 946.3452060605313 561 565 -1
564 -15.418818350607532 -43.93912522214649 951.915267259464 562 566 -1
565 -11.429570046784574 -47.72431035424476 946.1887179236247 563 567 -1
566 -15.566993083098913 -43.803597799267926 952.0733735492636 564 568 -1
567 -11.38362586187441 -47.77472780239223 946.0315527233787 565 569 -1
568 -15.714577307795789 -43.66797135394364 952.2319465474881 566 570 -1
569 -11.338573226765924 -47.823930890834255 945.8737457941642 567 571 -1
570 -15.861563820173387 -43.532242806421934 952.3909866617677 568 572 -1
571 -11.2943767778081 -47.871964586927504 945.7153375854341 569 573 -1
572 -16.007945199367768 -43.3964091164072 952.5504944417146 570 574 -1
573 -11.250997658468087 -47.91887846740721 945.5563687804574 571 575 -1
574 -16.15371243741965 -43.260467035326556 952.7104716066648 572 576 -1
575 -11.208402001084215 -47.96471507107968 945.3968746435255 573 577 -1
576 -16.298859165705494 -43.124413855124956 952.8709178216379 574 578 -1
577 -11.166551567137878 -48.009522697319326 945.2368915340442 575 579 -1
578 -16.443377490547533 -42.988246675951736 953.0318338875861 576 580 -1
579 -11.125402176486043 -48.05335768645041 945.0764577078364 577 581 -1
580 -16.587259332851055 -42.85196263778684 953.1932206997402 578 582 -1
581 -11.08491230424652 -48.0962725488189 944.9156077881479 579 583 -1
582 -16.73049531313594 -42.715558710516106 953.3550800485939 580 584 -1
583 -11.045042623367188 -48.138316460735574 944.7543733434404 581 585 -1
584 -16.87307687188785 -42.57903208488389 953.5174130522716 582 586 -1
585 -11.005745479958328 -48.17955008446765 944.5927894291287 583 587 -1
586 -17.01499636675095 -42.44238020040819 953.6802201229243 584 588 -1
587 -10.966974915597449 -48.220031665660244 944.4308884213855 585 589 -1
588 -17.156244919183102 -42.30560033909151 953.8435025118159 586 590 -1
589 -10.928685152235392 -48.259819140890805 944.2687011313811 587 591 -1
590 -17.29681117910134 -42.16868937823134 954.0072631202364 588 592 -1
591 -10.890831383808969 -48.29896879624556 944.1062564482254 589 593 -1
592 -17.43668749377399 -42.03164497789447 954.1715021779448 590 594 -1
593 -10.853364399655932 -48.337543156576274 943.9435845979305 591 595 -1
594 -17.57586474329254 -41.89446459386975 954.336220888493 592 596 -1
595 -10.81623514232057 -48.37560447019753 943.7807145565608 593 597 -1
596 -17.71433142038455 -41.75714528959562 954.5014219942597 594 598 -1
597 -10.77939485625972 -48.41321442774156 943.6176741050037 595 599 -1
598 -17.852077770697733 -41.619684544290536 954.667106941004 596 600 -1
599 -10.742794568634185 -48.45043487671491 943.4544902543083 597 601 -1
600 -17.98909482250224 -41.482080070183436 954.8332765828752 598 602 -1
601 -10.706384921932731 -48.487327973174956 943.2911894442841 599 603 -1
602 -18.125370308661445 -41.34432900720469 954.9999338638305 600 604 -1
603 -10.670114772777847 -48.523958890894434 943.1277985823135 601 605 -1
604 -18.260893415905784 -41.206428859795665 955.1670806470654 602 606 -1
605 -10.633934007661825 -48.560391083379564 942.9643434737887 603 607 -1
606 -18.395654686473247 -41.068377482821795 955.3347178330291 604 608 -1
607 -10.59779240934603 -48.5966881603246 942.8008496388567 605 609 -1
608 -18.529640602926005 -40.93017200689819 955.5028488186263 606 610 -1
609 -10.561639499866601 -48.6329137543912 942.637342448789 607 611 -1
610 -18.662840100513687 -40.79181013317423 955.6714753015183 608 612 -1
611 -10.525424658473968 -48.669132166396125 942.4738473751395 609 613 -1
612 -18.79524270616731 -40.653289766265424 955.8405985157901 610 614 -1
613 -10.489097918600933 -48.70540702153865 942.3103896489093 611 615 -1
614 -18.926833297302654 -40.514607973717474 956.0102224493469 612 616 -1
615 -10.452609541652972 -48.74180148641238 942.1469945335323 613 617 -1
616 -19.057601082630065 -40.37576277420224 956.1803482728172 614 618 -1
617 -10.41590985347743 -48.77837861353506 941.9836875670256 615 619 -1
618 -19.18753417172415 -40.23675205867491 956.350977728932 616 620 -1
619 -10.378948179670205 -48.815202460491534 941.8204951890609 617 621 -1
620 -19.316615644406937 -40.097572817301945 956.5221154165005 618 622 -1
621 -10.341677301557393 -48.852333700324074 941.6574428700435 619 623 -1
622 -19.444835171303385 -39.95822344228429 956.6937618461079 620 624 -1
623 -10.304049384282997 -48.88983336747184 941.4945569797554 621 625 -1
624 -19.572178950606535 -39.81870173673697 956.8659194684167 622 626 -1
625 -10.26601704124087 -48.92776196848571 941.3318644675938 623 627 -1
626 -19.69862899961949 -39.67900478909033 957.0385929657905 624 628 -1
627 -10.22753044939026 -48.96618267893833 941.1693944307252 625 629 -1
628 -19.82417450684665 -39.53913120023276 957.2117827156786 626 630 -1
629 -10.188547956924955 -49.005150022669696 941.007173035659 627 631 -1
630 -19.948799832747103 -39.399078732572306 957.3854917197357 628 632 -1
631 -10.149059920009506 -49.04469397090531 940.8452136470044 629 633 -1
632 -20.072486473296614 -39.25884471232168 957.5597243661367 630 634 -1
633 -10.109101466602915 -49.08481016067141 940.6835105491814 631 635 -1
634 -20.195222144804795 -39.118427785283444 957.7344813912226 632 636 -1
635 -10.068712413512712 -49.12549011029322 940.5220554544275 633 637 -1
636 -20.31699013978836 -38.977825860997356 957.9097658156082 634 638 -1
637 -10.02793445045963 -49.1667220850703 940.3608383132208 635 639 -1
638 -20.437776602410903 -38.837038418911256 958.0855796436524 636 640 -1
639 -9.986805911118486 -49.208498282300425 940.199850480218 637 641 -1
640 -20.557595244041714 -38.696073186069306 958.2619124925069 638 642 -1
641 -9.94536340896887 -49.25081394455129 940.0390842015914 639 643 -1
642 -20.67646050548535 -38.55493851937291 958.4387543368287 640 644 -1
643 -9.90364770561602 -49.293656432970536 939.8785282437318 641 645 -1
644 -20.794383876950256 -38.4136421525052 958.6160969468473 642 646 -1
645 -9.861695947818717 -49.33701850422323 939.7181733905267 643 647 -1
646 -20.911383104194112 -38.272192761880014 958.7939289983507 644 648 -1
647 -9.819543987797022 -49.380896513838046 939.5580114951352 645 649 -1
648 -21.027473699388153 -38.13059848045793 958.9722405928769 646 650 -1
649 -9.777230633121691 -49.425278155929334 939.3980310239097 647 651 -1
650 -21.142669611574043 -37.988867073425894 959.1510228796286 648 652 -1
651 -9.734791849091964 -49.47015765873092 939.2382227522327 649 653 -1
652 -21.25698577607303 -37.84700635455787 959.3302667064173 650 654 -1
653 -9.692263632034406 -49.515530368445475 939.0785776054282 651 655 -1
654 -21.370439741904416 -37.705024380275425 959.5099617742023 652 656 -1
655 -9.649682615300545 -49.56138528817441 938.9190843792254 653 657 -1
656 -21.483047271723247 -37.56292881153352 959.6900989397898 654 658 -1
657 -9.607084239486877 -49.60771880114317 938.7597341637507 655 659 -1
658 -21.59482263835303 -37.420727015495224 959.87067004811 656 660 -1
659 -9.56450423443907 -49.65452356408936 938.600516813394 657 661 -1
660 -21.70578274749341 -37.27842659512091 960.0516657804707 658 662 -1
661 -9.52197752011817 -49.70179063125321 938.4414218377933 659 663 -1
662 -21.81594488979811 -37.13603506589459 960.2330768269932 660 664 -1
663 -9.479540200700932 -49.749519019873425 938.2824407591393 661 665 -1
664 -21.925325475702326 -36.99355972314919 960.4148945398571 662 666 -1
665 -9.437226229825995 -49.797697414760556 938.1235625734677 663 667 -1
666 -22.033940156823885 -36.85100769202271 960.597110866328 664 668 -1
667 -9.39507087285115 -49.84632180022785 937.9647781191542 665 669 -1
668 -22.141805436812692 -36.70838610203442 960.7797175087226 666 670 -1
669 -9.353109393330733 -49.89538708550958 937.8060779648939 667 671 -1
670 -22.248939470002508 -36.56570212557642 960.9627055032691 668 672 -1
671 -9.311374678464006 -49.94488409596937 937.64745209618 669 673 -1
672 -22.355359258937014 -36.42296272665453 961.1460666758494 670 674 -1
673 -9.269904428482311 -49.994812313170826 937.488892021755 671 675 -1
674 -22.461081948530985 -36.2801747934022 961.32979296532 672 676 -1
675 -9.228730014692033 -50.04516096609357 937.3303878118628 673 677 -1
676 -22.566123903093295 -36.137345092281784 961.5138769070875 674 678 -1
677 -9.187887717275768 -50.09592701067055 937.1719308202188 675 679 -1
678 -22.670502919975334 -35.99448040932772 961.6983104682805 676 680 -1
679 -9.147411931407621 -50.147104489513 937.013512144351 677 681 -1
680 -22.774237259074834 -35.85158746217136 961.8830855469715 678 682 -1
681 -9.107335270155529 -50.19868598454921 936.8551230352222 679 683 -1
682 -22.877344613571772 -35.70867286087437 962.0681945138365 680 684 -1
683 -9.067696468589052 -50.25066980280233 936.6967552830357 681 685 -1
684 -22.979842811715812 -35.56574315418265 962.2536298402935 682 686 -1
685 -9.028524837767911 -50.303045726917254 936.5384004907281 683 687 -1
686 -23.081749816222935 -35.422804832718846 962.4393840956545 684 688 -1
687 -8.98986020929572 -50.355812387450044 936.3800508205321 685 689 -1
688 -23.183083271309787 -35.279864353506575 962.6254502060364 686 690 -1
689 -8.95173338413031 -50.40896116872241 936.2216985535348 687 691 -1
690 -23.28386955569319 -35.13693020020141 962.8118181314164 688 692 -1
691 -8.91418080988111 -50.462487691061625 936.0633363057913 689 693 -1
692 -23.38415108489117 -34.994014781726044 962.9984724994022 690 694 -1
693 -8.87723844530164 -50.51638684128153 935.9049569349936 691 695 -1
694 -23.483971988439315 -34.85113086571272 963.1853977057046 692 696 -1
695 -8.840937460360447 -50.570650736399735 935.7465538173968 693 697 -1
696 -23.58337680623987 -34.708291124009506 963.3725782418179 694 698 -1
697 -8.805320130918325 -50.625277413367456 935.588120211922 695 699 -1
698 -23.682410465430916 -34.565508144176384 963.5599986812756 696 700 -1
699 -8.770413298598346 -50.68025666497329 935.429650448174 697 701 -1
700 -23.781118257781493 -34.42279444151181 963.7476436650464 698 702 -1
701 -8.736260624629944 -50.735586517042954 935.2711383994513 699 703 -1
702 -23.879545817547875 -34.28016247155666 963.9354978861179 700 704 -1
703 -8.702891338135421 -50.79125797558421 935.1125791340185 701 705 -1
704 -23.977739099714327 -34.137624643031224 964.1235460733292 702 706 -1
705 -8.67034441919714 -50.84726632727437 934.9539675948793 703 707 -1
706 -24.07574435854117 -33.99519333115394 964.3117729745032 704 708 -1
707 -8.638656141008347 -50.90360534527005 934.7952993264653 705 709 -1
708 -24.173608062490477 -33.852880980102654 964.5001634390956 706 710 -1
709 -8.60785843933142 -50.960267131551404 934.6365706535561 707 711 -1
710 -24.271377125380532 -33.71069987747977 964.6887020881185 708 712 -1
711 -8.577995868789216 -51.017247953567036 934.4777775346603 709 713 -1
712 -24.36909858266444 -33.56866236026248 964.8773735980525 710 714 -1
713 -8.549093949138769 -51.07453747062752 934.3189177638241 711 715 -1
714 -24.466819663292995 -33.42678080641097 965.0661626157801 712 716 -1
715 -8.52120105532078 -51.132132430413215 934.1599880996658 713 717 -1
716 -24.564587790055285 -33.2850676312315 965.2550537141134 714 718 -1
717 -8.494343662535787 -51.190022634531445 934.0009873855009 715 719 -1
718 -24.662450558039335 -33.14353530199123 965.4440313719246 716 720 -1
719 -8.46856438121422 -51.24820241240738 933.841913943716 717 721 -1
720 -24.760455712720486 -33.00219635258293 965.6330799539758 718 722 -1
721 -8.443898886458328 -51.306663801028016 933.682767193415 719 723 -1
722 -24.858651127568315 -32.86106339818926 965.8221836905099 720 724 -1
723 -8.42038028163563 -51.365398101317446 933.5235473391792 721 725 -1
724 -24.957084781062296 -32.7201491498931 966.0113266566661 722 726 -1
725 -8.398049053485838 -51.42439506675569 933.3642536639876 723 727 -1
726 -25.055804733004617 -32.57946642918081 966.200492751787 724 728 -1
727 -8.376894565686577 -51.483617954151626 933.2048832083292 725 729 -1
728 -25.15485910001759 -32.43902818228366 966.3896656786894 726 730 -1
729 -8.356923746148112 -51.54302782295038 933.0454296345307 727 731 -1
730 -25.25429603011474 -32.29884749429895 966.5788289229708 728 732 -1
731 -8.338116016579601 -51.60258133500866 932.8858882412201 729 733 -1
732 -25.35416367623589 -32.1589376030296 966.7679657324287 730 734 -1
733 -8.320471318700518 -51.66223816362505 932.7262525956802 731 735 -1
734 -25.454510168635647 -32.01931191248218 966.9570590966762 732 736 -1
735 -8.303980004149546 -51.72195675922015 932.566516760159 733 737 -1
736 -25.555383586020906 -31.879984005955247 967.1460917270367 734 738 -1
737 -8.288631527820495 -51.78169598871028 932.406674762155 735 739 -1
738 -25.65683161964234 -31.740967505523795 967.3350460888048 736 740 -1
739 -8.274427141910822 -51.84141451057132 932.2467193023056 737 741 -1
740 -25.75888730659087 -31.602268926126285 967.5239068330364 738 742 -1
741 -8.261347763879305 -51.90107162963171 932.0866450217652 739 743 -1
742 -25.861562529697487 -31.46388429210101 967.7126620462084 740 744 -1
743 -8.24939988178278 -51.96062510042806 931.9264437400615 741 745 -1
744 -25.964867476826655 -31.325808808810223 967.9013000239448 742 746 -1
745 -8.238565179010786 -52.02003473362088 931.766109962566 743 747 -1
746 -26.068812344498415 -31.18803771500803 968.0898089811618 744 748 -1
747 -8.228842669782251 -52.0792585009751 931.6056361773511 745 749 -1
748 -26.173407336255075 -31.050566283982256 968.2781770490357 746 750 -1
749 -8.220225698779378 -52.13825474503709 931.4450154884523 747 751 -1
750 -26.27866266092421 -30.9133898247113 968.4663922720011 748 752 -1
751 -8.212702020309818 -52.19698335756158 931.2842418543619 749 753 -1
752 -26.38458853077373 -30.776503683037195 968.6544426047826 750 754 -1
753 -8.206276897748548 -52.25539930924253 931.1233067443137 751 755 -1
754 -26.491195159556483 -30.63990324285517 968.8423159094621 752 756 -1
755 -8.200931210841432 -52.31346448341914 930.9622053136248 753 757 -1
756 -26.59849276043966 -30.503583927321543 969.029999952588 754 758 -1
757 -8.196668383238261 -52.371133553109146 930.8009294061143 755 759 -1
758 -26.706491543815947 -30.367541200080645 969.2174824023294 756 760 -1
759 -8.193477795344338 -52.428365696556575 930.6394731950412 757 761 -1
760 -26.815201714993545 -30.23177056651036 969.4047508256773 758 762 -1
761 -8.191351678457787 -52.48511932219124 930.4778306485897 759 763 -1
762 -26.924633511636802 -30.096267589334374 969.5917926726675 760 764 -1
763 -8.190292741054328 -52.541347284989236 930.3159940092618 761 765 -1
764 -27.034797553693334 -29.961028010774047 969.7785951515032 762 766 -1
765 -8.190284474001446 -52.59701188705254 930.1539592895034 763 767 -1
766 -27.145703592476384 -29.826047311003755 969.9651456409094 764 768 -1
767 -8.191330080044057 -52.65206477254917 929.9917190870967 765 769 -1
768 -27.25736178872338 -29.6913211747651 970.151431274301 766 770 -1
769 -8.193419889770617 -52.70646431074031 929.8292687509372 767 771 -1
770 -27.36978228453892 -29.556845335088056 970.337439070797 768 772 -1
771 -8.196545144702526 -52.760168720523374 929.6666038855352 769 773 -1
772 -27.482975200276 -29.422615574669436 970.5231559328206 770 774 -1
773 -8.200711226191013 -52.81312565473822 929.5037174506807 771 775 -1
774 -27.596950631271405 -29.288627727274726 970.7085686437836 772 776 -1
775 -8.205901274226209 -52.865298461499485 929.3406075624172 773 777 -1
776 -27.71171864443284 -29.154877679163057 970.8936638658613 774 778 -1
777 -8.212115047225232 -52.916638023306064 929.1772692296115 775 779 -1
778 -27.827289274674246 -29.021361370535896 971.0784281378651 776 780 -1
779 -8.219349333155433 -52.96709648698146 929.0136985365647 777 781 -1
780 -27.94367252119711 -28.888074797008812 971.2628478732179 778 782 -1
781 -8.227591914060898 -53.01663387123894 928.8498941873557 779 783 -1
782 -28.060878343614757 -28.755014011106546 971.44690935804 780 784 -1
783 -8.236845123101526 -53.065196368001814 928.6858520723712 781 785 -1
784 -28.17891665791754 -28.62217512378059 971.6305987493523 782 786 -1
785 -8.247099673013818 -53.11274048209574 928.5215713924811 783 787 -1
786 -28.297797332276183 -28.48955430594958 971.8139020734029 784 788 -1
787 -8.258346457801858 -53.15922288839699 928.3570519914091 785 789 -1
788 -28.417530648581632 -28.357147903903027 971.9968050001503 786 790 -1
789 -8.270588906230074 -53.20458573740629 928.1922913601918 787 791 -1
790 -28.538126566101464 -28.224952251173576 972.1792931760754 788 792 -1
791 -8.283814045547048 -53.24878888376642 928.0272916866257 789 793 -1
792 -28.659594179816864 -28.092963555993254 972.3613525077012 790 794 -1
793 -8.298014360144363 -53.29178624541703 927.8620546105673 791 795 -1
794 -28.78194312180204 -27.9611782446729 972.5429684820751 792 796 -1
795 -8.31319297511346 -53.33351713137148 927.6965799962594 793 797 -1
796 -28.905182952722132 -27.8295928115246 972.7241264492619 794 798 -1
797 -8.329335383142208 -53.37394298107122 927.5308728479853 795 799 -1
798 -29.02932315662575 -27.698203820521346 972.9048116215865 796 800 -1
799 -8.346434203362023 -53.413016133640596 927.3649373095488 797 801 -1
800 -29.154373135568413 -27.56700790697063 973.0850090730569 798 802 -1
801 -8.36449100721235 -53.450674724235014 927.1987763710395 799 803 -1
802 -29.28034220406404 -27.436001779203348 973.2647037389775 800 804 -1
803 -8.383491539377408 -53.486879483722284 927.0323977414856 801 805 -1
804 -29.407239656410603 -27.30518223456514 973.4438803742063 802 806 -1
805 -8.403427233418112 -53.52158287773313 926.8658087518288 803 807 -1
806 -29.53507601235937 -27.17454639787522 973.6225228237121 804 808 -1
807 -8.424297085798472 -53.554723845947485 926.6990161656794 805 809 -1
808 -29.6638588822003 -27.044090924156666 973.8006163894138 806 810 -1
809 -8.4460883795911 -53.58625995673913 926.5320304432597 807 811 -1
810 -29.79359717076546 -26.913812830809963 973.9781454503262 808 812 -1
811 -8.468790258852584 -53.61614589901416 926.3648626691534 809 813 -1
812 -29.924299664906822 -26.7837092168669 974.1550942480845 810 814 -1
813 -8.49239843809481 -53.64432345892826 926.1975238400339 811 815 -1
814 -30.0559750269423 -26.653777264718308 974.3314468879033 812 816 -1
815 -8.516902388644395 -53.67074495704429 926.0300274427377 813 817 -1
816 -30.188631787943507 -26.524014241838973 974.507187339791 814 818 -1
817 -8.542287751657696 -53.69537024930335 925.8623887024803 815 819 -1
818 -30.322278637346177 -26.39441755114161 974.6822992485402 816 820 -1
819 -8.568526440286327 -53.71817898476786 925.6946243187729 817 821 -1
820 -30.45692511531516 -26.264984839317886 974.8567654598875 818 822 -1
821 -8.59555994094588 -53.739200318876954 925.5267526290809 819 823 -1
822 -30.592577785911743 -26.135713382527445 975.0305705185364 820 824 -1
823 -8.623319920361649 -53.758485737383154 925.3587910836059 821 825 -1
824 -30.729244583173912 -26.006600805740884 975.2036978703694 822 826 -1
825 -8.651744564572695 -53.77607353340012 925.1907542872835 823 827 -1
826 -30.86693327390539 -25.877644827511737 975.3761308364847 824 828 -1
827 -8.680775116459493 -53.79199338305462 925.0226547401764 825 829 -1
828 -31.005651450110403 -25.748843261613086 975.5478526161647 826 830 -1
829 -8.710343911169794 -53.80630125746883 924.8545040576229 827 831 -1
830 -31.145406532446223 -25.62019402024929 975.7188462822238 828 832 -1
831 -8.740389381319954 -53.81903883817931 924.6863115138991 829 833 -1
832 -31.28620783782837 -25.491695408634115 975.8890932793444 830 834 -1
833 -8.770853702848047 -53.830233798307184 924.518084520295 831 835 -1
834 -31.428060323142557 -25.36334523324224 976.0585779103012 832 836 -1
835 -8.801671339863981 -53.83994407439851 924.3498296159521 833 837 -1
836 -31.57097080016655 -25.235141704670742 976.227282923645 834 838 -1
837 -8.832781966084331 -53.84821210963461 924.1815515142092 835 839 -1
838 -31.714945866233673 -25.10708313642194 976.3951909662312 836 840 -1
839 -8.864127504297374 -53.855066084301406 924.0132534333042 837 841 -1
840 -31.859992245441365 -24.97916886561159 976.5622849884312 838 842 -1
841 -8.895645485458374 -53.86056328333622 923.8449377600483 839 843 -1
842 -32.0061208101725 -24.851408587150846 976.7285518722326 840 844 -1
843 -8.927276993632583 -53.864745137367585 923.6766055140874 841 845 -1
844 -32.15334565310545 -24.723818732378653 976.8939803844175 842 846 -1
845 -8.958963325496425 -53.867642038937475 923.5082565345677 843 847 -1
846 -32.3016776969314 -24.596415510966533 977.058561474866 844 848 -1
847 -8.990645212153188 -53.86930916514521 923.3398900376889 845 849 -1
848 -32.45112956311221 -24.469215562755505 977.2222844690177 846 850 -1
849 -9.022264664876007 -53.86978533324353 923.1715041880788 847 851 -1
850 -32.601713785038285 -24.342235710199287 977.3851384251703 848 852 -1
851 -9.053762729708804 -53.869105085493274 923.0030962734005 849 853 -1
852 -32.75344279893004 -24.21549296381543 977.5471121327432 850 854 -1
853 -9.08508291032363 -53.8673199004092 922.8346632601515 851 855 -1
854 -32.90633058505358 -24.08900491074594 977.7081928353385 852 856 -1
855 -9.116166990795305 -53.864465379172984 922.6662012162877 853 857 -1
856 -33.06038868493737 -23.962788849760834 977.8683692892157 854 858 -1
857 -9.146957045250767 -53.86058120513452 922.497705766956 855 859 -1
858 -33.21562828393328 -23.836862190496802 978.0276301597556 856 860 -1
859 -9.177398288334246 -53.85571444423793 922.3291724460755 857 861 -1
860 -33.3720613295163 -23.711242748086644 978.1859631445725 858 862 -1
861 -9.20743067587024 -53.849897422667645 922.1605958855621 859 863 -1
862 -33.52969961855992 -23.585948549103037 978.3433556674397 860 864 -1
863 -9.236999326324256 -53.84317519245846 921.9919710234982 861 865 -1
864 -33.688555887374186 -23.460998159982978 978.4997940109795 862 866 -1
865 -9.266049404260674 -53.83558994682548 921.823292634856 863 867 -1
866 -33.84864230891894 -23.336410300271314 978.6552644747709 864 868 -1
867 -9.294517887824457 -53.82717225630706 921.6545545850463 865 869 -1
868 -34.009968421277804 -23.21220316585255 978.8097550149936 866 870 -1
869 -9.322354766015003 -53.817971004708035 921.485752088836 867 871 -1
870 -34.17254529086015 -23.088395665727337 978.963251959374 868 872 -1
871 -9.349500657062705 -53.808021739298844 921.3168795007183 869 873 -1
872 -34.3363837664892 -22.965006935103208 979.1157413651395 870 874 -1
873 -9.375896385965516 -53.797361757139306 921.1479313898365 871 875 -1
874 -34.50149590105925 -22.8420568495854 979.2672078603574 872 876 -1
875 -9.401490888814466 -53.78603508636828 920.9789034065976 873 877 -1
876 -34.66789242496484 -22.7195651878101 979.4176366516772 874 878 -1
877 -9.426219627428152 -53.77407483621482 920.8097902195982 875 879 -1
878 -34.835581727728446 -22.59755118446466 979.5670143714028 876 880 -1
879 -9.4500302487409 -53.761523631472265 920.6405881475364 877 881 -1
880 -35.00457363093386 -22.476034894195735 979.7153260163091 878 882 -1
881 -9.472867381490929 -53.74842099440186 920.4712937181109 879 883 -1
882 -35.17487765807515 -22.35503660088959 979.8625563275655 880 884 -1
883 -9.494663654137808 -53.73480090087211 920.301902970248 881 885 -1
884 -35.346505818072366 -22.23457799356105 980.0086874529178 882 886 -1
885 -9.51537241147258 -53.72070753996438 920.1324145526136 883 887 -1
886 -35.51946492713701 -22.114679026340884 980.153705316925 884 888 -1
887 -9.534929502042008 -53.706176943443005 919.9628262991021 885 889 -1
888 -35.69376283820519 -21.995360392924297 980.2975944751169 886 890 -1
889 -9.55327559492249 -53.69124794609518 919.7931373869282 887 891 -1
890 -35.869407698337966 -21.876643279027554 980.4403386976356 888 892 -1
891 -9.57036025976213 -53.67596174443249 919.623348636525 889 893 -1
892 -36.04640868417234 -21.758549759171324 980.581920300764 890 894 -1
893 -9.586111931404904 -53.660354127853566 919.4534602884262 891 895 -1
894 -36.22477404167886 -21.641101942200386 980.7223217932464 892 896 -1
895 -9.600482170840772 -53.64446686687354 919.2834754749109 893 897 -1
896 -36.40450842479663 -21.52432061343279 980.8615282277574 894 898 -1
897 -9.613412507182957 -53.62833901385485 919.1133977338063 895 899 -1
898 -36.58561829256013 -21.408227796355305 980.9995225240347 896 900 -1
899 -9.624832306371706 -53.61200857098456 918.9432312614055 897 901 -1
900 -36.76811016316538 -21.292846143951365 981.1362870684626 898 902 -1
901 -9.634697638465692 -53.595517067232855 918.7729831758395 899 903 -1
902 -36.952023440228 -21.178276183673503 981.2718242832643 900 904 -1
903 -9.64294030308538 -53.578903319141475 918.6026607263249 901 905 -1
904 -37.13746830138483 -21.06480840689064 981.4061964787896 902 906 -1
905 -9.649502137668247 -53.562207515237276 918.4322733278683 903 907 -1
906 -37.324570401803705 -20.95277086615895 981.5394665401999 904 908 -1
907 -9.654370115079878 -53.54545941199214 918.2618342171608 905 909 -1
908 -37.513456213456244 -20.8425019769367 981.6716910288685 906 910 -1
909 -9.657583348991835 -53.5286643418133 918.0913604403422 907 911 -1
910 -37.70425461142128 -20.73435648983751 981.8029189064076 908 912 -1
911 -9.659223548102469 -53.51182503017922 917.9208686047455 909 913 -1
912 -37.89708291913949 -20.62869260461678 981.9331971376758 910 914 -1
913 -9.659357120561507 -53.494943583121916 917.7503730277906 911 915 -1
914 -38.092060935319864 -20.525891262041863 982.062562026651 912 916 -1
915 -9.658043050547485 -53.47802172623942 917.5798864243716 913 917 -1
916 -38.28930989972049 -20.42636254414413 982.1910393752083 914 918 -1
917 -9.65536359349345 -53.46106166782422 917.4094195671548 915 919 -1
918 -38.4889280086219 -20.330514180840566 982.3186518390963 916 920 -1
919 -9.651377086330994 -53.4440647884332 917.2389818820844 917 921 -1
920 -38.691022184674004 -20.23880547256445 982.4454048934532 918 922 -1
921 -9.646157132557477 -53.42703274612367 917.0685809920963 919 923 -1
922 -38.89566903931471 -20.15169087238751 982.5712984648259 920 924 -1
923 -9.639776084536674 -53.4099670302219 916.8982229494183 921 925 -1
924 -39.10294671195964 -20.069682984346287 982.6963131855832 922 926 -1
925 -9.632291776241658 -53.39286856742549 916.7279130575521 923 927 -1
926 -39.31289356371505 -19.99328290423001 982.820421284636 924 928 -1
927 -9.623785026674364 -53.37573884769723 916.5576542845931 925 929 -1
928 -39.525538034719965 -19.923048588235343 982.943573159495 926 930 -1
929 -9.614315423982084 -53.358578604827464 916.3874493870006 927 931 -1
930 -39.74086897341051 -19.859543321735465 983.0657037884927 928 932 -1
931 -9.603954930681697 -53.341388849641845 916.2172993483385 929 933 -1
932 -39.958835678975866 -19.803340509776692 983.1867295906318 930 934 -1
933 -9.592771834966975 -53.32417039345942 916.0472042650449 931 935 -1
934 -40.17934719131025 -19.75503215932016 983.3065450715934 932 936 -1
935 -9.580828438428371 -53.30692373420079 915.8771637095575 933 937 -1
936 -40.40226288959696 -19.715212839290462 983.4250232159151 934 938 -1
937 -9.568198772126658 -53.28964974457092 915.707175499258 935 939 -1
938 -40.62738720886115 -19.684469755712772 983.5420152232443 936 940 -1
939 -9.554940876820183 -53.27234858121731 915.5372378750292 937 941 -1
940 -40.85446101530428 -19.66334360677051 983.657355974741 938 942 -1
941 -9.541128065825346 -53.25502099945267 915.3673471310108 939 943 -1
942 -41.083168006354875 -19.652342498730498 983.7708617377518 940 944 -1
943 -9.526821393503697 -53.23766714570044 915.1974999274257 941 945 -1
944 -41.31313324442818 -19.651912242644247 983.8823361236516 942 946 -1
945 -9.51208829104569 -53.22028743960612 915.0276918131208 943 947 -1
946 -41.54392864752228 -19.662417894119894 983.9915757722799 944 948 -1
947 -9.496992940397975 -53.20288210401418 914.8579181309775 945 949 -1
948 -41.77508237166279 -19.684136509414493 984.0983751055913 946 950 -1
949 -9.48159928131481 -53.18545129164209 914.6881738416672 947 951 -1
950 -42.006089695253124 -19.717246000696466 984.202532848562 948 952 -1
951 -9.46597257161067 -53.16799529701272 914.5184534287109 949 953 -1
952 -42.23643243338843 -19.761760130826268 984.3038739731063 950 954 -1
953 -9.450175220729992 -53.1505140673747 914.3487514058007 951 955 -1
954 -42.465589391307596 -19.81764347781435 984.4022280523764 952 956 -1
955 -9.434271971408707 -53.13300796932481 914.1790618344597 953 957 -1
956 -42.69306458604289 -19.884677326627774 984.4974704841704 954 958 -1
957 -9.418325259053889 -53.1154768010271 914.0093789289691 955 959 -1
958 -42.918389820917774 -19.962588760189483 984.5894952633558 956 960 -1
959 -9.402398142234656 -53.097921002302726 913.8396967301622 957 961 -1
960 -43.14114240053128 -20.05100773332351 984.6782319704625 958 962 -1
961 -9.386554240001182 -53.08034028295073 913.6700093238173 959 963 -1
962 -43.36095689976055 -20.149481456746074 984.7636476693336 960 964 -1
963 -9.370854403367249 -53.06273512562475 913.5003110655996 961 965 -1
964 -43.5775336670811 -20.257490970762973 984.8457470603737 962 966 -1
965 -9.35536347181786 -53.04510529072215 913.3305961782987 963 967 -1
966 -43.790632083472296 -20.37449565822786 984.9245606861294 964 968 -1
967 -9.340140574348911 -53.027451235082374 913.1608595651196 965 969 -1
968 -44.0 -20.5 985.0 966 970 971
969 -9.325251473007572 -53.00977281868075 912.9910958917039 967 972 -1
970 -44.08686694911367 -20.56591046524593 985.1766982846962 968 973 -1
971 -43.88529065557405 -20.36234876953187 984.828530725106 968 974 -1
972 -9.310753970371698 -52.99207051867649 912.8213008289588 969 975 -1
973 -44.1742511595397 -20.633310087098174 985.3525995819558 970 976 -1
974 -43.77739733436202 -20.22139562458221 984.6553981177045 971 977 -1
975 -9.296714628676316 -52.974344306932856 912.6514697782804 972 978 -1
976 -44.26205764630164 -20.702305119986846 985.5276701088965 973 979 -1
977 -43.67675309073097 -20.077124463473357 984.4806423494712 974 980 -1
978 -9.283190055165552 -52.956594724761 912.4815994154496 975 981 -1
979 -44.35025858597639 -20.77287731542064 985.7019117538898 976 982 -1
980 -43.58390848730917 -19.929525355440386 984.3043565128306 977 983 -1
981 -9.270247694541546 -52.93882187058173 912.3116861530133 978 984 -1
982 -44.43882657767935 -20.84500903716539 985.8753266414988 979 985 -1
983 -43.49943901196162 -19.778619117987997 984.1266664224644 980 986 -1
984 -9.257942842629662 -52.921026391475465 912.1417279213898 981 987 -1
985 -44.52773409467419 -20.918680748049812 986.0479184601543 982 988 -1
986 -43.42392204522081 -19.624469218496365 983.9477369847452 983 989 -1
987 -9.246344086434817 -52.90320852945337 911.9717224090509 984 990 -1
988 -44.616954376673895 -20.993874874972523 986.21969038923 985 991 -1
989 -43.35793661835799 -19.467183071636253 983.7677732300592 986 992 -1
990 -9.235505052282113 -52.885369076549665 911.8016690563188 987 993 -1
991 -44.70646121127518 -21.070575332765735 986.3906453051902 988 994 -1
992 -43.30204717933013 -19.306918294140747 983.5870227052505 989 995 -1
993 -9.225495893525371 -52.86750843787195 911.6315670891872 990 996 -1
994 -44.796228128651634 -21.14876309666732 986.5607881751314 991 997 -1
995 -43.2567738865508 -19.14388966543734 983.4057758506882 992 998 -1
996 -9.21636795700193 -52.84962758657962 911.4614177086972 993 999 -1
997 -44.88622949597535 -21.228422125808656 986.7301228186456 994 1000 -1
998 -43.222581899226796 -18.978367293153326 983.224361885251 995 1001 -1
999 -9.20819355406805 -52.83172711310323 911.291221944772 996 1002 -1
1000 -44.976439915124324 -21.309536368440288 986.8986535086626 997 1003 -1
1001 -43.19986059751851 -18.810675103981747 983.0431429525848 998 1004 -1
1002 -9.201020862475163 -52.81380820382375 911.1209829919433 999 1005 -1
1003 -45.06683406314554 -21.392088179201988 987.0663858425232 1000 1006 -1
1004 -43.188893165824176 -18.641187010442188 982.862504257781 1001 1007 -1
1005 -9.194925133937838 -52.79587165992783 910.9507039644519 1002 1008 -1
1006 -45.157387356023406 -21.476063769885275 987.2333236926199 1003 1009 -1
1007 -43.189852369929696 -18.470315170189785 982.6828419274191 1004 1010 -1
1008 -9.189950398079047 -52.77791890429617 910.7803902405457 1005 1011 -1
1009 -45.24807506349691 -21.561445784595193 987.3994733238052 1006 1012 -1
1010 -43.2027843773594 -18.298498402774218 982.5045487793783 1007 1013 -1
1011 -9.186172387835812 -52.75995099303774 910.610047395296 1008 1014 -1
1012 -45.33887304212925 -21.648220064565194 987.5648395993342 1009 1015 -1
1013 -43.22760181645795 -18.12618719598368 982.327998865481 1010 1016 -1
1014 -9.18357055205786 -52.741969664016956 910.439683913008 1011 1017 -1
1015 -45.429757296868104 -21.736371547138383 987.7294282567522 1012 1018 -1
1016 -43.264094987833744 -17.95382761641103 982.1535345708638 1013 1019 -1
1017 -9.182097363138977 -52.723976311039195 910.2693081647494 1014 1020 -1
1018 -45.5207041091272 -21.82588544696623 987.8932452321986 1015 1021 -1
1019 -43.311933917567394 -17.78184654647379 981.9814534898 1016 1022 -1
1020 -9.181673664349308 -52.705972509702185 910.098927645088 1017 1023 -1
1021 -45.61169004068851 -21.916748404336584 988.0562959896675 1018 1024 -1
1022 -43.370689591436374 -17.61063860168293 981.8120006291917 1019 1025 -1
1023 -9.182243259320453 -52.687959474603105 909.9285484938073 1020 1026 -1
1024 -45.7026918460103 -22.00894556202658 988.2185871658827 1021 1027 -1
1025 -43.439853628596836 -17.440556492313835 981.6453636831134 1022 1028 -1
1026 -9.18373317123807 -52.66993845913713 909.7581757189835 1023 1029 -1
1027 -45.7936865198896 -22.10246473761571 988.3801241804509 1024 1030 -1
1028 -43.51885920105124 -17.271904788144724 981.4816718232798 1025 1031 -1
1029 -9.186081668515547 -52.651910504197446 909.5878133218009 1026 1032 -1
1030 -45.884651282221284 -22.197291482966527 988.5409140367157 1027 1033 -1
1031 -43.60710207510966 -17.104937121258384 981.3209977557133 1028 1034 -1
1032 -9.189221886185045 -52.63387659088951 909.4174642832836 1029 1035 -1
1033 -45.97556348510699 -22.2934143313968 988.7009623112249 1030 1036 -1
1034 -43.703961685837335 -16.939856874176193 981.1633629273533 1031 1037 -1
1035 -9.193087202690052 -52.61583760076168 909.2471306681771 1032 1038 -1
1036 -46.066400758052126 -22.39081965315332 988.8602760802937 1033 1039 -1
1037 -43.808816150423624 -16.776819677879867 981.0087432938299 1034 1040 -1
1038 -9.19761635143044 -52.59779429246373 909.0768138467735 1035 1041 -1
1039 -46.15714077611396 -22.48949629883158 989.018861248559 1036 1042 -1
1040 -43.92105558392177 -16.61593772628204 980.8570763250102 1037 1043 -1
1041 -9.202738812440556 -52.579747403983305 908.9065141961858 1038 1044 -1
1042 -46.247761482033 -22.58943179701812 989.1767247130476 1039 1045 -1
1043 -44.04009040864022 -16.457284444646557 980.7082674156791 1040 1046 -1
1044 -9.208397911402544 -52.56169752006086 908.7362318334327 1041 1047 -1
1045 -46.3382408738591 -22.69061497886609 989.333872845912 1042 1048 -1
1046 -44.16536159098314 -16.30090116296634 980.5621980412848 1043 1049 -1
1047 -9.214522457421984 -52.54364524355702 908.5659658160123 1044 1050 -1
1048 -46.428557078350394 -22.7930348043513 989.4903121542978 1045 1051 -1
1049 -44.296341050292334 -16.146801307447603 980.4187301876324 1046 1052 -1
1050 -9.22105334787464 -52.5255910575737 908.3957150897111 1047 1053 -1
1051 -46.518688443822484 -22.896679808610603 989.6460495847574 1048 1054 -1
1052 -44.43253598880249 -15.994976253650037 980.2777125141185 1049 1055 -1
1053 -9.2279251975874 -52.507535428823786 908.2254779270885 1050 1056 -1
1054 -46.60861312671856 -23.00154059162797 989.8010910852241 1051 1057 -1
1055 -44.573487906556295 -15.845399260067996 980.1389840136055 1052 1058 -1
1056 -9.235075164204378 -52.48947877125676 908.0552523186138 1053 1059 -1
1057 -46.698309857755255 -23.107605246529072 989.9554442095705 1054 1060 -1
1058 -44.71877294619774 -15.698029841761128 980.0023779968371 1055 1061 -1
1059 -9.242442061899292 -52.471421461490806 907.8850360225968 1056 1062 -1
1060 -46.7877566966037 -23.21486594337885 990.109114341134 1057 1063 -1
1061 -44.86800176759933 -15.552817966802504 979.8677255388113 1058 1064 -1
1062 -9.249961861281125 -52.45336385801418 907.7148264393245 1059 1065 -1
1063 -46.876932612825385 -23.32331099976354 990.2621092114152 1060 1066 -1
1064 -45.020812537110906 -15.409704018743222 979.7348550818626 1061 1067 -1
1065 -9.25757398829939 -52.4353062941868 907.5446209530019 1062 1068 -1
1066 -46.96581587724761 -23.432932336009806 990.4144346334473 1063 1069 -1
1067 -45.176874988381655 -15.268624617970247 979.6035971352874 1064 1070 -1
1068 -9.265216127318373 -52.41724909233135 907.374416772239 1065 1071 -1
1069 -47.054385226907016 -23.54372024174941 990.5660974752575 1066 1072 -1
1070 -45.335884272338404 -15.129512389250879 979.473783513117 1067 1073 -1
1071 -9.272827357891448 -52.3991925684333 907.2042111355247 1068 1074 -1
1072 -47.14261930457294 -23.655665745907594 990.7171042978665 1069 1075 -1
1073 -45.4975589204323 -14.992297532436945 979.3452482730261 1070 1076 -1
1074 -9.28034601413395 -52.381137049261675 907.034001280632 1071 1077 -1
1075 -47.2304964332065 -23.76876110914653 990.8674610697839 1072 1078 -1
1076 -45.661638782950995 -14.856909086937456 979.2178283493204 1073 1079 -1
1077 -9.287712603051737 -52.36308285169045 906.8637846410159 1074 1080 -1
1078 -47.31799564511979 -23.88299655828818 991.0171750005551 1075 1081 -1
1079 -45.82788488149901 -14.723277573449106 979.091364708736 1076 1082 -1
1080 -9.294865373589138 -52.34503033104217 906.6935587110464 1077 1083 -1
1081 -47.40509479974554 -23.998365924471045 991.1662513513442 1078 1084 -1
1082 -45.996073002960394 -14.591332240515452 978.9657005020417 1079 1085 -1
1083 -9.301744605170175 -52.326979849912256 906.5233212997333 1080 1086 -1
1084 -47.49177300916961 -24.11485956038106 991.3146974113628 1081 1087 -1
1085 -46.16599563021453 -14.461004736066531 978.8406827290963 1082 1088 -1
1086 -9.308292260414952 -52.30893178995263 906.3530705654573 1083 1089 -1
1087 -47.57800825145646 -24.23247096947412 991.4625187627981 1084 1090 -1
1088 -46.33745835342537 -14.332228097849134 978.7161612798652 1085 1091 -1
1089 -9.31444433387728 -52.29088661336119 906.182804784116 1086 1092 -1
1090 -47.663779015157814 -24.351192308155852 991.6097217940837 1087 1093 -1
1091 -46.51027829983493 -14.204937097342397 978.5919887742107 1088 1094 -1
1092 -9.320145447066576 -52.27284476284304 906.0125229690866 1089 1095 -1
1093 -47.7490635910701 -24.471016245203163 991.7563126470708 1090 1096 -1
1094 -46.68428265229596 -14.079068490708899 978.4680203270427 1091 1097 -1
1095 -9.325336883128326 -52.25480675425792 905.8422244594881 1092 1098 -1
1096 -47.83383973399111 -24.591936556538368 991.9022968817404 1093 1099 -1
1097 -46.85930725303973 -13.95456119562454 978.3441132562671 1094 1100 -1
1098 -9.329954274787362 -52.236773203769005 905.6719089641191 1095 1101 -1
1099 -47.91808601908386 -24.713945218397402 992.047681072414 1096 1102 -1
1100 -47.03519573209396 -13.831357191275742 978.2201266091251 1097 1103 -1
1101 -9.33394534733651 -52.21874469511468 905.5015771284957 1098 1104 -1
1102 -48.001779396198934 -24.837037394442234 992.1924700482372 1099 1105 -1
1103 -47.211796852779614 -13.709399421699223 978.0959209618235 1100 1106 -1
1104 -9.337250473012457 -52.20072193603806 905.3312300107185 1101 1107 -1
1105 -48.0848985342893 -24.96120476627912 992.3366705504468 1102 1108 -1
1106 -47.38896492755527 -13.588634344827831 977.9713577985392 1103 1109 -1
1107 -9.339806543953815 -52.18270574143812 905.1608693354653 1104 1110 -1
1108 -48.1674199111524 -25.086442969117854 992.4802871458437 1105 1111 -1
1109 -47.56655760688685 -13.469010053435056 977.8462994538611 1106 1112 -1
1110 -9.341562906908042 -52.16469689512624 904.990497788534 1107 1113 -1
1111 -48.249321787781376 -25.212744255211003 992.6233262257905 1108 1114 -1
1112 -47.74443541667183 -13.350477706953548 977.7206082097846 1109 1115 -1
1113 -9.342460473030316 -52.1466963388375 904.8201186962579 1110 1116 -1
1114 -48.33058038626068 -25.340104194205416 992.7657923474292 1111 1117 -1
1115 -47.92246028003282 -13.23298990286146 977.5941468367441 1112 1118 -1
1116 -9.342436226667582 -52.12870514994432 904.6497362800732 1113 1119 -1
1117 -48.411173398495585 -25.468515708864274 992.9076914591029 1114 1120 -1
1118 -48.10049485005871 -13.116502824313931 977.4667766917485 1115 1121 -1
1119 -9.341441935104578 -52.11072434941008 904.4793557002206 1116 1122 -1
1120 -48.49107664673927 -25.597974439767146 993.0490279908735 1117 1123 -1
1121 -48.27840134491974 -13.000973825573485 977.3383593646001 1118 1124 -1
1122 -9.339421014958067 -52.09275513989153 904.3089830005067 1119 1125 -1
1123 -48.57026739023071 -25.72847359375869 993.1898076164181 1120 1126 -1
1124 -48.45604061856887 -12.886363376764965 977.2087546355946 1121 1127 -1
1125 -9.336307848425179 -52.07479894430855 904.1386254178875 1122 1128 -1
1126 -48.648720756793786 -25.86000920222344 993.3300344231803 1123 1129 -1
1127 -48.6332710452013 -12.772634403206803 977.0778206348992 1124 1130 -1
1128 -9.332058382851937 -52.05685703852878 903.9682909296755 1125 1131 -1
1129 -48.72641378165096 -25.992574340542603 993.4697139881831 1126 1132 -1
1130 -48.80994798955226 -12.659751737649987 976.9454146939198 1127 1133 -1
1131 -9.326618650260968 -52.03893092328946 903.7979886572073 1128 1134 -1
1132 -48.80332054338021 -26.126165751772064 993.6088498419366 1129 1135 -1
1133 -48.985921716108294 -12.547683762124617 976.8113903109946 1130 1136 -1
1134 -9.319925062653184 -52.02102235974308 903.6277292403169 1131 1137 -1
1135 -48.8794176803017 -26.260776500351362 993.7474473543788 1132 1138 -1
1136 -49.16103806305419 -12.43640037379526 976.6756010317098 1133 1139 -1
1137 -9.311953035856206 -52.00313280648143 903.4575229009849 1134 1140 -1
1138 -48.95467912410859 -26.39640275454974 993.885510131857 1135 1141 -1
1139 -49.33513524088039 -12.32587532863389 976.5378956584503 1136 1142 -1
1140 -9.302749717041591 -51.98526313753803 903.2873765690491 1137 1143 -1
1141 -49.029079883936696 -26.533038961328195 994.0230425542956 1138 1144 -1
1142 -49.508044658335635 -12.216084638697026 976.3981221459254 1139 1145 -1
1143 -9.292373856197338 -51.967414045499034 903.1172955047983 1140 1146 -1
1144 -49.102594441345744 -26.67067986648853 994.1600486942777 1141 1147 -1
1145 -49.67958868095587 -12.107007722815402 976.2561254042453 1142 1148 -1
1146 -9.280880031100658 -51.949586183256294 902.9472840719752 1143 1149 -1
1147 -49.17519554575729 -26.80932171861309 994.296531677863 1144 1150 -1
1148 -49.84957940035164 -11.998627528381016 976.111747501454 1145 1151 -1
1149 -9.268337318904202 -51.931779792036146 902.7773445296486 1146 1152 -1
1150 -49.24685781581076 -26.94895831009676 994.4324957391432 1147 1153 -1
1151 -50.01781756508045 -11.890930699666654 975.9648282125816 1148 1154 -1
1152 -9.254805110661708 -51.91399516436238 902.6074786032201 1149 1155 -1
1153 -49.31755395978772 -27.089585086401833 994.5679440582259 1150 1156 -1
1154 -50.1840914165599 -11.783907893558105 975.815205535469 1151 1157 -1
1155 -9.24034027188907 -51.896232540957506 902.4376872127663 1152 1158 -1
1156 -49.38725587102514 -27.23119780579615 994.7028794489195 1153 1159 -1
1157 -50.34817529011009 -11.677554229618453 975.6627160747377 1154 1160 -1
1158 -9.224998263383153 -51.87849210532201 902.2679704884052 1155 1161 -1
1159 -49.45593668705608 -27.373790541477323 994.8373053807949 1156 1162 -1
1160 -50.50982855148008 -11.57186968805223 975.5071960794347 1157 1163 -1
1161 -9.208842949522179 -51.86077371897891 902.0983269284005 1158 1164 -1
1162 -49.523568105622516 -27.51735832141484 994.9712245898846 1159 1165 -1
1163 -50.668794354014956 -11.466859642673151 975.3484824158694 1160 1166 -1
1164 -9.19193160088054 -51.84307730718946 901.9287547491288 1161 1167 -1
1165 -49.59012382992272 -27.661895947323348 995.1046385300398 1162 1168 -1
1166 -50.82479582375995 -11.362536011218989 975.186410976142 1163 1169 -1
1167 -9.174320969107173 -51.8254027223803 901.759251462751 1164 1170 -1
1168 -49.6555955137626 -27.807392816211692 995.2375452232263 1165 1171 -1
1169 -50.97754079401975 -11.258916539286972 975.0208249038109 1166 1172 -1
1170 -9.1560633104471 -51.80774989556425 901.5898143608391 1167 1173 -1
1171 -49.71998031634822 -27.95383707075515 995.3699413989764 1168 1174 -1
1172 -51.12671499435024 -11.156026841460779 974.8515699104136 1169 1175 -1
1173 -9.137218613281197 -51.79011842323554 901.4204393069188 1170 1176 -1
1174 -49.783275147971736 -28.101217135744943 995.5018237399499 1171 1177 -1
1175 -51.27198395905036 -11.053900500840273 974.6784996691699 1172 1178 -1
1176 -9.117842778704377 -51.77250795601082 901.2511219908312 1173 1179 -1
1177 -49.845476988508835 -28.24952142990325 995.6331890332879 1174 1180 -1
1178 -51.41299344185747 -10.952579679979888 974.5014792295157 1175 1181 -1
1179 -9.097990578785806 -51.75491812047406 901.0818577069529 1176 1182 -1
1180 -49.906582628535844 -28.398738578681296 995.7640340475442 1177 1183 -1
1181 -51.54936914592381 -10.852115927444046 974.3203877235743 1178 1184 -1
1182 -9.077716352657559 -51.737348502448405 900.912641339865 1179 1185 -1
1183 -49.9665891861015 -28.548856981260393 995.8943557777972 1180 1186 -1
1184 -51.68071881242142 -10.752570585622312 974.1351230342872 1181 1187 -1
1185 -9.057072114329207 -51.71979876995527 900.7434676408425 1182 1188 -1
1186 -50.02549416002994 -28.699864785451652 996.0241514732611 1183 1189 -1
1187 -51.80663284586934 -10.654015487287523 973.9456048868287 1184 1190 -1
1188 -9.036113770244624 -51.70226833451076 900.5743305593771 1185 1191 -1
1189 -50.08329476525208 -28.851750427760503 996.1534183202411 1186 1192 -1
1190 -51.92668625297942 -10.556533396450458 973.7517788342818 1187 1193 -1
1191 -9.014894807335109 -51.68475667623229 900.4052240236164 1188 1194 -1
1192 -50.13998826435979 -29.004502356808374 996.2821535994754 1189 1195 -1
1193 -52.04044797917904 -10.460217026387221 973.5536247056874 1190 1196 -1
1194 -8.993468080511265 -51.66726327328537 900.2361417915214 1191 1197 -1
1195 -50.19557196310694 -29.158109036392883 996.4103546839339 1192 1198 -1
1196 -52.147482316798424 -10.365169357384433 973.3511580530195 1193 1199 -1
1197 -8.971886158967225 -51.64978758998443 900.0670774616307 1194 1200 -1
1198 -50.25004320588206 -29.312558948351242 996.5380190365632 1195 1201 -1
1199 -52.24735378435819 -10.271503158150521 973.1444335823342 1196 1202 -1
1200 -8.950201296046508 -51.63232910218648 899.8980245250096 1197 1203 -1
1201 -50.30339937115554 -29.46784059522674 996.6651442079781 1198 1204 -1
1202 -52.33964294510445 -10.179338097620395 972.9335532680776 1199 1205 -1
1203 -8.928465772173395 -51.614887318459 899.7289763688792 1200 1206 -1
1204 -50.35563786690462 -29.623942502739954 996.7917278341041 1201 1207 -1
1205 -52.423949930917765 -10.088799834023417 972.7186651323815 1202 1208 -1
1206 -8.906731987474616 -51.59746160466718 899.5599263319456 1203 1209 -1
1207 -50.40675612601918 -29.780853222066295 996.9177676337762 1204 1210 -1
1208 -52.5 -10.0 972.5 1205 -1 -1
1209 -8.885051682228667 -51.580051417990205 899.3908678298022 1206 1211 -1
1210 -50.45675160169026 -29.938561331919914 997.043261406297 1207 1212 -1
1211 -8.863476478211933 -51.56265622529139 899.2217943420815 1209 1213 -1
1212 -50.50562176278436 -30.09705544044683 997.1682070289559 1210 1214 -1
1213 -8.842057911083769 -51.54527550758531 899.0526994555395 1211 1215 -1
1214 -50.55336407572497 -30.256324196031546 997.292602447929 1212 1216 -1
1215 -8.820847462028976 -51.527908764467746 898.8835769070283 1213 1217 -1
1216 -50.59997540784608 -30.41635668108255 997.4164453861515 1214 1218 -1
1217 -8.799898145815003 -51.51055558408459 898.7144204281938 1215 1219 -1
1218 -50.64545378129796 -30.577141231534377 997.5397342001813 1216 1220 -1
1219 -8.779260612535978 -51.49321545522533 898.545224299064 1217 1221 -1
1220 -50.68979668046995 -30.738666585748334 997.6624670534477 1218 1222 -1
1221 -8.758986174230648 -51.475887950836984 898.37598299476 1219 1223 -1
1222 -50.73300158208697 -30.900921518221832 997.7846421745094 1220 1224 -1
1223 -8.739126388406625 -51.45857268966154 898.2066912908459 1221 1225 -1
1224 -50.77506595053039 -31.06389484036508 997.9062578544069 1222 1226 -1
1225 -8.719732898631701 -51.441269331149485 898.0373443316242 1223 1227 -1
1226 -50.81598618013184 -31.227576041089538 998.0273119268122 1224 1228 -1
1227 -8.700857456510924 -51.42397757993206 897.8679376751863 1225 1229 -1
1228 -50.85576055236719 -31.391953462139373 998.147803219537 1226 1230 -1
1229 -8.682552670277476 -51.40669720342307 897.6984672603886 1227 1231 -1
1230 -50.8943865602054 -31.557015967476854 998.267730241162 1228 1232 -1
1231 -8.664872958696249 -51.38942804611011 897.5289293700388 1229 1233 -1
1232 -50.93186077308173 -31.722752976452366 998.3870911133293 1230 1234 -1
1233 -8.647867963585487 -51.37216992586584 897.359321374785 1231 1235 -1
1234 -50.96818055083439 -31.88915344655596 998.5058844127882 1232 1236 -1
1235 -8.631590043134887 -51.354922774783134 897.1896409633755 1233 1237 -1
1236 -51.00334384614334 -32.05620602399469 998.62410907425 1234 1238 -1
1237 -8.61609173093117 -51.337686593274356 897.0198864763332 1235 1239 -1
1238 -51.03734639318259 -32.22390060003836 998.741763007592 1236 1240 -1
1239 -8.601425738344446 -51.32046145482736 896.8500569558969 1237 1241 -1
1240 -51.070186511748766 -32.39222563733514 998.858845459612 1238 1242 -1
1241 -8.587644952587592 -51.30324751080066 896.6801521967451 1239 1243 -1
1242 -51.101860509873205 -32.56117070226947 998.9753547532521 1240 1244 -1
1243 -8.574805831513995 -51.28604503554391 896.5101725458829 1241 1245 -1
1244 -51.13236555405669 -32.73072489346699 999.0912896983365 1242 1246 -1
1245 -8.562961048677495 -51.26885434225838 896.3401195543153 1243 1247 -1
1246 -51.16169840125454 -32.900877519694966 999.2066489679025 1244 1248 -1
1247 -8.552161742044103 -51.25167581949109 896.1699957777081 1245 1249 -1
1248 -51.18985595917848 -33.07161780521714 999.321431373047 1246 1250 -1
1249 -8.54246139032153 -51.234509980162 895.9998045573094 1247 1251 -1
1250 -51.216834487741465 -33.24293527891191 999.4356354708076 1248 1252 -1
1251 -8.533913559599979 -51.21735743927996 895.8295502496203 1249 1253 -1
1252 -51.24263155469472 -33.414818825173775 999.5492605225371 1250 1254 -1
1253 -8.526556148622879 -51.20021898321991 895.6592389209409 1251 1255 -1
1254 -51.26724195112322 -33.58725862336107 999.662304492268 1252 1256 -1
1255 -8.520353619366146 -51.183095765988604 895.4888800445862 1253 1257 -1
1256 -51.29066360285379 -33.76024335605796 999.7747669416756 1254 1258 -1
1257 -8.515248456690484 -51.16598897850115 895.3184830718745 1255 1259 -1
1258 -51.31289257467166 -33.93376255865821 999.8866465827708 1256 1260 -1
1259 -8.511174250314859 -51.14889955755844 895.1480565690312 1257 1261 -1
1260 -51.33392385700096 -34.107806187156186 999.9979416658239 1258 1262 -1
1261 -8.50806979995885 -51.13182839900826 894.9776077872552 1259 1263 -1
1262 -51.35375462017479 -34.28236320597725 1000.1086515664236 1260 1264 -1
1263 -8.505873785313073 -51.11477629329289 894.8071429447411 1261 1265 -1
1264 -51.37238066975967 -34.457423143604146 1000.2187750544757 1262 1266 -1
1265 -8.504524806180388 -51.097743932354504 894.6366672900978 1263 1267 -1
1266 -51.389797688725686 -34.63297553037802 1000.3283109009104 1264 1268 -1
1267 -8.503961415679697 -51.0807319166093 894.4661851667724 1265 1269 -1
1268 -51.40600083604657 -34.80901004863729 1000.4372576828911 1266 1270 -1
1269 -8.504126035646554 -51.063740886668235 894.2957000768009 1267 1271 -1
1270 -51.420985820177535 -34.985516102669514 1000.5456143043227 1268 1272 -1
1271 -8.504952702827262 -51.04677116366492 894.1252147739353 1269 1273 -1
1272 -51.43474817680806 -35.162483112725766 1000.6533796439643 1270 1274 -1
1273 -8.506379856490655 -51.0298231112065 893.9547312679133 1271 1275 -1
1274 -51.447283046034336 -35.33990058696365 1000.7605524477638 1272 1276 -1
1275 -8.508346073859794 -51.01289703278425 893.7842509267566 1273 1277 -1
1276 -51.45858541765967 -35.517758017817776 1000.8671314475631 1274 1278 -1
1277 -8.510789963189985 -50.995993175477444 893.6137745430772 1275 1279 -1
1278 -51.46865012547305 -35.69604487783902 1000.9731153579783 1276 1280 -1
1279 -8.51365016466363 -50.97911173683272 893.4433023998156 1277 1281 -1
1280 -51.47747184146785 -35.87475061530624 1001.0785028732444 1278 1282 -1
1281 -8.51686660006989 -50.96225296816798 893.2728343510078 1279 1283 -1
1282 -51.48504506999847 -36.053864649607206 1001.1832926640202 1280 1284 -1
1283 -8.520376616333708 -50.945416932629016 893.1023698393744 1281 1285 -1
1284 -51.491364141872374 -36.23337636637902 1001.2874833741553 1282 1286 -1
1285 -8.524118300672065 -50.92860368003539 892.9319079999644 1283 1287 -1
1286 -51.49642270327242 -36.4132752625827 1001.391073377272 1284 1288 -1
1287 -8.528030362232126 -50.911813277235375 892.761447727957 1285 1289 -1
1288 -51.50021482772246 -36.593550594968434 1001.4940613066085 1286 1290 -1
1289 -8.532051499897957 -50.8950457751958 892.5909877364328 1287 1291 -1
1290 -51.50273451351575 -36.774191542414194 1001.5964458132629 1288 1292 -1
1291 -8.536120388134323 -50.87830121553227 892.4205266212899 1289 1293 -1
1292 -51.50397533293386 -36.95518729803457 1001.6982253994262 1290 1294 -1
1293 -8.540175440736524 -50.86157970535541 892.250062914268 1291 1295 -1
1294 -51.503929777567066 -37.13652721890798 1001.7993981111784 1292 1296 -1
1295 -8.544154679828003 -50.844881292021896 892.0795951589508 1293 1297 -1
1296 -51.50259114127572 -37.31820030848136 1001.8999624270525 1294 1298 -1
1297 -8.547996654717668 -50.82820595611501 891.9091220002803 1295 1299 -1
1298 -51.5 -37.5 1002.0 1296 -1 -1
1299 -8.551639781742493 -50.81155376684885 891.7386422201594 1297 1300 -1
1300 -8.555022377267537 -50.79492481634067 891.5681548115979 1299 1301 -1
1301 -8.55808264540117 -50.77831922596909 891.397659045099 1300 1302 -1
1302 -8.560757363165548 -50.7617372221062 891.2271545099188 1301 1303 -1
1303 -8.562983668738706 -50.745179019217666 891.056641232264 1302 1304 -1
1304 -8.564700690406871 -50.728644784759474 890.886119758484 1303 1305 -1
1305 -8.565846094142158 -50.71213482176297 890.7155911548639 1304 1306 -1
1306 -8.566357411515726 -50.695649494331605 890.5450571069317 1305 1307 -1
1307 -8.566172046894645 -50.67918923392862 890.3745199890601 1306 1308 -1
1308 -8.56522325473026 -50.66275467407911 890.2039829535045 1307 1309 -1
1309 -8.56345003247179 -50.64634632713326 890.0334500051442 1308 1310 -1
1310 -8.560790855744846 -50.62996481978189 889.8629260243507 1309 1311 -1
1311 -8.557182793631215 -50.6136109167799 889.6924168628595 1310 1312 -1
1312 -8.552562912246213 -50.59728548092124 889.5219294132337 1311 1313 -1
1313 -8.546866031147964 -50.580989540169035 889.3514717555873 1312 1314 -1
1314 -8.540025427174674 -50.56472427148681 889.1810532747984 1313 1315 -1
1315 -8.531983804987426 -50.54849072168496 889.0106842703976 1314 1316 -1
1316 -8.52267877029893 -50.532290203194684 888.8403764973671 1315 1317 -1
1317 -8.51204824487445 -50.51612415275249 888.6701430783654 1316 1318 -1
1318 -8.5 -50.5 888.5 1317 -1 -1
