0 -6.5 -49.5 -135.0 -1 1 -1
1 -6.5 -49.5 -134.5 0 2 -1
2 -7.0 -49.5 -134.0 1 3 -1
3 -6.5 -49.0 -133.5 2 4 -1
4 -7.0 -49.0 -133.0 3 5 -1
5 -7.5 -49.0 -132.5 4 6 -1
6 -7.5 -49.0 -132.0 5 7 -1
7 -8.0 -49.0 -131.5 6 8 -1
8 -7.5 -48.5 -131.0 7 9 -1
9 -8.0 -48.5 -130.5 8 10 -1
10 -8.5 -49.0 -130.0 9 11 -1
11 -8.5 -48.5 -129.5 10 12 -1
12 -8.5 -49.0 -129.0 11 13 -1
13 -8.5 -49.0 -128.5 12 14 -1
14 -8.5 -48.5 -128.0 13 15 -1
15 -8.5 -48.5 -127.5 14 16 -1
16 -8.5 -49.0 -127.0 15 17 -1
17 -9.0 -48.5 -126.5 16 18 -1
18 -9.0 -48.5 -126.0 17 19 -1
19 -9.0 -48.5 -125.5 18 20 -1
20 -9.0 -48.0 -125.0 19 21 -1
21 -9.0 -48.0 -124.5 20 22 -1
22 -9.5 -48.0 -124.0 21 23 -1
23 -9.5 -48.0 -123.5 22 24 -1
24 -9.5 -47.5 -123.0 23 25 -1
25 -10.0 -48.0 -122.5 24 26 -1
26 -10.0 -48.0 -122.0 25 27 -1
27 -10.5 -48.0 -121.5 26 28 -1
28 -10.5 -48.0 -121.0 27 29 -1
29 -10.5 -47.5 -120.5 28 30 -1
30 -10.5 -47.5 -120.0 29 31 -1
31 -11.0 -47.5 -119.5 30 32 -1
32 -11.0 -47.5 -119.0 31 33 -1
33 -11.5 -47.5 -118.5 32 34 -1
34 -11.5 -47.5 -118.0 33 35 -1
35 -12.0 -47.5 -117.5 34 36 -1
36 -12.0 -47.5 -117.0 35 37 -1
37 -12.0 -47.5 -116.5 36 38 -1
38 -12.5 -47.5 -116.0 37 39 -1
39 -12.5 -47.5 -115.5 38 40 -1
40 -12.0 -47.0 -115.0 39 41 -1
41 -12.5 -47.0 -114.5 40 42 -1
42 -12.5 -47.0 -114.0 41 43 -1
43 -12.5 -47.0 -113.5 42 44 -1
44 -13.0 -47.0 -113.0 43 45 -1
45 -13.0 -47.0 -112.5 44 46 -1
46 -13.0 -46.5 -112.0 45 47 -1
47 -13.0 -46.5 -111.5 46 48 -1
48 -13.0 -46.5 -111.0 47 49 -1
49 -13.0 -46.5 -110.5 48 50 -1
50 -13.0 -46.5 -110.0 49 51 -1
51 -13.0 -46.5 -109.5 50 52 -1
52 -13.0 -46.5 -109.0 51 53 -1
53 -13.0 -46.5 -108.5 52 54 -1
54 -12.5 -46.5 -108.0 53 55 -1
55 -12.5 -46.5 -107.5 54 56 -1
56 -12.5 -46.5 -107.0 55 57 -1
57 -12.5 -46.0 -106.5 56 58 -1
58 -12.5 -46.0 -106.0 57 59 -1
59 -12.5 -46.0 -105.5 58 60 -1
60 -12.5 -45.5 -105.0 59 61 -1
61 -12.0 -46.0 -104.5 60 62 -1
62 -12.0 -46.0 -104.0 61 63 -1
63 -12.0 -45.5 -103.5 62 64 -1
64 -12.0 -45.5 -103.0 63 65 -1
65 -12.0 -45.5 -102.5 64 66 -1
66 -12.0 -45.5 -102.0 65 67 -1
67 -12.0 -45.5 -101.5 66 68 -1
68 -11.5 -45.5 -101.0 67 69 -1
69 -12.0 -45.0 -100.5 68 70 -1
70 -12.0 -45.0 -100.0 69 71 -1
71 -12.0 -45.0 -99.5 70 72 -1
72 -11.5 -45.0 -99.0 71 73 -1
73 -11.5 -45.0 -98.5 72 74 -1
74 -11.5 -45.0 -98.0 73 75 -1
75 -11.5 -45.0 -97.5 74 76 -1
76 -11.0 -45.5 -97.0 75 77 -1
77 -11.5 -45.0 -96.5 76 78 -1
78 -11.5 -45.0 -96.0 77 79 -1
79 -11.5 -45.0 -95.5 78 80 -1
80 -11.0 -45.0 -95.0 79 81 -1
81 -11.0 -44.5 -94.5 80 82 -1
82 -11.0 -44.0 -94.0 81 83 -1
83 -11.0 -44.0 -93.5 82 84 -1
84 -11.0 -44.0 -93.0 83 85 -1
85 -11.0 -44.0 -92.5 84 86 -1
86 -10.5 -44.0 -92.0 85 87 -1
87 -10.0 -43.5 -91.5 86 88 -1
88 -10.0 -43.5 -91.0 87 89 -1
89 -10.0 -43.0 -90.5 88 90 -1
90 -10.0 -43.0 -90.0 89 91 -1
91 -10.0 -42.5 -89.5 90 92 -1
92 -10.0 -42.0 -89.0 91 93 94
93 -9.5 -42.0 -88.5 92 95 -1
94 -10.0 -41.0 -88.0 92 96 -1
95 -9.0 -42.5 -88.5 93 97 -1
96 -10.5 -40.5 -87.5 94 98 -1
97 -8.5 -43.0 -88.5 95 99 -1
98 -11.0 -40.0 -87.0 96 100 -1
99 -8.0 -43.5 -88.0 97 101 -1
100 -11.0 -39.5 -86.5 98 102 -1
101 -7.5 -44.0 -88.0 99 103 -1
102 -11.5 -39.0 -86.0 100 104 -1
103 -7.0 -44.5 -88.0 101 105 -1
104 -12.0 -38.5 -85.5 102 106 -1
105 -6.5 -45.0 -87.5 103 107 -1
106 -12.0 -38.0 -85.0 104 108 -1
107 -6.0 -45.5 -87.5 105 109 -1
108 -12.5 -37.5 -84.5 106 110 -1
109 -5.5 -46.0 -87.0 107 111 -1
110 -13.0 -37.5 -84.5 108 112 -1
111 -5.0 -46.5 -86.5 109 113 -1
112 -13.5 -37.0 -84.0 110 114 -1
113 -4.5 -47.0 -86.5 111 115 -1
114 -14.0 -36.5 -83.5 112 116 -1
115 -4.0 -47.5 -86.5 113 117 -1
116 -14.5 -36.5 -83.0 114 118 -1
117 -3.5 -48.0 -86.0 115 119 -1
118 -14.5 -36.0 -82.5 116 120 -1
119 -3.0 -48.5 -85.5 117 121 -1
120 -15.0 -35.5 -82.0 118 122 -1
121 -2.5 -48.5 -85.0 119 123 -1
122 -15.5 -35.5 -81.5 120 124 -1
123 -2.0 -49.0 -85.0 121 125 -1
124 -16.0 -35.0 -81.0 122 126 -1
125 -1.5 -49.5 -84.5 123 127 -1
126 -16.0 -34.5 -80.5 124 128 -1
127 -1.0 -49.5 -84.0 125 129 -1
128 -16.5 -34.5 -80.0 126 130 -1
129 -0.5 -49.5 -84.0 127 131 -1
130 -17.0 -34.5 -80.0 128 132 -1
131 0.0 -50.0 -84.0 129 133 -1
132 -17.5 -34.0 -79.5 130 134 -1
133 0.5 -50.5 -84.0 131 135 -1
134 -17.5 -33.5 -79.0 132 136 -1
135 1.0 -50.5 -83.5 133 137 -1
136 -18.0 -33.5 -78.5 134 138 -1
137 1.5 -50.5 -83.0 135 139 -1
138 -18.5 -33.0 -78.0 136 140 -1
139 2.0 -51.0 -83.0 137 141 -1
140 -19.0 -33.0 -77.5 138 142 -1
141 2.5 -51.0 -83.0 139 143 -1
142 -19.5 -33.0 -77.0 140 144 -1
143 3.0 -51.0 -82.5 141 145 -1
144 -20.0 -32.5 -76.5 142 146 -1
145 3.5 -51.5 -82.5 143 147 -1
146 -20.5 -32.5 -76.0 144 148 -1
147 4.0 -51.5 -82.0 145 149 -1
148 -21.0 -32.0 -75.5 146 150 -1
149 4.5 -51.5 -82.0 147 151 -1
150 -21.5 -32.0 -75.0 148 152 -1
151 5.0 -51.5 -82.0 149 153 -1
152 -22.0 -31.5 -74.5 150 154 -1
153 5.5 -51.5 -81.5 151 155 -1
154 -22.5 -31.5 -74.0 152 156 -1
155 6.0 -51.5 -81.5 153 157 -1
156 -23.0 -31.5 -74.0 154 158 -1
157 6.5 -51.0 -81.0 155 159 -1
158 -23.5 -31.5 -73.5 156 160 -1
159 7.0 -51.0 -81.0 157 161 -1
160 -24.0 -31.0 -73.0 158 162 -1
161 7.5 -51.0 -81.0 159 163 -1
162 -24.5 -31.0 -73.0 160 164 -1
163 8.0 -51.0 -80.5 161 165 -1
164 -25.0 -30.5 -72.5 162 166 -1
165 8.5 -51.0 -80.5 163 167 -1
166 -25.5 -30.5 -72.0 164 168 -1
167 9.0 -51.0 -80.5 165 169 -1
168 -26.0 -30.5 -71.5 166 170 -1
169 9.5 -50.5 -80.0 167 171 -1
170 -26.5 -30.5 -71.0 168 172 -1
171 10.0 -50.5 -80.0 169 173 -1
172 -27.0 -30.0 -70.5 170 174 -1
173 10.5 -50.5 -79.5 171 175 -1
174 -27.5 -29.5 -70.5 172 176 -1
175 11.0 -50.5 -79.5 173 177 -1
176 -28.0 -29.5 -70.0 174 178 -1
177 11.5 -50.0 -79.0 175 179 -1
178 -28.5 -29.0 -69.5 176 180 -1
179 12.0 -50.0 -79.0 177 181 -1
180 -29.0 -29.0 -69.0 178 182 -1
181 12.5 -49.5 -78.5 179 183 -1
182 -29.5 -29.0 -68.5 180 184 -1
183 13.0 -49.5 -78.5 181 185 -1
184 -30.0 -28.5 -68.0 182 186 -1
185 13.5 -49.5 -78.0 183 187 -1
186 -30.5 -28.0 -68.0 184 188 -1
187 14.0 -49.0 -77.5 185 189 -1
188 -31.0 -27.5 -68.0 186 190 -1
189 14.5 -49.0 -77.0 187 191 -1
190 -31.5 -27.5 -67.5 188 192 -1
191 15.0 -49.0 -76.5 189 193 -1
192 -32.0 -27.5 -67.0 190 194 -1
193 15.5 -49.0 -76.0 191 195 -1
194 -32.5 -27.5 -66.5 192 196 -1
195 15.5 -48.5 -75.5 193 197 -1
196 -33.0 -27.0 -66.0 194 198 -1
197 16.0 -48.5 -75.0 195 199 -1
198 -33.5 -27.0 -65.5 196 200 -1
199 16.5 -48.0 -74.5 197 201 -1
200 -34.0 -27.0 -65.5 198 202 -1
201 17.0 -48.0 -74.0 199 203 -1
202 -34.5 -27.0 -65.0 200 204 -1
203 17.5 -47.5 -73.5 201 205 -1
204 -35.0 -27.0 -64.5 202 206 -1
205 18.0 -47.5 -73.0 203 207 -1
206 -35.5 -26.5 -64.5 204 208 -1
207 18.0 -47.0 -72.5 205 209 -1
208 -36.0 -26.5 -64.0 206 210 -1
209 18.5 -46.5 -72.0 207 211 -1
210 -36.5 -26.5 -64.0 208 212 -1
211 19.0 -46.0 -71.5 209 213 -1
212 -37.0 -26.5 -63.5 210 214 -1
213 19.5 -45.5 -71.0 211 215 -1
214 -37.5 -26.0 -63.0 212 216 -1
215 19.5 -45.5 -70.5 213 217 -1
216 -38.0 -26.0 -62.5 214 218 -1
217 20.0 -45.0 -70.0 215 219 -1
218 -38.5 -26.0 -62.0 216 220 -1
219 20.0 -45.0 -69.5 217 221 -1
220 -39.0 -26.0 -61.5 218 222 -1
221 20.5 -44.5 -69.0 219 223 -1
222 -39.5 -25.5 -61.5 220 224 -1
223 21.0 -44.0 -68.5 221 225 -1
224 -40.0 -25.5 -61.0 222 226 -1
225 21.0 -44.0 -68.0 223 227 -1
226 -40.5 -25.5 -60.5 224 228 -1
227 21.5 -43.5 -67.5 225 229 -1
228 -41.0 -25.5 -60.0 226 230 -1
229 21.5 -43.5 -67.0 227 231 -1
230 -41.5 -25.0 -59.5 228 232 -1
231 22.0 -43.5 -66.5 229 233 -1
232 -42.0 -25.0 -59.0 230 234 -1
233 22.5 -43.0 -66.0 231 235 -1
234 -42.0 -25.0 -58.5 232 236 -1
235 23.0 -42.5 -65.5 233 237 -1
236 -42.5 -24.5 -58.0 234 238 -1
237 23.0 -42.5 -65.0 235 239 -1
238 -43.0 -24.5 -57.5 236 240 -1
239 23.5 -42.0 -64.5 237 241 -1
240 -43.5 -24.5 -57.0 238 242 -1
241 24.0 -41.5 -64.0 239 243 -1
242 -44.0 -24.0 -57.0 240 244 -1
243 24.0 -41.5 -63.5 241 245 -1
244 -44.5 -23.5 -56.5 242 246 -1
245 24.5 -41.0 -63.0 243 247 -1
246 -45.0 -23.5 -56.0 244 248 -1
247 25.0 -40.5 -62.5 245 249 -1
248 -45.5 -23.5 -55.5 246 250 -1
249 25.0 -40.0 -62.0 247 251 -1
250 -46.0 -23.0 -55.0 248 252 -1
251 25.5 -39.5 -61.5 249 253 -1
252 -46.5 -23.0 -54.5 250 254 -1
253 26.0 -39.0 -61.0 251 255 -1
254 -47.0 -23.0 -54.0 252 256 -1
255 26.5 -38.5 -61.0 253 257 -1
256 -47.0 -23.0 -53.5 254 258 -1
257 26.5 -38.0 -60.5 255 259 -1
258 -47.5 -23.0 -53.0 256 260 -1
259 26.5 -37.5 -60.0 257 261 -1
260 -48.0 -22.5 -52.5 258 262 -1
261 27.0 -37.0 -59.5 259 263 -1
262 -48.0 -23.0 -52.0 260 264 -1
263 27.5 -36.5 -59.5 261 265 -1
264 -48.5 -23.0 -51.5 262 266 -1
265 27.5 -36.0 -59.0 263 267 -1
266 -48.5 -23.0 -51.0 264 268 -1
267 28.0 -35.5 -59.0 265 269 -1
268 -49.0 -23.0 -50.5 266 270 -1
269 28.0 -35.0 -58.5 267 271 -1
270 -49.0 -23.0 -50.0 268 272 -1
271 28.5 -34.5 -58.5 269 273 -1
272 -49.0 -23.0 -49.5 270 274 -1
273 28.5 -34.0 -58.0 271 275 -1
274 -49.0 -23.5 -49.0 272 276 -1
275 29.0 -33.5 -58.5 273 277 -1
276 -49.5 -23.5 -48.5 274 278 279
277 29.5 -33.0 -58.5 275 280 -1
278 -50.0 -23.0 -48.5 276 281 -1
279 -49.5 -24.0 -48.0 276 282 -1
280 30.0 -32.5 -58.5 277 283 -1
281 -50.5 -22.5 -48.0 278 284 -1
282 -49.5 -24.5 -48.0 279 285 -1
283 30.0 -32.0 -58.0 280 286 -1
284 -51.0 -22.0 -48.0 281 287 -1
285 -49.0 -25.0 -47.5 282 288 -1
286 30.5 -31.5 -58.0 283 289 -1
287 -51.5 -22.0 -47.5 284 290 -1
288 -49.0 -25.0 -47.0 285 291 -1
289 30.5 -31.0 -57.5 286 -1 -1
290 -52.0 -21.5 -47.0 287 292 -1
291 -49.0 -25.5 -46.5 288 293 -1
292 -52.5 -21.5 -46.5 290 294 -1
293 -48.5 -26.0 -46.5 291 295 -1
294 -52.5 -21.5 -46.0 292 296 -1
295 -48.0 -26.5 -46.0 293 297 -1
296 -53.0 -21.0 -45.5 294 298 -1
297 -48.0 -26.5 -45.5 295 299 -1
298 -53.5 -20.5 -45.0 296 300 -1
299 -48.0 -27.0 -45.0 297 301 -1
300 -54.0 -20.0 -44.5 298 302 -1
301 -48.0 -27.5 -44.5 299 303 -1
302 -54.5 -19.5 -44.5 300 304 -1
303 -47.5 -28.0 -44.0 301 305 -1
304 -55.0 -19.0 -44.0 302 306 -1
305 -47.0 -28.0 -44.0 303 307 -1
306 -55.5 -19.0 -43.5 304 308 -1
307 -46.5 -28.5 -43.5 305 309 -1
308 -56.0 -18.5 -43.0 306 310 -1
309 -46.0 -28.5 -43.0 307 311 -1
310 -56.5 -18.0 -42.5 308 312 -1
311 -45.5 -29.0 -42.5 309 313 -1
312 -56.5 -17.5 -42.0 310 314 -1
313 -45.0 -29.0 -42.5 311 315 -1
314 -57.0 -17.5 -41.5 312 316 -1
315 -44.5 -29.0 -42.5 313 317 -1
316 -57.5 -17.5 -41.0 314 318 -1
317 -44.0 -29.5 -42.0 315 319 -1
318 -58.0 -17.0 -40.5 316 320 321
319 -43.5 -30.0 -41.5 317 322 -1
320 -58.5 -17.5 -40.0 318 323 -1
321 -58.0 -16.5 -40.5 318 324 -1
322 -43.0 -30.5 -41.5 319 325 -1
323 -58.5 -17.5 -39.5 320 326 -1
324 -58.0 -16.0 -40.5 321 327 -1
325 -42.5 -30.5 -41.5 322 328 -1
326 -58.5 -18.0 -39.0 323 329 -1
327 -58.5 -15.5 -40.0 324 330 -1
328 -42.0 -30.5 -41.0 325 331 -1
329 -58.5 -18.5 -38.5 326 332 -1
330 -58.5 -15.0 -40.0 327 333 -1
331 -41.5 -31.0 -41.0 328 334 -1
332 -59.0 -19.0 -38.0 329 335 -1
333 -58.5 -14.5 -40.0 330 336 -1
334 -41.0 -31.0 -41.0 331 337 -1
335 -59.0 -19.5 -37.5 332 338 -1
336 -58.5 -14.0 -39.5 333 339 -1
337 -40.5 -31.0 -40.5 334 340 -1
338 -59.5 -20.0 -37.0 335 341 -1
339 -58.5 -13.5 -40.0 336 342 -1
340 -40.0 -31.0 -40.0 337 343 -1
341 -59.5 -20.0 -36.5 338 344 -1
342 -59.0 -13.0 -39.5 339 345 -1
343 -39.5 -31.0 -40.0 340 346 -1
344 -60.0 -20.5 -36.0 341 347 -1
345 -59.0 -12.5 -39.5 342 348 -1
346 -39.0 -31.0 -39.5 343 349 -1
347 -60.0 -20.5 -35.5 344 350 -1
348 -59.0 -12.0 -39.0 345 351 -1
349 -38.5 -31.0 -39.0 346 352 -1
350 -60.5 -21.0 -35.0 347 353 -1
351 -59.0 -11.5 -39.0 348 354 -1
352 -38.0 -31.0 -39.0 349 355 -1
353 -61.0 -21.0 -34.5 350 356 -1
354 -59.5 -11.0 -39.0 351 357 -1
355 -37.5 -30.5 -38.5 352 358 -1
356 -61.0 -21.0 -34.0 353 359 -1
357 -59.5 -10.5 -39.0 354 360 -1
358 -37.0 -31.0 -38.5 355 361 -1
359 -61.5 -21.0 -33.5 356 362 -1
360 -59.5 -10.0 -39.0 357 363 -1
361 -36.5 -30.5 -38.0 358 364 -1
362 -61.5 -21.5 -33.0 359 365 -1
363 -59.5 -9.5 -39.0 360 366 -1
364 -36.0 -31.0 -38.0 361 367 -1
365 -62.0 -21.5 -32.5 362 368 -1
366 -59.5 -9.0 -38.5 363 369 -1
367 -35.5 -31.0 -37.5 364 370 -1
368 -62.5 -21.5 -32.0 365 371 -1
369 -60.0 -8.5 -38.5 366 372 -1
370 -35.0 -31.0 -37.5 367 373 -1
371 -63.0 -21.5 -31.5 368 374 -1
372 -60.0 -8.0 -38.5 369 375 -1
373 -34.5 -31.0 -37.0 370 376 -1
374 -63.5 -21.5 -31.0 371 377 -1
375 -60.0 -7.5 -38.0 372 378 -1
376 -34.0 -31.0 -37.0 373 379 -1
377 -63.5 -21.5 -30.5 374 380 -1
378 -60.5 -7.0 -38.5 375 381 -1
379 -33.5 -31.0 -37.0 376 382 -1
380 -63.5 -22.0 -30.0 377 383 -1
381 -60.5 -6.5 -38.5 378 384 -1
382 -33.0 -31.0 -36.5 379 385 -1
383 -64.0 -22.0 -29.5 380 386 -1
384 -60.5 -6.0 -38.0 381 387 -1
385 -32.5 -31.0 -36.5 382 388 -1
386 -64.5 -22.0 -29.0 383 389 -1
387 -60.5 -5.5 -38.0 384 390 -1
388 -32.0 -30.5 -36.0 385 391 -1
389 -65.0 -22.0 -28.5 386 392 -1
390 -60.5 -5.0 -38.0 387 393 -1
391 -31.5 -31.0 -36.0 388 394 -1
392 -65.0 -22.0 -28.0 389 395 -1
393 -60.5 -4.5 -38.0 390 396 -1
394 -31.0 -30.5 -36.0 391 397 -1
395 -65.0 -22.0 -27.5 392 398 -1
396 -61.0 -4.0 -38.0 393 399 -1
397 -30.5 -30.5 -35.5 394 400 -1
398 -65.5 -22.5 -27.0 395 401 -1
399 -61.0 -3.5 -38.0 396 402 -1
400 -30.0 -31.0 -35.5 397 403 -1
401 -65.5 -22.5 -26.5 398 404 -1
402 -61.0 -3.0 -38.0 399 405 -1
403 -29.5 -30.5 -35.0 400 -1 -1
404 -66.0 -22.5 -26.0 401 406 -1
405 -61.0 -2.5 -38.0 402 407 -1
406 -66.0 -22.5 -25.5 404 408 -1
407 -61.0 -2.0 -37.5 405 409 -1
408 -66.0 -22.5 -25.0 406 410 -1
409 -61.0 -1.5 -37.5 407 411 -1
410 -66.0 -22.0 -24.5 408 412 -1
411 -60.5 -1.0 -37.5 409 413 -1
412 -66.0 -22.0 -24.0 410 414 -1
413 -61.0 -0.5 -37.0 411 415 -1
414 -66.5 -22.0 -23.5 412 416 -1
415 -61.0 0.0 -37.0 413 417 -1
416 -66.5 -22.0 -23.0 414 418 -1
417 -61.0 0.5 -36.5 415 419 -1
418 -67.0 -22.0 -22.5 416 420 -1
419 -60.5 1.0 -36.5 417 421 -1
420 -67.0 -22.0 -22.0 418 -1 -1
421 -60.5 1.5 -36.0 419 422 -1
422 -60.5 2.0 -35.5 421 423 -1
423 -60.5 2.5 -35.0 422 424 -1
424 -60.5 3.0 -34.5 423 425 -1
425 -60.0 3.5 -34.0 424 426 -1
426 -59.5 4.0 -34.0 425 427 -1
427 -59.5 4.5 -33.5 426 428 -1
428 -59.5 5.0 -33.0 427 429 -1
429 -59.5 5.0 -32.5 428 -1 -1
