0 -6.5 -49.5 -135.0 -1 1 -1
1 -6.5624601840676835 -49.47794955952409 -134.840658681991 0 2 -1
2 -6.623775856953532 -49.455993977325036 -134.6809790033125 1 3 -1
3 -6.683979866825198 -49.43406024919184 -134.52087385965507 2 4 -1
4 -6.743098513197042 -49.412150277287466 -134.36036151111335 3 5 -1
5 -6.801167596407937 -49.39026565526281 -134.19946301800772 4 6 -1
6 -6.858218210499418 -49.36840797304264 -134.03819691162224 5 7 -1
7 -6.914278966547442 -49.34657880557508 -133.8765801617318 6 8 -1
8 -6.969383270311739 -49.32477950229807 -133.714630769115 7 9 -1
9 -7.023563843934132 -49.303011330921365 -133.5523658088861 8 10 -1
10 -7.076852320753883 -49.28127550362684 -133.38980134821156 9 11 -1
11 -7.129278799046516 -49.259573212276 -133.2269523609215 10 12 -1
12 -7.180875826206581 -49.237905475218064 -133.06383406621794 11 13 -1
13 -7.231676067522417 -49.21627321573192 -132.9004611580143 12 14 -1
14 -7.281711063484585 -49.19467732317527 -132.73684744357956 13 15 -1
15 -7.331012255005622 -49.173118615433445 -132.5730062082382 14 16 -1
16 -7.379610956062525 -49.151597842425645 -132.40895023265762 15 17 -1
17 -7.427538032943736 -49.130115707689406 -132.2446917226731 16 18 -1
18 -7.474824245539129 -49.10867285389595 -132.08024243993148 17 19 -1
19 -7.521501141515745 -49.08726980197914 -131.91561398459447 18 20 -1
20 -7.567599271270932 -49.06590706352582 -131.7508172902957 19 21 -1
21 -7.613148949842385 -49.04458509912707 -131.58586287782018 20 22 -1
22 -7.6581802405734285 -49.023304321553624 -131.4207608736729 21 23 -1
23 -7.702722940286659 -49.00206509884903 -131.2555210285624 22 24 -1
24 -7.7468065658758425 -48.980867757335936 -131.09015273573385 23 25 -1
25 -7.790460342227091 -48.95971258453086 -130.92466504909493 24 26 -1
26 -7.833713191381625 -48.93859983196484 -130.75906670108338 25 27 -1
27 -7.876593722854048 -48.91752971790728 -130.593366120231 26 28 -1
28 -7.919130195096555 -48.89650243406255 -130.42757144022238 27 29 -1
29 -7.961350094679332 -48.87551821203575 -130.26169040420257 28 30 -1
30 -8.003281567965361 -48.8545771238913 -130.09573077278034 29 31 -1
31 -8.04495192170913 -48.83367928028093 -129.92969993275008 30 32 -1
32 -8.086388116147678 -48.81282477069864 -129.76360504892224 31 33 -1
33 -8.127616760560814 -48.79201366561102 -129.5974530792347 32 34 -1
34 -8.168664109463 -48.77124601848916 -129.43125078937703 33 35 -1
35 -8.209555615877079 -48.75052201735878 -129.26500463941017 34 36 -1
36 -8.250317366338505 -48.72984156818236 -129.0987212031522 35 37 -1
37 -8.290974610349544 -48.709204669757796 -128.93240677244629 36 38 -1
38 -8.331552176853277 -48.68861132753501 -128.76606748466617 37 39 -1
39 -8.37207438125414 -48.66806175734654 -128.59970928778816 38 40 -1
40 -8.41256572259456 -48.647555742494745 -128.43333820161234 39 41 -1
41 -8.453049950517409 -48.62709326668238 -128.26696002366702 40 42 -1
42 -8.493550668920657 -48.60667455013527 -128.10058048320826 41 43 -1
43 -8.534090991546785 -48.58629937235277 -127.93420525107575 42 44 -1
44 -8.574693703299204 -48.56596775081825 -127.76783990546828 43 45 -1
45 -8.615381640754602 -48.54567983557726 -127.60149004778253 44 46 -1
46 -8.656176419904277 -48.52543537441671 -127.435161065683 45 47 -1
47 -8.697100628111201 -48.50523463783482 -127.26885856592561 46 48 -1
48 -8.738175008578626 -48.48507737856976 -127.10258781810522 47 49 -1
49 -8.779421405972235 -48.464963788494444 -126.93635437090403 48 50 -1
50 -8.820860054706968 -48.44489372767118 -126.77016348337915 49 51 -1
51 -8.862512125194085 -48.424867352915406 -126.60402068754712 50 52 -1
52 -8.904396966630896 -48.404884523663654 -126.43793117843869 51 53 -1
53 -8.946535610392853 -48.38494547671682 -126.27190061907311 52 54 -1
54 -8.988945977412246 -48.36504998374276 -126.10593403579956 53 55 -1
55 -9.03164933239878 -48.34519840638942 -125.94003733911688 54 56 -1
56 -9.074662721524385 -48.3253905260229 -125.77421553511526 55 57 -1
57 -9.118005376409627 -48.30562650641074 -125.6084742571157 56 58 -1
58 -9.16169619400053 -48.28590650087824 -125.44281917550698 57 59 -1
59 -9.205751648940916 -48.26623041613524 -125.27725547299875 58 60 -1
60 -9.250190406392813 -48.246598476122976 -125.11178899997704 59 61 -1
61 -9.295029997656435 -48.22701080913644 -124.94642545234971 60 62 -1
62 -9.340286135222598 -48.207467397210735 -124.78117018263238 61 63 -1
63 -9.385975465614747 -48.187968375847895 -124.61602891139835 62 64 -1
64 -9.432116415623609 -48.1685140920929 -124.45100797797829 63 65 -1
65 -9.478723002357041 -48.14910449861369 -124.28611268762981 64 66 -1
66 -9.525810817154683 -48.12973975347061 -124.1213488995411 65 67 -1
67 -9.573395223055101 -48.11042003448227 -123.95672255537735 66 68 -1
68 -9.621491676176463 -48.09114556601717 -123.79223977353793 67 69 -1
69 -9.670115441515835 -48.0719166056565 -123.62790677447411 68 70 -1
70 -9.719262018482272 -48.05273263918467 -123.46372410438737 69 71 -1
71 -9.768900844434821 -48.03359232059024 -123.29968448213305 70 72 -1
72 -9.818999455483052 -48.01449421541703 -123.13577976359643 71 73 -1
73 -9.869526002951305 -47.99543688931829 -122.97200170006398 72 74 -1
74 -9.920449223986276 -47.976418909766444 -122.80834195499123 73 75 -1
75 -9.971738412410735 -47.95743884760178 -122.64479211949157 74 76 -1
76 -10.023363389868305 -47.938495278433656 -122.48134372664342 75 77 -1
77 -10.075294477296966 -47.91958678390644 -122.3179882647087 76 78 -1
78 -10.12750246676182 -47.90071195284231 -122.15471718935167 77 79 -1
79 -10.179958593671955 -47.88186938227214 -121.99152193494362 78 80 -1
80 -10.232634509400448 -47.863057678365124 -121.8283939250344 79 81 -1
81 -10.285502254322244 -47.84427545726715 -121.6653245820689 80 82 -1
82 -10.338534231280393 -47.8255213458578 -121.50230533642208 81 83 -1
83 -10.391703179487862 -47.80679398243451 -121.33932763482376 82 84 -1
84 -10.444982148868865 -47.78809201733292 -121.17638294824033 83 85 -1
85 -10.498344474841454 -47.7694141134911 -121.0134627792778 84 86 -1
86 -10.551763753540984 -47.75075894696563 -120.85055866916797 85 87 -1
87 -10.605213817482328 -47.73212520740658 -120.68766220439628 86 88 -1
88 -10.658668711657615 -47.71351159849827 -120.52476502302785 87 89 -1
89 -10.712102670065253 -47.69491683837258 -120.36185882078571 88 90 -1
90 -10.76549009266542 -47.67633966000073 -120.1989353569329 89 91 -1
91 -10.81880552275708 -47.657778811569706 -120.0359864600086 90 92 -1
92 -10.87202355594859 -47.63923306462303 -119.87300401013654 91 93 -1
93 -10.925118694765409 -47.62070121539414 -119.70997990463579 92 94 -1
94 -10.978065957788452 -47.60218203070214 -119.5469062753213 93 95 -1
95 -11.030840236825656 -47.583674322846754 -119.38377528255091 94 96 -1
96 -11.08341646093175 -47.565176921251705 -119.22057918454402 95 97 -1
97 -11.135769576203636 -47.546688672859204 -119.05731034319415 96 98 -1
98 -11.1878745259773 -47.52820844254418 -118.89396123003986 97 99 -1
99 -11.239706231428006 -47.50973511355256 -118.73052443243365 98 100 -1
100 -11.291238698625003 -47.49126760063926 -118.56699238407582 99 101 -1
101 -11.342447293665233 -47.472804808666815 -118.40335810150573 100 102 -1
102 -11.393306904170842 -47.454345676105326 -118.23961460720581 101 103 -1
103 -11.443792176568707 -47.43588916477875 -118.07575502072059 102 104 -1
104 -11.493877645095536 -47.41743425763916 -117.91177261293954 103 105 -1
105 -11.543537714956464 -47.39897995943467 -117.747660814217 104 106 -1
106 -11.592746101202746 -47.38052529591576 -117.5834130607635 105 107 -1
107 -11.641476283612148 -47.36206931201774 -117.41902295176286 106 108 -1
108 -11.689703176221702 -47.343611083503966 -117.2544847505894 107 109 -1
109 -11.737400513525602 -47.3251497104282 -117.08979261998303 108 110 -1
110 -11.784541825085475 -47.306684318871 -116.92494093043155 109 111 -1
111 -11.831100421947669 -47.288214061968574 -116.75992427144439 110 112 -1
112 -11.877049383726279 -47.26973812101374 -116.59473746345923 111 113 -1
113 -11.922359852634315 -47.25125568815809 -116.42937511209607 112 114 -1
114 -11.967005595495014 -47.232766015112695 -116.26383287669576 113 115 -1
115 -12.010959307431694 -47.214268379311164 -116.09810645591143 114 116 -1
116 -12.054193036211997 -47.19576208775544 -115.93219173149348 115 117 -1
117 -12.096678545826867 -47.17724648229885 -115.76608488609692 116 118 -1
118 -12.13838730866752 -47.15872094122784 -115.599782419437 117 119 -1
119 -12.179290498787708 -47.1401848809308 -115.43328116521444 118 120 -1
120 -12.219357861166891 -47.121637742590146 -115.26657804316064 119 121 -1
121 -12.258559921990882 -47.103079023448906 -115.09967061971321 120 122 -1
122 -12.296868033733986 -47.08450828010804 -114.93255710817206 121 123 -1
123 -12.334252145038635 -47.0659251003516 -114.76523586750152 122 124 -1
124 -12.370681892008337 -47.047329119718334 -114.59770568675496 123 125 -1
125 -12.406126599805534 -47.028720023689466 -114.42996580656403 124 126 -1
126 -12.440555286004207 -47.0100975499582 -114.26201594133737 125 127 -1
127 -12.473936665812467 -46.99146149077736 -114.09385630213352 126 128 -1
128 -12.506239159283869 -46.972811695380386 -113.92548762016337 127 129 -1
129 -12.537430900639661 -46.95414807247037 -113.75691117086805 128 130 -1
130 -12.567478987391015 -46.93547058380224 -113.58812866650138 129 131 -1
131 -12.596350809438958 -46.91677926327312 -113.41914252704878 130 132 -1
132 -12.624014744324153 -46.898074226033884 -113.24995599380959 131 133 -1
133 -12.6504379317077 -46.87935564486596 -113.08057277001632 132 134 -1
134 -12.67558730738204 -46.86062376516446 -112.9109972290626 133 135 -1
135 -12.699429627766596 -46.84187890764987 -112.74123444025832 134 136 -1
136 -12.721931497373253 -46.82312147107401 -112.57129019445544 135 137 -1
137 -12.743059399351845 -46.80435193490404 -112.40117102938834 136 138 -1
138 -12.762779729217492 -46.785570861966335 -112.2308842545569 137 139 -1
139 -12.781058831850991 -46.766778901030285 -112.06043797546543 138 140 -1
140 -12.797863041850968 -46.74797678931109 -111.88984111701426 139 141 -1
141 -12.813158727306265 -46.72916535486783 -111.7191034458269 140 142 -1
142 -12.826920604032697 -46.71034543046686 -111.54823624615676 141 143 -1
143 -12.839162515263736 -46.69151747522029 -111.37725428914402 142 144 -1
144 -12.849910731436706 -46.67268175974054 -111.20617277416983 143 145 -1
145 -12.859192067584342 -46.65383847591305 -111.0350062246193 144 146 -1
146 -12.867033821742393 -46.63498773769125 -110.86376848384373 145 147 -1
147 -12.873463726666197 -46.61612958195357 -110.69247271451817 146 148 -1
148 -12.878509903358083 -46.59726396951999 -110.52113140022803 147 149 -1
149 -12.882200816514437 -46.578390786310585 -110.34975634911899 148 150 -1
150 -12.884565231980856 -46.55950984462907 -110.17835869944408 149 151 -1
151 -12.88563217628526 -46.540620884554535 -110.00694892684321 150 152 -1
152 -12.885430898300747 -46.52172357542557 -109.8355368531935 151 153 -1
153 -12.883990833073852 -46.50281751740126 -109.66413165687216 152 154 -1
154 -12.881341567838282 -46.48390224308495 -109.49274188427921 153 155 -1
155 -12.87751281022062 -46.46497721919667 -109.32137546247276 154 156 -1
156 -12.872534358631892 -46.44604184828184 -109.15003971277622 155 157 -1
157 -12.866436074827385 -46.427095470444115 -108.97874136522358 156 158 -1
158 -12.859247858607501 -46.40813736509167 -108.80748657371703 157 159 -1
159 -12.850999624623316 -46.38916675268649 -108.63628093177786 158 160 -1
160 -12.841721281243196 -46.37018279648794 -108.46512948878073 159 161 -1
161 -12.831442711430196 -46.35118460428197 -108.29403676656851 160 162 -1
162 -12.820193755574623 -46.332171230088925 -108.1230067763533 161 163 -1
163 -12.808004196221711 -46.313141675843106 -107.95204303581713 162 164 -1
164 -12.794903744630794 -46.29409489303848 -107.78114858633391 163 165 -1
165 -12.780922029099703 -46.2750297843357 -107.61032601024131 164 166 -1
166 -12.766088584986147 -46.255945205125954 -107.43957744809897 165 167 -1
167 -12.750432846356588 -46.23683996504835 -107.26890461587695 166 168 -1
168 -12.733984139192534 -46.217712829457966 -107.09830882202412 167 169 -1
169 -12.71677167608392 -46.19856252084224 -106.92779098437404 168 170 -1
170 -12.698824552339845 -46.17938772018415 -106.75735164685075 169 171 -1
171 -12.680171743447515 -46.160187068271185 -106.58699099594395 170 172 -1
172 -12.660842103811502 -46.140959166949266 -106.41670887692759 171 173 -1
173 -12.640864098075138 -46.12170256724068 -106.24650484332066 172 174 -1
174 -12.62026642119224 -46.10241579705969 -106.07637809834642 173 175 -1
175 -12.599077789797695 -46.0830973579606 -105.90632753087937 174 176 -1
176 -12.577326588029726 -46.06374570742809 -105.7363517767792 175 177 -1
177 -12.555041089290402 -46.044359269496546 -105.56644920741203 176 178 -1
178 -12.532249461302495 -46.02493643569018 -105.39661794407401 177 179 -1
179 -12.508979772024139 -46.00547556591604 -105.22685587210589 178 180 -1
180 -12.48525999636904 -45.985974989312155 -105.05716065470548 179 181 -1
181 -12.461118023682438 -45.96643300505349 -104.88752974644763 180 182 -1
182 -12.436581665925113 -45.94684788311876 -104.71796040652423 181 183 -1
183 -12.41167866651989 -45.92721786502127 -104.54844971171916 182 184 -1
184 -12.386436709817238 -45.90754116450721 -104.37899456913489 183 185 -1
185 -12.360883431138467 -45.88781596822495 -104.20959172869024 184 186 -1
186 -12.335046427356808 -45.868040436369505 -104.0402377954098 185 187 -1
187 -12.308953267978518 -45.84821270330585 -103.87092924152809 186 188 -1
188 -12.282631506687675 -45.82833087817584 -103.70166241843262 187 189 -1
189 -12.25610869331955 -45.80839304549271 -103.5324335684715 188 190 -1
190 -12.229412386229034 -45.788397265728385 -103.36323883665303 189 191 -1
191 -12.202570165021248 -45.768341575898255 -103.19407428226546 190 192 -1
192 -12.175609643612708 -45.748223990148496 -103.02493589044683 191 193 -1
193 -12.148558483591762 -45.72804250035154 -102.85581958373531 192 194 -1
194 -12.121444407847656 -45.70779507671499 -102.68672123363218 193 195 -1
195 -12.094295214437771 -45.687479668410134 -102.51763667220983 194 196 -1
196 -12.06713879066257 -45.667094204225805 -102.34856170379875 195 197 -1
197 -12.04000312731758 -45.646636593254094 -102.17949211678788 196 198 -1
198 -12.012916333091201 -45.62610472561438 -102.01042369557359 197 199 -1
199 -11.985906649076588 -45.6054964732226 -101.84135223269334 198 200 -1
200 -11.95900246336457 -45.58480969061274 -101.67227354118052 199 201 -1
201 -11.932232325683676 -45.56404221581806 -101.50318346717792 200 202 -1
202 -11.905624962051464 -45.54319187131969 -101.3340779028474 201 203 -1
203 -11.879209289399833 -45.52225646507047 -101.16495279961404 202 204 -1
204 -11.853014430134692 -45.50123379160244 -100.99580418178309 203 205 -1
205 -11.827069726587979 -45.48012163322655 -100.82662816056842 204 206 -1
206 -11.80140475531749 -45.458917761333346 -100.65742094857144 205 207 -1
207 -11.776049341206637 -45.43761993780398 -100.488178874749 206 208 -1
208 -11.75103297737207 -45.41622555836709 -100.31889853251437 207 209 -1
209 -11.726366197816942 -45.394720421160834 -100.1495809275764 208 210 -1
210 -11.702035847792738 -45.37307591072493 -99.98023240591111 209 211 -1
211 -11.678027106713518 -45.351262301081526 -99.81085968240608 210 212 -1
212 -11.654325026367303 -45.329249688525636 -99.64146951459223 211 213 -1
213 -11.630915125664398 -45.307007448048616 -99.47206871307868 212 214 -1
214 -11.607781610811584 -45.284505717303716 -99.30266421484028 213 215 -1
215 -11.584909162248023 -45.26171410744366 -99.13326302234194 214 216 -1
216 -11.562282366383645 -45.2386020774042 -98.96387225690113 215 217 -1
217 -11.539885708344277 -45.2151389536363 -98.79449917907628 216 218 -1
218 -11.517703577229744 -45.19129394067382 -98.62515120883978 217 219 -1
219 -11.495720271457158 -45.16703613240944 -98.45583594594594 218 220 -1
220 -11.473920257906043 -45.142333804400025 -98.28656126391532 219 221 -1
221 -11.45228762695352 -45.117155635428034 -98.11733523077461 220 222 -1
222 -11.430806142095097 -45.09147115946132 -97.9481660494744 221 223 -1
223 -11.409459789363437 -45.06524914967203 -97.77906224985573 222 224 -1
224 -11.388232493664093 -45.0384583391495 -97.61003264482001 223 225 -1
225 -11.367108125426158 -45.011067438160445 -97.44108635074686 224 226 -1
226 -11.346070722001523 -44.983043147882476 -97.27223311753677 225 227 -1
227 -11.325103800097487 -44.9543554550683 -97.1034825686852 226 228 -1
228 -11.30419104385092 -44.924973566648255 -96.93484479045503 227 229 -1
229 -11.283316175794074 -44.89486629813792 -96.76633031779494 228 230 -1
230 -11.262462903657015 -44.86400255007478 -96.59795008630614 229 231 -1
231 -11.241614890132366 -44.83234829670849 -96.42971603345237 230 232 -1
232 -11.22075575115758 -44.799875094140106 -96.26163953478208 231 233 -1
233 -11.199869203975958 -44.76655259814665 -96.09373277505367 232 234 -1
234 -11.178938994614862 -44.732350329460665 -95.92600846707111 233 235 -1
235 -11.15794878410924 -44.697236515243596 -95.75848014312089 234 236 -1
236 -11.136882228650897 -44.66117994839371 -95.5911618051251 235 237 -1
237 -11.115723391491757 -44.62415343851257 -95.42406711353172 236 238 -1
238 -11.094456250580112 -44.5861276631474 -95.2572107729849 237 239 -1
239 -11.07306486791121 -44.5470736153947 -95.09060802434908 238 240 -1
240 -11.051532754777648 -44.506958134732656 -94.92427583914049 239 241 -1
241 -11.029844760822844 -44.465757667326244 -94.75822939148242 240 242 -1
242 -11.007985334625557 -44.423444696317056 -94.59248548847927 241 243 -1
243 -10.98593908377842 -44.3799922644642 -94.42706146360965 242 244 -1
244 -10.963690212183968 -44.33537083174478 -94.26197612529248 243 245 -1
245 -10.941223846652042 -44.289555885800354 -94.0972475676327 244 246 -1
246 -10.918525513798693 -44.242524329269855 -93.93289412492855 245 247 -1
247 -10.895580651570372 -44.19425195309116 -93.76893516444312 246 248 -1
248 -10.872374953233292 -44.14471535428546 -93.60539052937452 247 249 -1
249 -10.84889333807418 -44.093887224392944 -93.44228217589283 248 250 -1
250 -10.825123005028955 -44.04175044658137 -93.27962936577049 249 251 -1
251 -10.801050603722224 -43.98828462818011 -93.11745314700073 250 252 -1
252 -10.776663069754132 -43.9334701351372 -92.95577502983826 251 253 -1
253 -10.751947699415641 -43.877288391961294 -92.79461686936922 252 254 -1
254 -10.726891791636952 -43.81972042106343 -92.63400143715087 253 255 -1
255 -10.701483158013993 -43.76074895235328 -92.47395161341247 254 256 -1
256 -10.67571097497172 -43.70036157999713 -92.31448898965286 255 257 -1
257 -10.649564207043419 -43.63854447110125 -92.15563637986507 256 258 -1
258 -10.623032281841958 -43.57528507317447 -91.99741672653583 257 259 -1
259 -10.596105108675763 -43.51057215088708 -91.83985304857052 258 260 -1
260 -10.568773096299473 -43.44439581961425 -91.68296838650416 259 261 -1
261 -10.541027169664844 -43.37674757543357 -91.5267857452299 260 262 -1
262 -10.512858785539123 -43.30762032125968 -91.3713280345091 261 263 -1
263 -10.484259946861403 -43.23700838881753 -91.21661800756057 262 264 -1
264 -10.455223215712241 -43.1649075561777 -91.06267819805608 263 265 -1
265 -10.425741724778426 -43.091315060604096 -90.90953085587907 264 266 -1
266 -10.395809187202927 -43.016229606495145 -90.75719788202824 265 267 -1
267 -10.365419904719856 -42.93965136823416 -90.6057007630707 266 268 -1
268 -10.334568773985684 -42.86158198780293 -90.45506050556811 267 269 -1
269 -10.303251291030545 -42.782024567053206 -90.30529757091321 268 270 -1
270 -10.271463553767767 -42.70098365457556 -90.15643181102439 269 271 -1
271 -10.239202262514777 -42.61846522715013 -90.00848240534974 270 272 -1
272 -10.206463481208594 -42.534472886903664 -89.86147026397153 271 273 -1
273 -10.173245079630334 -42.44901542077737 -89.71541320916008 272 274 -1
274 -10.1395464337995 -42.36210568784085 -89.57032634581758 273 275 -1
275 -10.105366603672945 -42.273755069408914 -89.42622564624203 274 276 -1
276 -10.070702555618931 -42.18396836753582 -89.28313176501784 275 277 -1
277 -10.03555582890262 -42.092763557608215 -89.1410561138069 276 278 -1
278 -10.0 -42.0 -89.0 277 279 280
279 -9.870099013944678 -42.15101063589148 -88.9248343241675 278 281 -1
280 -10.06448533425382 -41.85057334539149 -88.85172218358771 278 282 -1
281 -9.739536351444913 -42.30160051460618 -88.84976449031947 279 283 -1
282 -10.130359195887213 -41.70197477371969 -88.70310028525658 280 284 -1
283 -9.608171044166612 -42.45156244491972 -88.77483802687303 281 285 -1
284 -10.197645778191843 -41.55414942778945 -88.55434023208625 282 286 -1
285 -9.476008307086476 -42.6008892490003 -88.70004553033553 283 287 -1
286 -10.26634297968616 -41.40710584776356 -88.40545019067335 284 288 -1
287 -9.343050259387233 -42.749571336729986 -88.62537829025442 285 289 -1
288 -10.336449052937002 -41.260852767736964 -88.25643829799102 286 290 -1
289 -9.209301332715402 -42.89760102678822 -88.55082739653679 287 291 -1
290 -10.407976310454178 -41.11540702472367 -88.10731165619497 288 292 -1
291 -9.07476766460183 -43.0449722061955 -88.47638394901333 289 293 -1
292 -10.48091539771616 -40.97077325747856 -87.95807921303113 290 294 -1
293 -8.939451067226123 -43.19167522156576 -88.40203985169745 291 295 -1
294 -10.555267147097338 -40.82696191375124 -87.80874911767663 292 296 -1
295 -8.803351997003661 -43.33769918668847 -88.3277872820466 293 297 -1
296 -10.631037738102641 -40.68398673560446 -87.65932930515088 294 298 -1
297 -8.666477431185367 -43.48303896014633 -88.25361787174653 295 299 -1
298 -10.708223299016604 -40.541855662778985 -87.50982845238023 296 300 -1
299 -8.528826233399869 -43.62768228295911 -88.17952431255524 297 301 -1
300 -10.78682073946088 -40.40057708929945 -87.3602551885545 298 302 -1
301 -8.390400710777119 -43.771619883765986 -88.1054990608748 299 303 -1
302 -10.86682901749921 -40.26016068342066 -87.21061807574362 300 304 -1
303 -8.251205603504129 -43.91484479667753 -88.03153458460925 301 305 -1
304 -10.948247532456229 -40.120616462750675 -87.06092572936194 302 306 -1
305 -8.11123541243547 -44.057340419292856 -87.95762423896586 303 307 -1
306 -11.031077104335877 -39.98195543827308 -86.91118681197464 304 308 -1
307 -7.970498424048832 -44.19910307926704 -87.8837605684065 305 309 -1
308 -11.115310579333197 -39.84418365113566 -86.76141027502462 306 310 -1
309 -7.82898974443839 -44.340116484166494 -87.809937088972 307 311 -1
310 -11.200944842439954 -39.70730966827263 -86.61160494352349 308 312 -1
311 -7.686713476397111 -44.48037291980405 -87.73614694074519 309 313 -1
312 -11.287976261312878 -39.571341751319416 -86.46177968394466 310 314 -1
313 -7.543667683474897 -44.61985866319232 -87.66238368377024 311 315 -1
314 -11.376400690521251 -39.43628784523385 -86.31194339288326 312 316 -1
315 -7.399852958459286 -44.75856234290762 -87.5886408803298 313 317 -1
316 -11.466213476620988 -39.30215556740958 -86.1621049856599 314 318 -1
317 -7.2552692703589114 -44.89647184861022 -87.51491224670085 315 319 -1
318 -11.557409464037635 -39.16895219731029 -86.01227338489981 316 320 -1
319 -7.109914995224396 -45.03357322567188 -87.44119162176877 317 321 -1
320 -11.649983001737834 -39.03668466665056 -85.86245750911931 318 322 -1
321 -6.963790887417029 -45.16985485723951 -87.36747293954659 319 323 -1
322 -11.743927950666171 -38.905359550147736 -85.71266626135113 320 324 -1
323 -6.816894188166459 -45.30530116514508 -87.29375023749631 321 325 -1
324 -11.839237691921557 -38.77498305686636 -85.56290851783972 322 326 -1
325 -6.669225523288758 -45.43990002259966 -87.22001767620431 323 327 -1
326 -11.935905135645063 -38.64556102217477 -85.41319311683704 324 328 -1
327 -6.520781875391539 -45.573635056669154 -87.14626946414892 325 329 -1
328 -12.033922730588776 -38.517098900330694 -85.26352884752895 326 330 -1
329 -6.371563030750018 -45.70649276005284 -87.07249996074056 327 331 -1
330 -12.133282474333003 -38.389601757710544 -85.1139244391211 328 332 -1
331 -6.2215663876903164 -45.83845664427022 -86.99870355279208 329 333 -1
332 -12.233975924117662 -38.263074266694304 -84.96438855011239 330 334 -1
333 -6.070790383157564 -45.9695111031759 -86.92487474893831 331 335 -1
334 -12.335994208251456 -38.13752070021541 -84.81492975778305 332 336 -1
335 -5.91923330612745 -46.09964004139968 -86.85100814231568 333 337 -1
336 -12.439328038061415 -38.01294492698259 -84.66555654792313 334 338 -1
337 -5.766891935206909 -46.2288252097644 -86.777098332843 335 339 -1
338 -12.54396772034378 -37.88935040737803 -84.51627730482565 336 340 -1
339 -5.613765726949285 -46.35705122054266 -86.70314015571103 337 341 -1
340 -12.649903170276389 -37.76674019003351 -84.36710030156769 338 342 -1
341 -5.459849693895571 -46.484296836113415 -86.62912824820701 339 343 -1
342 -12.757123924751486 -37.64511690908401 -84.21803369060082 340 344 -1
343 -5.305144539843088 -46.610547470485535 -86.55505771933116 341 345 -1
344 -12.86561915608776 -37.524482782095674 -84.06908549467066 342 346 -1
345 -5.1496436058815265 -46.7357787785307 -86.4809232051197 343 347 -1
346 -12.975379576093644 -37.404841106846874 -83.92026380037457 344 348 -1
347 -4.993348725930627 -46.85997682038736 -86.40672010562433 345 349 -1
348 -13.086393634654321 -37.28619328193497 -83.77157638077337 346 350 -1
349 -4.836251867821685 -46.98311428143751 -86.33244304249781 347 351 -1
350 -13.198647794238935 -37.16853893838889 -83.62303065178999 348 352 -1
351 -4.678355682322329 -47.10517743025621 -86.2580877002194 349 353 -1
352 -13.312129892087682 -37.05187860752932 -83.47463403467401 350 354 -1
353 -4.5196512667614925 -47.226136411926184 -86.18364870750484 351 355 -1
354 -13.426827474286048 -36.93621240345115 -83.32639378062194 352 356 -1
355 -4.360141580592292 -47.34597694801414 -86.10912199463951 353 357 -1
356 -13.542727810891108 -36.82154002484536 -83.17831696401686 354 358 -1
357 -4.199817558221019 -47.46466740129971 -86.03450226136609 355 359 -1
358 -13.65982143945441 -36.707863731858765 -83.03041100660222 356 360 -1
359 -4.038681767150821 -47.58219183407834 -85.95978560632288 357 361 -1
360 -13.778092730006165 -36.59518044957512 -82.88268230909578 358 362 -1
361 -3.8767258902750807 -47.698517954950745 -85.88496691345352 359 363 -1
362 -13.897527123679918 -36.483487736454336 -82.73513722387611 360 364 -1
363 -3.7139512141824813 -47.81362665532316 -85.8100423280406 361 365 -1
364 -14.018110922804023 -36.37278364645895 -82.58778205744294 362 366 -1
365 -3.550351282646484 -47.92748653298219 -85.73500708592799 363 367 -1
366 -14.139831111949864 -36.26306660883244 -82.4406230704736 364 368 -1
367 -3.3859250305692923 -48.040073351459284 -85.65985720921658 365 369 -1
368 -14.262676874806754 -36.15433679883725 -82.29366678674194 366 370 -1
369 -3.2206691706038253 -48.1513586052711 -85.58458851164116 367 371 -1
370 -14.386629797439218 -36.046587474588165 -82.14691816730301 368 372 -1
371 -3.054579043010104 -48.26131047831788 -85.5091966720703 369 373 -1
372 -14.51167546223714 -35.93981511887158 -82.00038267462372 370 374 -1
373 -2.887656024255771 -48.36990588628018 -85.43367836841247 371 375 -1
374 -14.637799884158897 -35.83401636063807 -81.85406567248896 372 376 -1
375 -2.7198904583521957 -48.47710243430738 -85.3580286659096 373 377 -1
376 -14.764992403303136 -35.72919065065379 -81.70797307004486 374 378 -1
377 -2.551287037732535 -48.5828803485264 -85.2822449593318 375 379 -1
378 -14.893233567430682 -35.62532915937937 -81.56210872026952 376 380 -1
379 -2.3818386189277283 -48.68719867847271 -85.20632286328528 377 381 -1
380 -15.022508477313096 -35.52242690159021 -81.4164771940362 378 382 -1
381 -2.211544433412153 -48.79002584537613 -85.13025910388939 379 383 -1
382 -15.15280389257615 -35.42048019195841 -81.27108325464339 380 384 -1
383 -2.0404052551861014 -48.89133183276687 -85.05405079592857 381 385 -1
384 -15.284106396850909 -35.319484962654606 -81.12593146317936 382 386 -1
385 -1.8684130235234737 -48.991068848564126 -84.97769361836951 383 387 -1
386 -15.416397400599358 -35.219431953098635 -80.98102489653573 384 388 -1
387 -1.6955718285216632 -49.08920968831951 -84.90118547020806 385 389 -1
388 -15.549661744168885 -35.120314835597505 -80.83636721343623 386 390 -1
389 -1.5218809436163816 -49.185716798169025 -84.82452354296764 387 391 -1
390 -15.683887932896138 -35.02213058582552 -80.69196284645234 388 392 -1
391 -1.3473341902230866 -49.28053976105549 -84.74770412333162 389 393 -1
392 -15.819058291445204 -34.92486991994268 -80.54781439650642 390 394 -1
393 -1.1719360512234394 -49.373647014229306 -84.67072557543209 391 395 -1
394 -15.955156235844782 -34.828524274367474 -80.40392448023097 392 396 -1
395 -0.9956870457072878 -49.464997323257755 -84.59358567753297 393 397 -1
396 -16.092167660224312 -34.73308723841449 -80.26029617596627 394 398 -1
397 -0.8185858932548113 -49.554543238289455 -84.51628198825527 395 399 -1
398 -16.2300799072682 -34.638553611198795 -80.11693280467726 396 400 -1
399 -0.6406327556909092 -49.64223750672743 -84.43881246534953 397 401 -1
400 -16.36887397758337 -34.54491152175419 -79.97383557570444 398 402 -1
401 -0.4618323977758634 -49.72804040502712 -84.36117611635548 399 403 -1
402 -16.508534716546066 -34.45215263435356 -79.83100657181464 400 404 -1
403 -0.2821872371343641 -49.81190443831501 -84.28337165046935 401 405 -1
404 -16.649050533885077 -34.36027201016246 -79.68844880249145 402 406 -1
405 -0.10170045781189178 -49.89378078039152 -84.20539808721217 403 407 -1
406 -16.790403757493877 -34.269258185217396 -79.5461631303685 404 408 -1
407 0.07962607170573953 -49.97361386740014 -84.12725434142159 405 409 -1
408 -16.93257831710352 -34.179101005555566 -79.40415065282629 406 410 -1
409 0.2617857493591682 -50.05135599994279 -84.04894046317274 407 411 -1
410 -17.07556064030042 -34.08979263612299 -79.26241307154848 408 412 -1
411 0.44477178101931775 -50.1269565385689 -83.97045673686611 409 413 -1
412 -17.219337344446892 -34.00132519331317 -79.12095196383122 410 414 -1
413 0.6285771883303288 -50.20036138518442 -83.89180368427482 411 415 -1
414 -17.363890651723086 -33.91368582894066 -78.97976712434985 412 416 -1
415 0.8131938464991835 -50.27151513696687 -83.81298227255171 413 417 -1
416 -17.509205876098804 -33.826864658186864 -78.83885917190482 414 418 -1
417 0.9986123974904005 -50.340361109898765 -83.73399394545459 415 419 -1
418 -17.65527169174821 -33.74085516656728 -78.69822976639367 416 420 -1
419 1.1848221600595152 -50.406841370092735 -83.65484065581055 417 421 -1
420 -17.802070858726175 -33.655644165876254 -78.55787815138399 418 422 -1
421 1.3718110368795162 -50.47089677365512 -83.57552489912258 419 423 -1
422 -17.94958831494253 -33.57122050688546 -78.41780411667143 420 424 -1
423 1.559565419084782 -50.532467015858664 -83.49604974819583 421 425 -1
424 -18.097810801201312 -33.48757474071528 -78.27800792742701 422 426 -1
425 1.7480700886333569 -50.59149069041129 -83.41641888863143 423 427 -1
426 -18.246725663167705 -33.4046978418894 -78.13848989916856 424 428 -1
427 1.9373081189733115 -50.64790535961688 -83.33663665500534 425 429 -1
428 -18.396316196899836 -33.32257599608131 -77.99924847997775 426 430 -1
429 2.127260774589797 -50.70164763622198 -83.25670806751354 427 431 -1
430 -18.546568497894174 -33.241198207622325 -77.86028300207026 428 432 -1
431 2.317907410107808 -50.752653277729756 -83.17663886883066 429 433 -1
432 -18.69747080541487 -33.160555648394606 -77.72159350203843 430 434 -1
433 2.509222995338521 -50.80086317778708 -83.09643336647744 431 435 -1
434 -18.849008538189434 -33.08063604625768 -77.58317861633977 432 436 -1
435 2.701165096797398 -50.846257292579935 -83.01608179357804 433 437 -1
436 -19.001166947227755 -33.00142664686396 -77.44503666140922 434 438 -1
437 2.8936840485947157 -50.88883376214919 -82.93556798547112 435 439 -1
438 -19.153932661195924 -32.92291599651427 -77.30716632737833 436 440 -1
439 3.086729855913119 -50.9285929516642 -82.85487530621226 437 441 -1
440 -19.307294794821505 -32.84509527434707 -77.16956724002165 438 442 -1
441 3.2802523228470126 -50.96553734444352 -82.77398669232474 439 443 -1
442 -19.461238254278125 -32.76795054179099 -77.03223690699843 440 444 -1
443 3.4742014986390615 -50.99966887541579 -82.69288445323524 441 445 -1
444 -19.615749593964026 -32.69146949867577 -76.89517335531967 442 446 -1
445 3.6685273894816794 -51.03099019017379 -82.61155031842287 443 447 -1
446 -19.770816010600473 -32.615640345299504 -76.75837470293422 444 448 -1
447 3.8631787970492364 -51.05951596058214 -82.52996649556795 445 449 -1
448 -19.926426909297778 -32.540453657567795 -76.62183995140629 446 450 -1
449 4.058105587949179 -51.085256781060735 -82.44811438312323 447 451 -1
450 -20.082567969004558 -32.465895380273494 -76.48556610182251 448 452 -1
451 4.253257860960159 -51.10822511845207 -82.36597504775908 449 453 -1
452 -20.239226424686468 -32.391953047453754 -76.349550694207 450 454 -1
453 4.448586019972589 -51.1284352316394 -82.28352924339903 451 455 -1
454 -20.39639005702309 -32.31861461143376 -76.21379134347421 452 456 -1
455 4.644041165702572 -51.1458918575376 -82.20075600688705 453 457 -1
456 -20.554048051414778 -32.245869492677464 -76.07828620617609 454 458 -1
457 4.839573792539426 -51.16062386455789 -82.11763677059436 455 459 -1
458 -20.712187947278753 -32.17370492353235 -75.94303241687412 456 460 -1
459 5.035135591048943 -51.17265062988967 -82.03415148873357 457 461 -1
460 -20.870797106678022 -32.102107696437535 -75.80802681547411 458 462 -1
461 5.230678798332438 -51.18199306571359 -81.95027989583495 459 463 -1
462 -21.029863894147066 -32.03106559960351 -75.67326658049785 460 464 -1
463 5.426155954855014 -51.18866670159798 -81.86600042182457 461 465 -1
464 -21.189376865353882 -31.960566449466533 -75.53874881781198 462 466 -1
465 5.621520278938791 -51.19269714942982 -81.78129255840037 463 467 -1
466 -21.349326266191042 -31.89059993116679 -75.40447140284628 464 468 -1
467 5.816726041540976 -51.194114647135194 -81.69613630301208 465 469 -1
468 -21.509699129606958 -31.821151612274058 -75.27043027005477 466 470 -1
469 6.011728092928836 -51.19294557369907 -81.61051074801317 467 471 -1
470 -21.670484390730202 -31.752209186949084 -75.13662222445012 468 472 -1
471 6.206481478763382 -51.189212798013756 -81.52439393895926 469 473 -1
472 -21.83167112308957 -31.683760334706772 -75.00304398705649 470 474 -1
473 6.400942012525994 -51.18294288676138 -81.4377641990656 471 475 -1
474 -21.993248536986044 -31.615792723730028 -74.86969219843 472 476 -1
475 6.595067515716235 -51.17417260757261 -81.35060174576786 473 477 -1
476 -22.15520730736656 -31.5482956568783 -74.73656421180264 474 478 -1
477 6.788815916319292 -51.16293263326446 -81.2628854133449 475 479 -1
478 -22.317535487967184 -31.48125503195989 -74.60365568893452 476 480 -1
479 6.982145536725834 -51.14925237628468 -81.17459349570407 477 481 -1
480 -22.480222687158708 -31.414658498001632 -74.4709630466386 478 482 -1
481 7.17501451510323 -51.13315808909961 -81.0857031635745 479 483 -1
482 -22.643258646987928 -31.348493710000906 -74.33848263740612 480 484 -1
483 7.367384736438363 -51.11469166709006 -80.9961953666488 481 485 -1
484 -22.806633236321147 -31.28274832561059 -74.206210749804 482 486 -1
485 7.559217404546683 -51.093886987442026 -80.9060490568049 483 487 -1
486 -22.970336777923617 -31.217410415324675 -74.07414381914947 484 488 -1
487 7.75047454162889 -51.07077856797486 -80.81524326892168 485 489 -1
488 -23.13435969048113 -31.15246802326363 -73.94227821560614 486 490 -1
489 7.941117147918566 -51.04539518563593 -80.7237551579227 487 491 -1
490 -23.29869149530204 -31.087907942491977 -73.81060960742057 488 492 -1
491 8.131109792859103 -51.01777676804369 -80.63156507995349 489 493 -1
492 -23.463322548000647 -31.023717865349322 -73.67913405769242 490 494 -1
493 8.32041879945763 -50.987970825448414 -80.53865272236597 491 495 -1
494 -23.628243318746378 -30.959885496752175 -73.5478475801691 492 496 -1
495 8.50901270834179 -50.95603684423403 -80.44499602993768 493 497 -1
496 -23.79344438961788 -30.896398555740745 -73.41674614191672 494 498 -1
497 8.696861574395882 -50.92203571798646 -80.35057268700598 495 499 -1
498 -23.95891645190196 -30.83324477689582 -73.28582566591685 496 500 -1
499 8.883935498356301 -50.886025225430075 -80.25535896977276 497 501 -1
500 -24.124650766905233 -30.770412477948856 -73.15508235036363 498 502 -1
501 9.070206847679911 -50.848066099273375 -80.15933210691 499 503 -1
502 -24.290637929074958 -30.707889048005764 -73.02451183634626 500 504 -1
503 9.255650707654643 -50.808222228236886 -80.06247078951613 501 505 -1
504 -24.456868721722966 -30.645662006672413 -72.89410978039768 502 506 -1
505 9.440241863438168 -50.76655366035571 -79.96475222129035 503 507 -1
506 -24.62333424769186 -30.5837191652693 -72.76387195443301 504 508 -1
507 9.623956100886229 -50.723120110103025 -79.86615353764279 505 509 -1
508 -24.790025704787926 -30.522048355947067 -72.633794098237 506 510 -1
509 9.806770137612165 -50.67798092254343 -79.76665182726147 507 511 -1
510 -24.956934382842228 -30.460637432419656 -72.50387192164234 508 512 -1
511 9.988661555048264 -50.63119504371096 -79.66622415356383 509 513 -1
512 -25.124051660745586 -30.399474270601168 -72.37410110664474 510 514 -1
513 10.169608506143362 -50.58282063903104 -79.56484734887924 511 515 -1
514 -25.291369003460755 -30.33854676915106 -72.24447730945593 512 516 -1
515 10.349588700786443 -50.532913756295834 -79.46249707457068 513 517 -1
516 -25.458878128158265 -30.277843045200733 -72.11499629011917 514 518 -1
517 10.52858366442602 -50.481534896402934 -79.35915219954977 515 519 -1
518 -25.62657067360306 -30.217351049382412 -71.98565367266856 516 520 -1
519 10.706573800699271 -50.428741191250516 -79.25478991690102 517 521 -1
520 -25.7944381211341 -30.157058490052066 -71.85644488032669 518 522 -1
521 10.88354006059968 -50.37458930270299 -79.14938750249118 519 523 -1
522 -25.962472251895054 -30.09695336322484 -71.72736548640258 520 524 -1
523 11.05946388566497 -50.319135421080674 -79.04292233718607 521 525 -1
524 -26.130664917847568 -30.03702368912462 -71.59841104783526 522 526 -1
525 11.234327153547998 -50.26243526682271 -78.9353719294745 523 527 -1
526 -26.299008038704432 -29.977257512269553 -71.46957710691429 524 528 -1
527 11.408112126063607 -50.20454409493922 -78.82671393857926 525 529 -1
528 -26.46749359885751 -29.91764290149657 -71.34085919295256 526 530 -1
529 11.580801399787841 -50.14551670188397 -78.7169261981322 527 531 -1
530 -26.63611364430218 -29.858167949929104 -71.21225282391333 528 532 -1
531 11.752377859272615 -50.085407434493675 -78.60598674048866 529 533 -1
532 -26.804860279560284 -29.79882077489194 -71.08375350799356 530 534 -1
533 11.922824632927526 -50.024270200653824 -78.49387382175354 531 535 -1
534 -26.973725664603077 -29.739589517777205 -70.95535674516589 532 536 -1
535 12.09212505161168 -49.962158481365925 -78.38056594758648 533 537 -1
536 -27.14270201177559 -29.68046234386542 -70.82705802868111 534 538 -1
537 12.260262609971077 -49.89912534390441 -78.26604189984948 535 539 -1
538 -27.311781582723988 -29.621427442105336 -70.69885284653355 536 540 -1
539 12.42722093055201 -49.83522345576406 -78.15028076415382 537 541 -1
540 -27.48095679440265 -29.562473110201445 -70.57073678774722 538 542 -1
541 12.59298373071705 -49.770505099112235 -78.03326195835687 539 543 -1
542 -27.65021987532964 -29.503587473157094 -70.44270522332287 540 544 -1
543 12.757534792387412 -49.705022185471044 -77.9149652620516 541 545 -1
544 -27.819563206793283 -29.444758781711464 -70.31475362421142 542 546 -1
545 12.92085793463414 -49.6388262703662 -77.79537084708294 543 547 -1
546 -27.988979218379818 -29.38597531850544 -70.1868774721511 544 548 -1
547 13.08293698914016 -49.571968567689765 -77.67445930911632 545 549 -1
548 -28.158460373638473 -29.32722538819538 -70.05907225045055 546 550 -1
549 13.243755778554503 -49.504499963533775 -77.55221170027184 547 551 -1
550 -28.327999167051743 -29.268497317062913 -69.93133344527394 548 552 -1
551 13.403298097761262 -49.43647102926113 -77.42860956282802 549 553 -1
552 -28.497588121016026 -29.209779452609023 -69.803656546904 550 554 -1
553 13.561545844701062 -49.36793138318575 -77.30363299611415 551 555 -1
554 -28.667219782833477 -29.151060163135895 -69.67603705098456 552 556 -1
555 13.718483212562733 -49.29893131843043 -77.17726519989517 553 557 -1
556 -28.836886721715707 -29.09232783731981 -69.54847045974508 554 558 -1
557 13.874102210584805 -49.22950766613143 -77.04950663480268 555 559 -1
558 -29.00658152580033 -29.033570883778452 -69.42095228320878 556 560 -1
559 14.028411033874903 -49.15966625690272 -76.92039373964965 557 561 -1
560 -29.176296799180847 -28.974777730635886 -69.29347804038689 558 562 -1
561 14.181420937593654 -49.0894083528159 -76.78996758402602 559 563 -1
562 -29.346025158950656 -28.9159368250885 -69.16604326046048 560 564 -1
563 14.333143800465628 -49.018734994423205 -76.65826849944102 561 565 -1
564 -29.51575923226189 -28.857036632975092 -69.03864348395231 562 566 -1
565 14.48359207322863 -48.94764700321609 -76.52533606687605 563 567 -1
566 -29.685491653399662 -28.79806563835431 -68.91127426389039 564 568 -1
567 14.632775893179614 -48.876144044459444 -76.39120648153337 565 569 -1
568 -29.855215060872528 -28.73901234309258 -68.7839311669652 566 570 -1
569 14.780709217968836 -48.80422664933121 -76.2559184340292 567 571 -1
570 -30.02492209451969 -28.67986526646569 -68.65660977468255 568 572 -1
571 14.927408032068854 -48.73189568253875 -76.119511212865 569 573 -1
572 -30.194605392635797 -28.62061294477715 -68.529305684514 570 574 -1
573 15.072886613814658 -48.659151115184784 -75.98202135510222 571 575 -1
574 -30.364257980436854 -28.561246244540932 -68.40201395287926 572 576 -1
575 15.217159587547348 -48.58599271517286 -75.84348463048806 573 577 -1
576 -30.533875861737414 -28.50177364966858 -68.27472540006092 574 578 -1
577 15.360236938515447 -48.5124183042346 -75.70393193563885 575 579 -1
578 -30.70345644731439 -28.442211861486356 -68.1474288585381 576 580 -1
579 15.502137378270842 -48.43842843033871 -75.56340064669806 577 581 -1
580 -30.872997167852485 -28.382577603642268 -68.02011314614145 578 582 -1
581 15.642877628402077 -48.36402271010408 -75.42192535892306 579 583 -1
582 -31.04249545915462 -28.32288757379338 -67.89276707860323 580 584 -1
583 15.782473345592946 -48.28920013047995 -75.27953885027212 581 585 -1
584 -31.21194875685091 -28.263158451429963 -67.76537946856472 582 586 -1
585 15.920933754930912 -48.21395700208716 -75.13626814411343 583 587 -1
586 -31.381354467512004 -28.20340690296613 -67.63793909448323 584 588 -1
587 16.05828085526893 -48.1382941182834 -74.99214940148671 585 589 -1
588 -31.550710027436114 -28.14364961429176 -67.51043477321885 586 590 -1
589 16.1945312256721 -48.06221009173515 -74.84721363441938 587 591 -1
590 -31.720012843417113 -28.083903259477278 -67.38285530559656 588 592 -1
591 16.32969654835559 -47.985701381875515 -74.70148758549658 589 593 -1
592 -31.8892602972455 -28.024184524340967 -67.25518948107674 590 594 -1
593 16.46379441879778 -47.90876650569709 -74.55500169041034 591 595 -1
594 -32.058449744095824 -27.964510115992564 -67.12742608089158 592 596 -1
595 16.596844301345275 -47.831404607918 -74.40778686797903 593 597 -1
596 -32.227578507213515 -27.90489677063883 -66.99955387713905 594 598 -1
597 16.72885782274164 -47.75361142915462 -74.25986797747251 595 599 -1
598 -32.396643872571865 -27.84536126138249 -66.87156163192235 596 600 -1
599 16.85985272186747 -47.67538501555887 -74.11127351557931 597 601 -1
600 -32.56564308349185 -27.78592040601303 -66.74343809654356 598 602 -1
601 16.98984873143253 -47.59672419122384 -73.96203253859939 599 603 -1
602 -32.73457333521764 -27.726591074788036 -66.61517201076079 600 604 -1
603 17.118855320770475 -47.51762308866261 -73.81216700352327 601 605 -1
604 -32.90343176944049 -27.66739019820323 -66.48675210211815 602 606 -1
605 17.24689422977325 -47.43808112065263 -73.66170611759074 603 607 -1
606 -33.07221546876395 -27.608334774749306 -66.35816708535809 604 608 -1
607 17.37398120396243 -47.35809494139318 -73.5106747147617 605 609 -1
608 -33.24092145110345 -27.549441878653138 -66.2294056619258 606 610 -1
609 17.500127993687425 -47.27765908771304 -73.35909491053562 607 611 -1
610 -33.40954666401328 -27.49072866760094 -66.10045651957569 608 612 -1
611 17.625357347531196 -47.19677328856007 -73.20699469019415 609 613 -1
612 -33.578087978934036 -27.43221239044032 -65.97130833209008 610 614 -1
613 17.749678454624128 -47.115430493681764 -73.05439391182522 611 615 -1
614 -33.746542185354144 -27.37391039485792 -65.84194975912071 612 616 -1
615 17.87311251185391 -47.03362953557467 -72.9013186873455 613 617 -1
616 -33.91490598487848 -27.315840135028754 -65.7123694461637 614 618 -1
617 17.995673202445964 -46.9513653469087 -72.74779060161121 615 619 -1
618 -34.08317598519808 -27.258019179233077 -65.5825560246793 616 620 -1
619 18.117375750838306 -46.868633487202814 -72.59383176188979 617 621 -1
620 -34.2513486939543 -27.200465217435852 -65.45249811236744 618 622 -1
621 18.238238716888326 -46.78543131613576 -72.43946550228408 619 623 -1
622 -34.41942051249179 -27.14319606882349 -65.32218431361125 620 624 -1
623 18.358272855733492 -46.701751655703035 -72.28471110775509 621 625 -1
624 -34.58738772949401 -27.08622968929182 -65.1916032201004 622 626 -1
625 18.477500153020888 -46.617593774871345 -72.1295927356783 623 627 -1
626 -34.75524651449599 -27.029584178878647 -65.06074341164695 624 628 -1
627 18.59592820570131 -46.53294827653307 -71.97412780250824 625 629 -1
628 -34.92299277680382 -26.973278201862897 -64.92959310901621 626 630 -1
629 18.713580659419645 -46.44781550356224 -71.8183403729943 627 631 -1
630 -35.090622468349316 -26.917330060396484 -64.79814097536548 628 632 -1
631 18.830464623593365 -46.36218533953054 -71.66224735986718 629 633 -1
632 -35.258131424732284 -26.861758138956294 -64.66637572828597 630 634 -1
633 18.946602830594774 -46.276057696605335 -71.50587164950419 631 635 -1
634 -35.42551526858511 -26.806581195789402 -64.53428590752264 632 636 -1
635 19.062003271384373 -46.18942261186565 -71.34923027678583 633 637 -1
636 -35.5927694687316 -26.751818169718298 -64.4018600482643 634 638 -1
637 19.17668735109925 -46.10227926814103 -71.19234490254472 635 639 -1
638 -35.75988924304617 -26.697487734520937 -64.26908675488157 636 640 -1
639 19.29066358031308 -46.014617653231184 -71.03523257395734 637 641 -1
640 -35.92686613243974 -26.64359092606414 -64.13595743493805 638 642 -1
641 19.403952730504855 -45.92643667011131 -70.87791408250074 639 643 -1
642 -36.09368684913978 -26.590104580177435 -64.00246727006805 640 644 -1
643 19.516563211203405 -45.837725823817884 -70.72040632915774 641 645 -1
644 -36.26033776117991 -26.53700354138441 -63.86861167794525 642 646 -1
645 19.628515701123142 -45.74848415519177 -70.56272946593694 643 647 -1
646 -36.42680475999936 -26.484263292807075 -63.73438510934997 644 648 -1
647 19.73981804084333 -45.658700285699055 -70.40490020333671 645 649 -1
648 -36.59307454719937 -26.431857506696236 -63.59978362764888 646 650 -1
649 19.85049121615425 -45.568373774980984 -70.24693817794473 647 651 -1
650 -36.759133563771904 -26.379760347233553 -63.46480267853939 648 652 -1
651 19.96054217068003 -45.477491998319785 -70.08885995976777 649 653 -1
652 -36.92496817587713 -26.327945944770594 -63.329437553507965 650 654 -1
653 20.069991853551674 -45.38605478436065 -69.9306846247943 651 655 -1
654 -37.090564734936194 -26.27638827349472 -63.1936835312736 652 656 -1
655 20.178847954442904 -45.294049708858594 -69.77242897690509 653 657 -1
656 -37.25590957129679 -26.225061159138868 -63.05753588568742 654 658 -1
657 20.287129651147474 -45.20147526026154 -69.61411131844667 655 659 -1
658 -37.4209883542247 -26.173938691218062 -62.92098897859742 656 660 -1
659 20.394846041627424 -45.10831993830479 -69.45574875586881 657 661 -1
660 -37.585787544642116 -26.122994097429544 -62.78403846275554 658 662 -1
661 20.50201446220771 -45.01458062969399 -69.2973590207489 659 663 -1
662 -37.750293688684934 -26.072200549278776 -62.646680128737 660 664 -1
663 20.60864543406129 -44.92024696417651 -69.13895942370299 661 665 -1
664 -37.91449296471767 -26.021531347501053 -62.50890931497016 662 666 -1
665 20.714754509584775 -44.82531405812293 -68.98056736332288 663 667 -1
666 -38.07837149778315 -25.970959683492474 -62.37072139823831 664 668 -1
667 20.82035355302856 -44.72977280089697 -68.82220023372517 665 669 -1
668 -38.241914748295414 -25.920458723379298 -62.232111063433265 666 670 -1
669 20.92545646892409 -44.63361643962859 -68.6638753492199 667 671 -1
670 -38.40510844554028 -25.87000133636778 -62.09307353357933 668 672 -1
671 21.030076314647655 -44.536837178949334 -68.50561006442221 669 673 -1
672 -38.56793925204465 -25.819560272686314 -61.95360528854981 670 674 -1
673 21.134225547378577 -44.43942637601174 -68.34742185166438 671 675 -1
674 -38.73039301332976 -25.76910836107129 -61.81370195540712 672 676 -1
675 21.23791821138456 -44.34137752405072 -68.18932791844392 673 677 -1
676 -38.89245549054825 -25.718618362800136 -61.673359248743864 674 678 -1
677 21.341165567474622 -44.24268015657521 -68.03134611365562 675 679 -1
678 -39.054110929730385 -25.668062667576997 -61.532571461758266 676 680 -1
679 21.443982397735425 -44.143328937722416 -67.87349342331092 677 681 -1
680 -39.215345804590484 -25.617413943453514 -61.391335560721345 678 682 -1
681 21.54637905422552 -44.043311740032536 -67.71578825006259 679 683 -1
682 -39.37614596388907 -25.56664486011354 -61.249648001107595 680 684 -1
683 21.648370778231428 -43.94262418079091 -67.55824733548347 681 685 -1
684 -39.53649677315534 -25.515727996619415 -61.10750495703251 682 686 -1
685 21.74996732369186 -43.84125274016259 -67.40088975386253 683 687 -1
686 -39.6963824335288 -25.464635467296677 -60.964901726817786 684 688 -1
687 21.851184096006513 -43.73919366153461 -67.24373204943791 685 689 -1
688 -39.855787877851135 -25.41333959600097 -60.82183465446433 686 690 -1
689 21.952030571260632 -43.63643241702153 -67.08679400815635 687 691 -1
690 -40.01469922685222 -25.361813350133772 -60.67830146950455 688 692 -1
691 22.052522020223904 -43.53296543039743 -66.93009211336174 689 693 -1
692 -40.17310137554318 -25.31002929369996 -60.534298988457245 690 694 -1
693 22.152667957955668 -43.42877767574185 -66.77364680554281 691 695 -1
694 -40.33097805277993 -25.257959414627926 -60.38982330186091 692 696 -1
695 22.25248323068302 -43.323865183423656 -66.61747475300922 693 697 -1
696 -40.488313285839716 -25.20557586692806 -60.24487115010899 694 698 -1
697 22.35197769310339 -43.21821307519639 -66.46159687634392 695 699 -1
698 -40.64509307222152 -25.152852140955623 -60.09944130064974 696 700 -1
699 22.45116549792411 -43.1118162768324 -66.30603040514829 697 701 -1
700 -40.80130178629874 -25.099760980267227 -59.9535314059596 698 702 -1
701 22.550057111659417 -43.004660849083514 -66.15079642704305 699 703 -1
702 -40.95692228056869 -25.046274236711874 -59.807138242518974 700 704 -1
703 22.648665757114134 -42.89673975544554 -65.99591326187472 701 705 -1
704 -41.11193836524963 -24.992364509495236 -59.66025979413956 702 706 -1
705 22.747002744454942 -42.788040942300604 -65.84140169011741 703 707 -1
706 -41.26633553142899 -24.938005848205595 -59.512895721093095 704 708 -1
707 22.84508017393754 -42.67855439801122 -65.68728182686282 705 709 -1
708 -41.420097623134396 -24.883171440729672 -59.36504470482503 706 710 -1
709 22.942910379548515 -42.56827106581771 -65.53357348621218 707 711 -1
710 -41.57321047457428 -24.827855225034632 -59.21670021140043 708 712 -1
711 23.040504200627122 -42.45717678282773 -65.38029948435366 709 713 -1
712 -41.72567388440331 -24.772114328942138 -59.067846655225274 710 714 -1
713 23.137875037516988 -42.34526647910841 -65.22747796815037 711 715 -1
714 -41.87749016975248 -24.716016423175194 -58.918466728798734 712 716 -1
715 23.235032620158208 -42.23252137746828 -65.07513508134498 713 717 -1
716 -42.028660357252825 -24.659628156976055 -58.76854187151301 714 718 -1
717 23.331990545523084 -42.11893777884226 -64.92328867575232 715 719 -1
718 -42.179182753230435 -24.603015514672702 -58.61805086474316 716 720 -1
719 23.428759576493224 -42.004500656835496 -64.77196352302595 717 721 -1
720 -42.32906012246557 -24.546246248935994 -58.466976216484575 718 722 -1
721 23.525351455807364 -41.88919885475365 -64.62118255461685 719 723 -1
722 -42.47829370707992 -24.48938737832964 -58.31529915914553 720 724 -1
723 23.621778478464684 -41.77302461933736 -64.47096680402878 721 725 -1
724 -42.62688342019268 -24.43250591211103 -58.16299971958387 722 726 -1
725 23.718050997702978 -41.65595943972955 -64.32134482159836 723 727 -1
726 -42.7748268513035 -24.37566964004348 -58.01005561286615 724 728 -1
727 23.81418163157402 -41.53799781414454 -64.17233696591178 725 729 -1
728 -42.92212669532852 -24.318946206461813 -57.85644987294958 726 730 -1
729 23.910181762259313 -41.41912772472167 -64.023968301986 727 731 -1
730 -43.06878235866482 -24.26240354230974 -57.70216262339071 728 732 -1
731 24.006062144642804 -41.299331737998685 -63.87626842882883 729 733 -1
732 -43.21479035056943 -24.206111240260086 -57.547171172316055 730 734 -1
733 24.10183500066247 -41.17860414610573 -63.729258974838544 731 735 -1
734 -43.360150445373485 -24.150138212749553 -57.39145681167411 732 736 -1
735 24.19751159865779 -41.05693272124616 -63.58296672307225 733 737 -1
736 -43.50486183778133 -24.09455349626994 -57.23500092626967 734 738 -1
737 24.29310271773681 -40.93429904979053 -63.437423996567404 735 739 -1
738 -43.64892016311984 -24.039428708867906 -57.07778152154332 736 740 -1
739 24.38862021774694 -40.810697378737466 -63.29265387259628 737 741 -1
740 -43.7923219435878 -23.984835562979512 -56.91977838318825 738 742 -1
741 24.484075254719226 -40.68611544687939 -63.14868502601599 739 743 -1
742 -43.935065513884744 -23.93084419602612 -56.76097451461033 740 744 -1
743 24.579478831865252 -40.56053825768635 -63.0055491661343 741 745 -1
744 -44.077144267983115 -23.87752945329218 -56.601348017743625 742 746 -1
745 24.674842103019405 -40.43395342611556 -62.86327666246369 743 747 -1
746 -44.218552858669725 -23.8249654559233 -56.44087971804198 744 748 -1
747 24.770176216375884 -40.30635170823415 -62.72189583926708 745 749 -1
748 -44.35928747326098 -23.773224249845306 -56.2795538322402 746 750 -1
749 24.865492100774663 -40.177720882867426 -62.58143831369982 747 751 -1
750 -44.49933767798967 -23.722386169355286 -56.117347665837976 748 752 -1
751 24.960800616671573 -40.0480481564007 -62.441937088030144 749 753 -1
752 -44.63869801393199 -23.672525048102294 -55.954246600718 750 754 -1
753 25.056112605631704 -39.917318315125215 -62.3034284378996 751 755 -1
754 -44.77735996150792 -23.623718319804972 -55.79023396657121 752 756 -1
755 25.15143877542998 -39.78552341830625 -62.165942707773596 753 757 -1
756 -44.915310624269274 -23.576050117809526 -55.62528938769383 754 758 -1
757 25.24678970633417 -39.652651639251296 -62.02951478089276 755 759 -1
758 -45.05254344429957 -23.52959369428734 -55.45940300879881 756 760 -1
759 25.34217586949103 -39.518691315013875 -61.894180409237734 757 761 -1
760 -45.18904179451883 -23.48443863132739 -55.2925541686693 758 762 -1
761 25.43760761493939 -39.38363097812274 -61.7599762297367 759 763 -1
762 -45.32479639419793 -23.440660731417324 -55.12473440239428 760 764 -1
763 25.533095158625798 -39.247459390473374 -61.626939779013966 761 765 -1
764 -45.459790306767914 -23.398348705446352 -54.955928002238245 762 766 -1
765 25.628648655157598 -39.1101642839972 -61.49511093094898 763 767 -1
766 -45.59400923791747 -23.357585052473386 -54.78612564271799 764 768 -1
767 25.72427800046562 -38.9717355212277 -61.3645285607814 765 769 -1
768 -45.727435660075166 -23.31845715843926 -54.61531695654404 766 770 -1
769 25.819992843833052 -38.832163897520694 -61.235231748856066 767 771 -1
770 -45.86005130225024 -23.281052267644682 -54.44349394704289 768 772 -1
771 25.9158027036514 -38.69143948493213 -61.107261707130185 769 773 -1
772 -45.991836612250594 -23.24545840195556 -54.27065050085702 770 774 -1
773 26.011716884075547 -38.549552787339344 -60.980660590720824 771 775 -1
774 -46.12277051668731 -23.21176466427877 -54.09678226762118 772 776 -1
775 26.10774445568579 -38.406494788195985 -60.85547149907672 773 777 -1
776 -46.25282992438842 -23.180062291265774 -53.92188632547297 774 778 -1
777 26.20389423505778 -38.26225700068027 -60.73173847391131 775 779 -1
778 -46.38199229629437 -23.15043848109719 -53.74596429473672 776 780 -1
779 26.300174763253217 -38.1168315202108 -60.60950649357983 777 781 -1
780 -46.51022941705283 -23.122990752031896 -53.56901551168102 778 782 -1
781 26.39659428325352 -37.970211079282755 -60.48882146357043 779 783 -1
782 -46.637518797609765 -23.097799872146577 -53.39104975341681 780 784 -1
783 26.493160716369655 -37.82238910455344 -60.3697302027676 781 785 -1
784 -46.76382546958751 -23.07497300892672 -53.21206792196021 782 786 -1
785 26.58988163767299 -37.673359776078854 -60.2522804251368 783 787 -1
786 -46.88912642329935 -23.05458492287893 -53.032087681165116 784 788 -1
787 26.686764250505068 -37.52311808857419 -60.136520716472106 785 789 -1
788 -47.01338511380069 -23.036739266148373 -52.8511176198337 786 790 -1
789 26.783815360138465 -37.37165991453874 -60.02250050584439 787 791 -1
790 -47.136571765004206 -23.021519208174553 -52.669177524621894 788 792 -1
791 26.88104147514108 -37.218981200954595 -59.91027133896057 789 793 -1
792 -47.25865288672619 -23.009012737405328 -52.48628806180654 790 794 -1
793 26.978448682599982 -37.065078794187805 -59.7998858395503 791 795 -1
794 -47.37958920466987 -22.999317686690627 -52.302469860592346 792 796 -1
795 27.076042210662273 -36.90995312502695 -59.6913935430277 793 797 -1
796 -47.49935049090075 -22.992505183513682 -52.11775522136971 794 798 -1
797 27.173826993315878 -36.75360425856632 -59.58484687181673 795 799 -1
798 -47.617893271101714 -22.988674240035873 -51.93217082589952 796 800 -1
799 27.271807424379258 -36.59603347609716 -59.48029885392398 797 801 -1
800 -47.735183544912815 -22.98789599528176 -51.745754728059126 798 802 -1
801 27.369987328491842 -36.43724334399449 -59.37780305481004 799 803 -1
802 -47.85118256470376 -22.990248564932653 -51.55854564800505 800 804 -1
803 27.468369932251495 -36.27723778223312 -59.27741350164067 801 805 -1
804 -47.965846481388965 -22.995817611078497 -51.37058376690966 802 806 -1
805 27.566958242170873 -36.116019772241835 -59.17918894256411 803 807 -1
806 -48.07914288948894 -23.004656684586333 -51.181919370346804 804 808 -1
807 27.66575419788561 -35.95359626693316 -59.08318423883197 805 809 -1
808 -48.19102344204137 -23.01685282497794 -50.9925984284509 806 810 -1
809 27.76475870308611 -35.78997775073546 -58.989450578489844 807 811 -1
810 -48.3014560414241 -23.032450045869847 -50.80267808271352 808 812 -1
811 27.863972303647675 -35.625174257504376 -58.898042913885206 809 813 -1
812 -48.41039683185985 -23.051515821466015 -50.61221353864004 810 814 -1
813 27.963394812483013 -35.45919749527 -58.80901615381575 811 815 -1
814 -48.51780916636126 -23.074096609429272 -50.421265908338206 812 816 -1
815 28.06302606427458 -35.29205658653904 -58.722434415286905 813 817 -1
816 -48.623655015804545 -23.100238262949993 -50.22989834337642 814 818 -1
817 28.16286372062038 -35.12377020903115 -58.63834534901933 815 819 -1
818 -48.72789720541308 -23.1299809810099 -50.03817672317551 816 820 -1
819 28.262905098011345 -34.95435631383492 -58.55680109908812 817 821 -1
820 -48.830500870539616 -23.163356423368967 -49.84616946500077 818 822 -1
821 28.36314685810484 -34.78383384466233 -58.47785503580241 819 823 -1
822 -48.9314341807034 -23.200386550109897 -49.65394709184926 820 824 -1
823 28.463585568834738 -34.6122195772333 -58.40157006736463 821 825 -1
824 -49.03066081655715 -23.241100249805207 -49.461581154044666 822 826 -1
825 28.564215674956994 -34.4395393260288 -58.32799108114153 823 827 -1
826 -49.1281593654442 -23.285492010453407 -49.26914523674243 824 828 -1
827 28.665031118697364 -34.265818992839634 -58.25716576905453 825 829 -1
828 -49.22389385023631 -23.333585212487357 -49.07671309691719 826 830 -1
829 28.7660252172166 -34.091085231608545 -58.1891434380471 827 831 -1
830 -49.31784483530245 -23.385366604668217 -48.88435912799692 828 832 -1
831 28.867191205291114 -33.91536221628515 -58.12398531515205 829 833 -1
832 -49.40999269044707 -23.440822403637746 -48.69215720553498 830 834 -1
833 28.968519950037717 -33.73868486271373 -58.06172554867633 831 835 -1
834 -49.5 -23.5 -48.5 832 836 837
835 29.07000222488156 -33.561085902677156 -58.00240758276874 833 838 -1
836 -49.47936224570975 -23.644117429398168 -48.37776564594928 834 839 -1
837 -49.67267585466023 -23.38247137721911 -48.40940863266547 834 840 -1
838 29.171628066180855 -33.38259957251045 -57.9460738595415 835 841 -1
839 -49.455907585933296 -23.78771957397671 -48.25533314632066 836 842 -1
840 -49.843482382389425 -23.264529118441395 -48.31588973162087 837 843 -1
841 29.27338729303077 -33.203258180588215 -57.89277863646745 838 844 -1
842 -49.42964120577617 -23.930708336480745 -48.132753839141046 839 845 -1
843 -50.012454375940074 -23.146182428344193 -48.21959011576704 840 846 -1
844 29.375267742319544 -33.023103679651136 -57.842545678152504 841 847 -1
845 -49.400535742196375 -24.073040488310948 -48.010051714979674 842 848 -1
846 -50.17962289723996 -23.02749036187783 -48.12060514289151 843 849 -1
847 29.477257216195532 -32.842175495621454 -57.7954102917401 844 850 -1
848 -49.368559330994024 -24.21467026558235 -47.88725156139814 845 851 -1
849 -50.34502241355004 -22.908509451486804 -48.01902885499534 846 852 -1
850 29.57934284686164 -32.660514607324686 -57.751405120503414 847 853 -1
851 -49.33369075433172 -24.355553090608087 -47.76437946358277 848 854 -1
852 -50.508690301628796 -22.78929369670794 -47.91495351457761 849 855 -1
853 29.681511275717895 -32.47816217023158 -57.710566273091175 850 856 -1
854 -49.29590632408781 -24.495642453099194 -47.64146228868247 851 857 -1
855 -50.67066636511353 -22.669894598031767 -47.80846919898995 852 858 -1
856 29.78374832429079 -32.29516245865703 -57.67291945508714 853 859 -1
857 -49.2551854681337 -24.634891311865594 -47.518527845801344 854 860 -1
858 -50.830992488020456 -22.55036123795568 -47.69966361072703 855 861 -1
859 29.886039248840707 -32.11156171943833 -57.638482494303844 856 862 -1
860 -49.21151085096322 -24.773252244793348 -47.39560480079787 857 863 -1
861 -50.98971268849504 -22.430740391333057 -47.588622445138036 858 864 -1
862 29.988368991648134 -31.92740601398473 -57.60727577616881 859 865 -1
863 -49.16486847933536 -24.9106776049585 -47.272722583605045 860 866 -1
864 -51.14687275457412 -22.311076590550595 -47.47542916155017 861 867 -1
865 30.090722091152347 -31.742742337342605 -57.57931635204631 862 868 -1
866 -49.115247791692056 -25.047119681650653 -47.149911288720986 863 869 -1
867 -51.3025196501901 -22.191412221080686 -47.36016445119687 864 870 -1
868 30.193082746389965 -31.557618466914633 -57.55461784585265 865 871 -1
869 -49.062641730276994 -25.182530864984763 -47.0272015696222 866 872 -1
870 -51.4567015822289 -22.071787645645312 -47.24290661161273 867 873 -1
871 30.2954348843071 -31.37208280389305 -57.533190376682725 868 874 -1
872 -49.00704114557117 -25.316861687986954 -46.90462483678838 869 875 -1
873 -51.609467973817814 -21.95224129352689 -47.12373177166197 870 876 -1
874 30.397762229398058 -31.186184208635268 -57.515040498419275 871 877 -1
875 -48.948450337660724 -25.450066628403757 -46.78221242679431 872 878 -1
876 -51.760869017510515 -21.832809772089668 -47.00271354032722 873 879 -1
877 30.5 -31.0 -57.5 874 -1 -1
878 -48.886869037258585 -25.582097687294443 -46.65999633908469 875 880 -1
879 -51.91095521570776 -21.713528029394315 -46.87992263386158 876 881 -1
880 -48.82230451317227 -25.712909047555137 -46.53800849367424 878 882 -1
881 -52.059778179912264 -21.594429356029636 -46.755428185321314 879 883 -1
882 -48.75476413436394 -25.842454267395173 -46.41628113295149 880 884 -1
883 -52.207389615555904 -21.47554558936901 -46.62929659689942 881 885 -1
884 -48.68426430144328 -25.9706902689098 -46.294845903936796 882 886 -1
885 -52.35384154949361 -21.356907189590103 -46.501592054765965 883 887 -1
886 -48.61081927375463 -26.09757265315188 -46.173734779598135 884 888 -1
887 -52.49918623028541 -21.238543342941547 -46.37237659026786 885 889 -1
888 -48.53444854603181 -26.223059035466434 -46.052979271833806 886 890 -1
889 -52.64347604224728 -21.12048206295478 -46.24171014767214 887 891 -1
890 -48.45517770471297 -26.34710982591262 -45.93261007213133 888 892 -1
891 -52.78676343233765 -21.002750289280943 -46.1096506572546 889 893 -1
892 -48.373033399374926 -26.46968598863816 -45.81265754824757 890 894 -1
893 -52.92910065947048 -20.885374064349406 -45.976253841847054 891 895 -1
894 -48.28804567646734 -26.590750310862603 -45.693151348643035 892 896 -1
895 -53.07054026201698 -20.76837843100952 -45.84157402604414 893 897 -1
896 -48.20024782133154 -26.71026752116454 -45.574120285688984 894 898 -1
897 -53.21113459140112 -20.65178766474475 -45.705663627565336 895 899 -1
898 -48.109676184897666 -26.82820439301542 -45.4555922266524 896 900 -1
899 -53.350935575862074 -20.535625512774697 -45.56857291712098 897 901 -1
900 -48.0163699971367 -26.944529832961948 -45.33759399330998 898 902 -1
901 -53.489995535202866 -20.419914819897162 -45.430351353236404 899 903 -1
902 -47.9203711694354 -27.059214953085906 -45.220151270893254 900 904 -1
903 -53.62836614471615 -20.304678196633578 -45.29104613003052 901 905 -1
904 -47.82172408811249 -27.17223312759406 -45.10328852691117 902 906 -1
905 -53.76609936110986 -20.189937500731478 -45.15070370765851 903 907 -1
906 -47.72047540130421 -27.28356003360675 -44.98702894023999 904 908 -1
907 -53.903246568419156 -20.07571454183163 -45.009368533644604 905 909 -1
908 -47.616673801417946 -27.3931736764161 -44.87139434071385 906 910 -1
909 -54.039859372371886 -19.962030508084172 -44.86708443807267 907 911 -1
910 -47.51036980528845 -27.501054399671762 -44.75640515929921 908 912 -1
911 -54.175989070807645 -19.84890648384273 -44.72389382888207 909 913 -1
912 -47.401613887065785 -27.60718366831564 -44.642080857280284 910 914 -1
913 -54.311686726817975 -19.736363557541647 -44.57983782006272 911 915 -1
914 -47.29046080549459 -27.7115473155192 -44.52843865343862 912 916 -1
915 -54.44700352651769 -19.62442241000194 -44.43495701558224 913 917 -1
916 -47.176965646490146 -27.814132910475944 -44.415494476856196 914 918 -1
917 -54.58199043899801 -19.513103839866684 -44.289290892247884 915 919 -1
918 -47.06118408443191 -27.914930002364276 -44.30326286027081 916 920 -1
919 -54.71669836172635 -19.4024286945235 -44.142878109860874 917 921 -1
920 -46.94317254643521 -28.01393032947942 -44.19175684033939 918 922 -1
921 -54.851178134357326 -19.292418001067176 -43.99575653695184 919 923 -1
922 -46.822987144939376 -28.111127011579377 -44.08098827401219 920 924 -1
923 -54.98548065372523 -19.1830927185428 -43.847963647518554 921 925 -1
924 -46.700685035926575 -28.20651572877176 -43.97096734825973 922 926 -1
925 -55.119656777582605 -19.074474140234447 -43.69953623456746 923 927 -1
926 -46.57632498553664 -28.300095394951434 -43.8617022739912 924 928 -1
927 -55.253757404989564 -18.96658383461042 -43.550510632605885 925 929 -1
928 -46.44996458218134 -28.391865817185412 -43.75320025205894 926 930 -1
929 -55.387833509693145 -18.85944380650629 -43.40092273296316 927 931 -1
930 -46.321661281073204 -28.481828601750877 -43.645467101742454 928 932 -1
931 -55.52193618066966 -18.753076328040123 -43.25080824236432 929 933 -1
932 -46.19147225982119 -28.569987060191036 -43.538507301540164 930 934 -1
933 -55.6561166274462 -18.647504095628193 -43.10020267237232 931 935 -1
934 -46.05945311184942 -28.656344925655844 -43.43232454951558 932 936 -1
935 -55.79042622294172 -18.54275037637529 -42.94914137502925 933 937 -1
936 -45.925661262974685 -28.74090976719885 -43.3269202921607 934 938 -1
937 -55.9249165865507 -18.438839195805652 -42.79765959102912 935 939 -1
938 -45.79015248025529 -28.823689609933464 -43.22229518730986 936 940 -1
939 -56.05963951186714 -18.335794926088557 -42.64579277206662 937 941 -1
940 -45.65298161299445 -28.904693615551878 -43.11844882578577 938 942 -1
941 -56.19464704631686 -18.23364268103626 -42.49357648136257 939 943 -1
942 -45.51420267966367 -28.983932154786203 -43.015379712554136 940 944 -1
943 -56.32999166118516 -18.132408685092546 -42.34104640935562 941 945 -1
944 -45.3738687908404 -29.06141670933627 -42.913085323043134 942 946 -1
945 -56.46572595692941 -18.03211945557141 -42.18823876921841 943 947 -1
946 -45.232032082294765 -29.13715977561054 -42.81156215998083 944 948 -1
947 -56.601903064890394 -17.932802850360698 -42.03519007219324 945 949 -1
948 -45.088743657745184 -29.211174770781774 -42.71080581028302 946 950 -1
949 -56.73857634703246 -17.834487349676383 -41.881937454805666 947 951 -1
950 -44.94405354076371 -29.28347594158329 -42.61081100157144 948 952 -1
951 -56.87579974963753 -17.737202813204444 -41.7285186290933 949 953 -1
952 -44.79801063528309 -29.354078276201104 -42.51157165794978 950 954 -1
953 -57.013627403792846 -17.640979746047286 -41.57497212732807 951 955 -1
954 -44.65066269413953 -29.422997419548963 -42.41308095471103 952 956 -1
955 -57.152114086316075 -17.54585018368018 -41.42133729083599 953 957 -1
956 -44.502056295076386 -29.49024959215187 -42.3153313716947 954 958 -1
957 -57.29131500937069 -17.45184733509549 -41.267654459408845 955 959 -1
958 -44.35223682363306 -29.555851512805024 -42.218314745054286 956 960 -1
959 -57.431285709385286 -17.359005495694188 -41.11396507419217 957 961 -1
960 -44.20124846234935 -29.61982032512337 -42.12202231723592 958 962 -1
961 -57.57208228626646 -17.267360489015996 -40.96031178765566 959 963 -1
962 -44.04913418572752 -29.682173528049724 -42.026444785005914 960 964 -1
963 -57.71376129250295 -17.176949565693693 -40.80673860273508 961 965 -1
964 -43.895935760411014 -29.742928910347242 -41.93157234539928 962 966 -1
965 -57.85637971540435 -17.087811470291406 -40.65329100217009 963 967 -1
966 -43.74169375005933 -29.80210448906544 -41.83739473949267 964 968 -1
967 -58.0 -17.0 -40.5 965 969 970
968 -43.58644715446821 -29.85971786073879 -41.743901551784624 966 971 -1
969 -58.03413805915675 -17.13035084188474 -40.36016678177863 967 972 -1
970 -58.032837509939135 -16.837005621798554 -40.432915225785386 967 973 -1
971 -43.430233919750904 -29.91578688216321 -41.65108192407499 968 974 -1
972 -58.07055577256144 -17.25928404324124 -40.219582705963326 969 975 -1
973 -58.066310644440236 -16.673412923935427 -40.367751912332004 970 976 -1
974 -43.27309165232038 -29.970330822591254 -41.558924074049145 971 977 -1
975 -58.10927109951075 -17.386738184923004 -40.07826580053572 972 978 -1
976 -58.100363223819365 -16.509172151505737 -40.304548333123215 973 979 -1
977 -43.11505623966017 -30.023368082254102 -41.46741630540276 974 980 -1
978 -58.150269201985985 -17.51267648924271 -39.936235508366735 975 981 -1
979 -58.134966660539476 -16.34432154242326 -40.24326046340667 976 982 -1
980 -42.95616237408712 -30.074916914650906 -41.37654670343469 977 983 -1
981 -58.193532500030614 -17.63706355395348 -39.79351181549306 978 984 -1
982 -58.170092318692 -16.17889801052035 -40.18384172264771 979 985 -1
983 -42.79644264601803 -30.12499366274887 -41.286303891645744 980 986 -1
984 -58.23904071184741 -17.759865473018557 -39.65011516081826 981 987 -1
985 -58.20571193755162 -16.012936719882035 -40.126244369805015 982 988 -1
986 -42.63593079179989 -30.17361853667095 -41.196674590663015 983 989 -1
987 -58.28677096044994 -17.881049909614468 -39.50606632805508 984 990 -1
988 -58.24179800574911 -15.846470738148996 -40.07042094987209 985 991 -1
989 -42.47465835452628 -30.220809634317696 -41.10764618289951 986 992 -1
990 -58.33669781849922 -18.000586210788683 -39.361386358996725 987 993 -1
991 -58.27832352466658 -15.679531356762201 -40.01632353563113 988 994 -1
992 -42.31265478876269 -30.266582762163058 -41.01920676278961 989 995 -1
993 -58.38879341797095 -18.118445473182117 -39.216096450714325 990 996 -1
994 -58.31526202532162 -15.512148131463253 -39.963903858841405 991 997 -1
995 -42.149950484512814 -30.310957248024923 -40.931342735177815 992 998 -1
996 -58.443027547120295 -18.234600613469013 -39.07021786042589 993 999 -1
997 -58.352587633586985 -15.344348871047657 -39.91311366330564 994 1000 -1
998 -41.98657415786901 -30.3539508991465 -40.84404093355135 995 1001 -1
999 -58.49936828907722 -18.3490259769675 -38.92377167140087 996 1002 -1
1000 -58.39027492786033 -15.176159848769537 -39.86390418047491 997 1003 -1
1001 -41.82255231958943 -30.3955785432083 -40.757289181662294 998 1004 -1
1002 -58.55778254056094 -18.461696965708633 -38.77677861143959 999 1005 -1
1003 -58.428299020055164 -15.007605774677867 -39.81622651256607 1000 1006 -1
1004 -41.657912989628585 -30.435859867628402 -40.671073153627056 1001 1007 -1
1005 -58.61823194029822 -18.57259371001071 -38.629260049004195 1002 1008 -1
1006 -58.466635645059185 -14.838709756373142 -39.77003213850125 1003 1009 -1
1007 -41.49268121307166 -30.474809747778952 -40.58538025879974 1004 1010 -1
1008 -58.680680230826354 -18.68169482837209 -38.4812360292591 1005 1011 -1
1009 -58.505261085648904 -14.66949343509217 -39.72527269237777 1006 1012 -1
1010 -41.326882396556286 -30.5124453969258 -40.50019679653975 1007 1013 -1
1011 -58.74508587973996 -18.788984058390394 -38.332727117673876 1008 1014 -1
1012 -58.544152218590334 -14.499976985451607 -39.68190032411505 1009 1015 -1
1013 -41.160540807548024 -30.548783011296162 -40.41550929655811 1010 1016 -1
1014 -58.81140868858641 -18.894444383089773 -38.18375269504677 1011 1017 -1
1015 -58.583286396257314 -14.330179297616045 -39.6398672118046 1012 1018 -1
1016 -40.993679584628595 -30.583837575040388 -40.33130457469803 1013 1019 -1
1017 -58.87960377038769 -18.99806383300268 -38.03433239298379 1014 1020 -1
1018 -58.62264145109334 -14.160118026723229 -39.59912563494038 1015 1021 -1
1019 -40.82632198289376 -30.617625909385715 -40.24756860032479 1016 1022 -1
1020 -58.949629014985284 -19.09982829053668 -37.88448427514968 1017 1023 -1
1021 -58.6621957567824 -13.989809568288756 -39.55962843409304 1018 1024 -1
1022 -40.6584893770407 -30.650161501037456 -40.164288414796154 1019 1025 -1
1023 -59.02143645547778 -19.199730257362553 -37.73422683982903 1020 1026 -1
1024 -58.70192817831791 -13.819269158625003 -39.521328867384454 1021 1027 -1
1025 -40.490203799669075 -30.681461051621476 -40.08144974068781 1022 1028 -1
1026 -59.09497979108487 -19.297761359458196 -37.58357723354905 1023 1029 -1
1027 -58.74181805518051 -13.648510935348478 -39.48418064069933 1024 1030 -1
1028 -40.321485249001014 -30.711537146503385 -39.99903962071061 1025 1031 -1
1029 -59.17021206724272 -19.393914651425607 -37.43255178948762 1026 1032 -1
1030 -58.781845253521276 -13.477547881483826 -39.448138566503616 1027 1033 -1
1031 -40.152354427771634 -30.74040577728494 -39.91704375942447 1028 1034 -1
1032 -59.247083236227574 -19.48818754130568 -37.28116654225418 1029 1035 -1
1033 -58.82198997984078 -13.306392118326373 -39.413157320754976 1030 1036 -1
1034 -39.982830245870275 -30.768079090083216 -39.835449040139906 1031 1037 -1
1035 -59.325543882504135 -19.58057774781391 -37.12943638872422 1032 1038 -1
1036 -58.862232801772095 -13.135054953468218 -39.37919143979403 1033 1039 -1
1037 -39.81293205322641 -30.794571924714496 -39.75424129947555 1034 1040 -1
1038 -59.40554469142037 -19.67108380637992 -36.97737521188576 1035 1041 -1
1039 -58.902554771992925 -12.963546679337952 -39.34619676378334 1036 1042 -1
1040 -39.64267787685045 -30.819896318868246 -39.673407158920675 1037 1043 -1
1041 -59.487034559211956 -19.759707469029614 -36.824996283335075 1038 1044 -1
1042 -58.942937349634434 -12.791876613942398 -39.31413056327382 1039 1045 -1
1043 -39.47208575852685 -30.844065661292447 -39.59293266599341 1040 1046 -1
1044 -59.569962068966326 -19.846452061043472 -36.672311945489405 1041 1047 -1
1045 -58.98336219421595 -12.6200537268614 -39.282948212610286 1042 1048 -1
1046 -39.30117298075568 -30.86709208435992 -39.512804129716926 1043 1049 -1
1047 -59.6542759030032 -19.93132196623699 -36.51933353323059 1044 1050 -1
1048 -59.023811409355105 -12.448085931741742 -39.25260753913029 1045 1051 -1
1049 -39.12995637405027 -30.888987362436236 -39.433007824771906 1046 1052 -1
1050 -59.739924584106475 -20.014322979808217 -36.366071440026055 1047 1053 -1
1051 -59.06426735653011 -12.275980552310978 -39.223066407848144 1048 1054 -1
1052 -38.9584525623142 -30.909763802026767 -39.353529740970096 1049 1055 -1
1053 -59.82685711641317 -20.095461393886954 -36.212534993209815 1050 1056 -1
1054 -59.104712697624244 -12.103744455712867 -39.1942821990036 1051 1057 -1
1055 -38.78667729981683 -30.929431529218075 -39.274356343535885 1052 1058 -1
1056 -59.9150210632609 -20.174746884927927 -36.05873288231778 1053 1059 -1
1057 -59.14513029904546 -11.931383578031479 -39.166214787651725 1054 1060 -1
1058 -38.61464659903641 -30.9480029846861 -39.195473331153515 1055 1061 -1
1059 -60.0043648271069 -20.252189270667714 -35.904672693586896 1056 1062 -1
1060 -59.18550337925641 -11.758903787718072 -39.13882181156919 1057 1063 -1
1061 -38.44237529830627 -30.965486735406724 -39.11686728071733 1058 1064 -1
1062 -60.094836938991996 -20.327799525648263 -35.75036108282172 1059 1065 -1
1063 -59.225815183147354 -11.586309961714802 -39.112064144919685 1060 1066 -1
1064 -38.269878819997786 -30.981895201060166 -39.03852365252343 1061 1067 -1
1065 -60.186386124898924 -20.401589699723516 -35.59580378522414 1062 1068 -1
1066 -59.2660494115364 -11.413607009888542 -39.08590035021615 1063 1069 -1
1067 -38.09717126024728 -30.997235595790425 -38.96042902549431 1064 1070 -1
1068 -60.27896170169329 -20.473572218344678 -35.44100554661851 1065 1071 -1
1069 -59.30618959450251 -11.240798944737481 -39.0602919788124 1066 1072 -1
1070 -37.924267457886664 -31.01152004556862 -38.882568689036255 1067 1073 -1
1071 -60.37251279090141 -20.543761273728133 -35.285970334481426 1068 1074 -1
1072 -59.34621982017725 -11.067889857453437 -39.03519851295819 1069 1075 -1
1073 -37.751180946302526 -31.024754748592258 -38.804929092031216 1070 1076 -1
1074 -60.46698880868888 -20.612172057541933 -35.13070126188645 1071 1077 -1
1075 -59.38612386072967 -10.894883076018285 -39.01058190442854 1072 1078 -1
1076 -37.577925985361894 -31.036951156671513 -38.727495421684274 1073 1079 -1
1077 -60.56233978636481 -20.67882012965242 -34.97520053624765 1074 1080 -1
1078 -59.42588602724844 -10.721781961539698 -38.98640271878846 1075 1081 -1
1079 -37.40451570843901 -31.048114845625435 -38.650253870040586 1076 1082 -1
1080 -60.65851617810638 -20.743721742178778 -34.819469534402465 1077 1083 -1
1081 -59.465490375802446 -10.548589352089369 -38.96262296788284 1078 1084 -1
1082 -37.23096381690201 -31.05825614559929 -38.573189570760285 1079 1085 -1
1083 -60.75546899022638 -20.806893528924316 -34.66350879405813 1080 1086 -1
1084 -59.504921208214355 -10.375307957233195 -38.93920437578757 1081 1087 -1
1085 -37.057283195541146 -31.067380544559047 -38.496288332991945 1082 1088 -1
1086 -60.8531498150536 -20.86835233444511 -34.50731802220313 1083 1089 -1
1087 -59.54416293344195 -10.201940284691583 -38.91610888826737 1084 1090 -1
1088 -36.883487019411795 -31.07549665048297 -38.41953526964904 1085 1091 -1
1089 -60.95151014600367 -20.92811690016888 -34.350896358394 1086 1092 -1
1090 -59.58319960526016 -10.028488497424211 -38.89329920914315 1087 1093 -1
1091 -36.709588048536276 -31.082610498278655 -38.34291570452137 1088 1094 -1
1092 -61.05050234208612 -20.986205579995136 -34.19424210452154 1089 1095 -1
1093 -59.62201590180982 -9.854954851239244 -38.870737394914045 1090 1096 -1
1094 -36.53559899886448 -31.088728290820548 -38.2664147166441 1091 1097 -1
1095 -61.150079266234734 -21.042637102689458 -34.03735286100221 1092 1098 -1
1096 -59.660595882566874 -9.681341242796579 -38.84838638863885 1093 1099 -1
1097 -36.36153257014805 -31.093857020874363 -38.19001711118156 1094 1100 -1
1098 -61.250194452069024 -21.09742997547917 -33.88022547351584 1095 1101 -1
1099 -59.69892393508714 -9.50764960257073 -38.82620886946545 1096 1102 -1
1100 -36.18740119230627 -31.09800065018747 -38.113707776415424 1097 1103 -1
1101 -61.35080175494833 -21.150603433959773 -33.72285620253201 1098 1104 -1
1102 -59.736984485974446 -9.333881804457153 -38.80416766133258 1099 1105 -1
1103 -36.01321743470426 -31.10116553074189 -38.03747114670396 1100 1106 -1
1104 -61.451855340892706 -21.202177639915124 -33.565240799284496 1101 1107 -1
1105 -59.77476119675748 -9.160039496560554 -38.782225919336376 1102 1108 -1
1106 -35.83899374714605 -31.103356625637797 -37.96129156524367 1103 1109 -1
1107 -61.55331006806233 -21.252172315746844 -33.40737433549736 1104 1110 -1
1108 -59.81223866059936 -8.986124581017236 -38.76034649159936 1105 1111 -1
1109 -35.66474254586311 -31.104577481732854 -37.88515318874045 1106 1112 -1
1110 -61.655121345767384 -21.300606954732928 -33.24925125845189 1107 1113 -1
1111 -59.84940063351007 -8.812138785501416 -38.73849248551113 1108 1114 -1
1112 -35.49047630852948 -31.104832222523378 -37.80903986516958 1109 1115 -1
1113 -61.757245032278526 -21.347501001625417 -33.09086544509873 1110 1116 -1
1114 -59.886230817439866 -8.638083908431737 -38.71662691430544 1111 1117 -1
1115 -35.316207541931796 -31.104124916782467 -37.7329351914954 1112 1118 -1
1116 -61.859637165012366 -21.392875363456746 -32.9322105070987 1113 1119 -1
1117 -59.92271329386282 -8.463961921119642 -38.694712829346784 1114 1120 -1
1118 -35.14194880707262 -31.102458614159552 -37.656822499303004 1115 1121 -1
1119 -61.962254406836216 -21.436750100621655 -32.77327943151131 1116 1122 -1
1120 -59.95883104140978 -8.289774717756181 -38.6727130645455 1117 1123 -1
1121 -34.9677127626683 -31.099835954582094 -37.580684806988664 1118 1124 -1
1122 -62.06505389012005 -21.479144571049783 -32.61406461085545 1119 1125 -1
1123 -59.99456783779508 -8.115524500402232 -38.65059057747146 1120 1126 -1
1124 -34.793512192071304 -31.096259163553803 -37.504504797074496 1121 1127 -1
1125 -62.16799298988448 -21.52007893387921 -32.454558157539125 1122 1128 -1
1126 -60.029906744775836 -7.9412135358375595 -38.628308106396545 1123 1129 -1
1127 -34.61936003120041 -31.09173004689934 -37.428264792442 1124 1130 -1
1128 -62.27102942652799 -21.559573785550377 -32.294751889818734 1125 1131 -1
1129 -60.06483038320572 -7.766844255690148 -38.605828105987285 1126 1132 -1
1130 -34.44526939760378 -31.0862499849284 -37.35194673143125 1127 1133 -1
1131 -62.37412132070702 -21.597648960648034 -32.13463711342806 1128 1134 -1
1132 -60.09932203235298 -7.592419431614785 -38.58311333053371 1129 1135 -1
1133 -34.27125362078997 -31.079819925991142 -37.27553214174868 1130 1136 -1
1134 -62.47722705752044 -21.63432318080008 -31.974204535668136 1131 1137 -1
1135 -60.13336327611832 -7.417941908663636 -38.560125533668995 1132 1138 -1
1136 -34.09732627397149 -31.072440379397428 -37.199002113123 1133 1139 -1
1137 -62.580305271789946 -21.6696174311719 -31.813445075134293 1134 1140 -1
1138 -60.166937108396276 -7.243415015416241 -38.5368272719126 1135 1141 -1
1139 -33.923501207377264 -31.064111407671902 -37.122337268645204 1136 1142 -1
1140 -62.68331488488204 -21.703551342190632 -31.652349079688648 1137 1143 -1
1141 -60.20002477685016 -7.068842242446785 -38.513179922880504 1138 1144 -1
1142 -33.7497925833023 -31.054832618117 -37.0455177347254 1139 1145 -1
1143 -62.78621490671278 -21.736143382531285 -31.490906340404603 1140 1146 -1
1144 -60.23260826786411 -6.894227539390668 -38.48914533313393 1141 1147 -1
1145 -33.57621491307667 -31.044603153655814 -36.96852310959541 1142 1148 -1
1146 -62.888964650529815 -21.76741369037492 -31.32910685436332 1143 1149 -1
1147 -60.26466852539635 -6.719575186677112 -38.46468452620375 1144 1150 -1
1148 -33.40278319702059 -31.03342108550386 -36.891332294101915 1145 1151 -1
1149 -62.99152358391587 -21.79738176856402 -31.16694028066706 1146 1152 -1
1150 -60.29618667294527 -6.5448899347047655 -38.43975863891338 1147 1153 -1
1151 -33.2295128942983 -31.021284044563814 -36.8139235516331 1148 1154 -1
1152 -63.09385109451969 -21.826065908319492 -31.004395760656394 1149 1155 -1
1153 -60.32714303542901 -6.37017697867314 -38.414328103233444 1150 1156 -1
1154 -33.05641968785711 -31.00819059187311 -36.73627485131059 1151 1157 -1
1155 -63.19590680186682 -21.853485305016914 -30.841462551731393 1152 1158 -1
1156 -60.35751812270133 -6.195442050796605 -38.38835351731593 1153 1159 -1
1157 -32.88352038034113 -30.994135773904055 -36.65836267842562 1154 1160 -1
1158 -63.29765047370148 -21.879659221626156 -30.678129843120555 1155 1161 -1
1159 -60.38729122534419 -6.0206914120184605 -38.36179432662752 1156 1162 -1
1160 -32.7108316632418 -30.97911762682282 -36.58016373382449 1157 1163 -1
1161 -63.39904161166973 -21.904605675605573 -30.5143863394581 1158 1164 -1
1162 -60.41644260378702 -5.845931950688034 -38.33461095539884 1159 1165 -1
1163 -32.538371699237054 -30.963129939771264 -36.50165281283102 1160 1166 -1
1164 -63.50003978499235 -21.928343012175116 -30.350220779169366 1161 1167 -1
1165 -60.44494999723188 -5.671171182171135 -38.30676129983108 1162 1168 -1
1166 -32.366158754393595 -30.946168701837905 -36.42280470323645 1163 1169 -1
1167 -63.6006047954817 -21.950890162364146 -30.18562209218422 1164 1170 -1
1168 -60.472793185508124 -5.496417323794433 -38.278205404477895 1165 1171 -1
1169 -32.19421218467997 -30.928228048365835 -36.34359287975941 1166 1172 -1
1170 -63.70069601134076 -21.972264879327387 -30.020578785635678 1167 1173 -1
1171 -60.499949877444585 -5.321679336270293 -38.248901212675335 1168 1174 -1
1172 -32.02255230943824 -30.90930125800977 -36.26398971996924 1169 1175 -1
1173 -63.80027257020286 -21.992484653833635 -29.855079264302493 1170 1176 -1
1174 -60.52639746257625 -5.146966995686281 -38.21880635228031 1171 1177 -1
1175 -31.85120044155571 -30.8893809503264 -36.183966512933544 1172 1178 -1
1176 -63.89929405587461 -22.011568097421073 -29.689112436924326 1173 1179 -1
1177 -60.55211391458875 -4.972290882629912 -38.18787921303324 1174 1180 -1
1178 -31.680178976561717 -30.868459061457916 -36.10349339367271 1175 1181 -1
1179 -63.997719507505856 -22.029532797039728 -29.52266689251049 1176 1182 -1
1180 -60.577075863743715 -4.797662515675564 -38.156076788671726 1177 1183 -1
1181 -31.5095114893223 -30.846526818478623 -36.02253927424095 1178 1184 -1
1182 -64.09550718080185 -22.04639530244108 -29.3557308450654 1179 1185 -1
1183 -60.601259041195156 -4.623094430670826 -38.12335512531271 1180 1186 -1
1184 -31.33922283909384 -30.82357471240823 -35.941071771316764 1181 1187 -1
1185 -64.19261623910879 -22.062174007017344 -29.18829346234856 1182 1188 -1
1186 -60.62464017489504 -4.448600071299982 -38.08967160515314 1183 1189 -1
1187 -31.16933942260328 -30.799592135840005 -35.859056943410394 1184 1190 -1
1188 -64.28900502231453 -22.07688613978858 -29.02034356825206 1185 1191 -1
1189 -60.64719472629974 -4.27419401804558 -38.05498229576303 1186 1192 -1
1190 -30.999889701698986 -30.774566518881773 -35.77645867515969 1187 1193 -1
1191 -64.3846311264013 -22.09054824124012 -28.851869821055693 1188 1194 -1
1192 -60.668897718201876 -4.0998919980956865 -38.019242927317165 1189 1195 -1
1193 -30.83090300560805 -30.74848648928423 -35.69324039025603 1190 1196 -1
1194 -64.4794523930591 -22.10317757938377 -28.6828614447991 1191 1197 -1
1195 -60.689723446040055 -3.925710993873306 -37.98240854640962 1192 1198 -1
1196 -30.66241144311327 -30.721337727304892 -35.609362601611785 1193 1199 -1
1197 -64.57342645354545 -22.114791420169073 -28.513307930159826 1194 1200 -1
1198 -60.709646151864426 -3.7516692183145333 -37.944434376004665 1195 1201 -1
1199 -30.49444927493671 -30.693104986874733 -35.52478389956102 1196 1202 -1
1200 -64.66651030514693 -22.125406583106866 -28.343198815944735 1197 1203 -1
1201 -60.72863994340781 -3.577786166713646 -37.9052757574745 1198 1204 -1
1202 -30.327052715045394 -30.66377278439416 -35.439461361694626 1199 1205 -1
1203 -64.7586598515401 -22.13503912273534 -28.172523491919332 1200 1206 -1
1204 -60.74667823607693 -3.404082775483619 -37.864887462768046 1201 1207 -1
1205 -30.160260960588868 -30.633323749979144 -35.35334936757825 1202 1208 -1
1206 -64.84983186510696 -22.14370638711784 -28.00127242718777 1203 1209 -1
1207 -60.76373409625906 -3.230581440546413 -37.823224148872 1204 1210 -1
1208 -29.99411658527602 -30.601738526011736 -35.26639930484187 1205 1211 -1
1209 -64.93998218624226 -22.151425089922665 -27.829436109961456 1206 1212 -1
1210 -60.7797802726533 -3.0573060779687493 -37.78024042477893 1207 1213 -1
1211 -29.82866491935338 -30.56899735165412 -35.178560606270295 1208 1214 -1
1212 -65.02906613470886 -22.158211829479225 -27.657005360484547 1209 1215 -1
1213 -60.79478923284396 -2.8842821825178167 -37.7358909268562 1210 1216 -1
1214 -29.663955124888222 -30.535078684103368 -35.0897796222978 1211 1217 -1
1215 -65.1170380584906 -22.164082782806396 -27.48397114647213 1212 1218 -1
1216 -60.808733205436766 -2.7115368833826214 -37.69013040294287 1213 1219 -1
1217 -29.5 -30.5 -35.0 1214 -1 -1
1218 -65.2038525849199 -22.169054756403956 -27.31032531057738 1215 1220 -1
1219 -60.821584228062626 -2.539098996224601 -37.64291380545127 1216 1221 -1
1220 -65.28946390368009 -22.173144541253162 -27.136060206734346 1218 1222 -1
1221 -60.83331420152956 -2.3669990706392583 -37.5941963936861 1219 1223 -1
1222 -65.37382546949712 -22.17636873667855 -26.961168601885316 1220 1224 -1
1223 -60.843894950371656 -2.195269432030578 -37.54393384551638 1221 1225 -1
1224 -65.45689026348681 -22.178743980167077 -26.78564386555498 1222 1226 -1
1225 -60.85329829000157 -2.023944216823435 -37.492082378443044 1223 1227 -1
1226 -65.53861050116929 -22.18028678900604 -26.609479882294753 1224 1228 -1
1227 -60.86149541113584 -1.8530596669738086 -37.43859794409042 1225 1229 -1
1228 -65.61893811449127 -22.181013884842837 -26.4326713346351 1226 1230 -1
1229 -60.868458784005945 -1.6826534788188166 -37.383438838182045 1227 1231 -1
1230 -65.69782512718237 -22.180942367220556 -26.255213903032946 1228 1232 -1
1231 -60.874160777145526 -1.5127653196492046 -37.32656386472899 1229 1233 -1
1232 -65.7752227224476 -22.18008918039565 -26.077103882307615 1230 1234 -1
1233 -60.878573982158244 -1.3434367564404068 -37.26793280130185 1231 1235 -1
1234 -65.85108168006188 -22.178471384842343 -25.898338433601285 1232 1236 -1
1235 -60.8816714213978 -1.1747112003628533 -37.207506707710145 1233 1237 -1
1236 -65.92535240572664 -22.17610617260753 -25.718915640815148 1234 1238 -1
1237 -60.88342588925013 -1.006634265176113 -37.145247050763025 1235 1239 -1
1238 -65.99798496625436 -22.17301088235044 -25.538834567821645 1236 1240 -1
1239 -60.883811690097524 -0.8392529520675237 -37.08111810030883 1237 1241 -1
1240 -66.06892913088471 -22.16920301395755 -25.358095316188066 1238 1242 -1
1241 -60.88280439169769 -0.6726156839660565 -37.015086613353944 1239 1243 -1
1242 -66.13813403727673 -22.16470009821843 -25.176698943457414 1240 1244 -1
1243 -60.88037988791406 -0.5067727806060661 -36.94712056837486 1241 1245 -1
1244 -66.20554923377219 -22.15952010263164 -24.99464789343972 1242 1246 -1
1245 -60.87651438195156 -0.3417765227910257 -36.87718915658403 1243 1247 -1
1246 -66.27112406685593 -22.153681153409156 -24.81194578662877 1244 1248 -1
1247 -60.87118577698073 -0.17768032264882644 -36.805264689172574 1245 1249 -1
1248 -66.3348076566387 -22.14720152592716 -24.628597449906998 1246 1250 -1
1249 -60.86437430735931 -0.014538176615274229 -36.731323454077184 1247 1251 -1
1250 -66.3965491322696 -22.14009971913285 -24.4446090317435 1248 1252 -1
1251 -60.85606077951366 0.14759432002654901 -36.65534331656311 1249 1253 -1
1252 -66.4562977151568 -22.132394464895103 -24.259988055089565 1250 1254 -1
1253 -60.8462271162427 0.3086603329968798 -36.57730445862096 1251 1255 -1
1254 -66.51400280973411 -22.124104735947903 -24.07474346773799 1252 1256 -1
1255 -60.83485684074202 0.46860219340554704 -36.49719002666983 1253 1257 -1
1256 -66.56961410178953 -22.115249752260198 -23.888885689537968 1254 1258 -1
1257 -60.82193687034904 0.627362923814303 -36.41498852440353 1255 1259 -1
1258 -66.62308166430249 -22.105848985662877 -23.70242665582093 1256 1260 -1
1259 -60.807455020753274 0.7848845675360493 -36.33069041307159 1257 1261 -1
1260 -66.67435607065711 -22.095922162561905 -23.51537985636053 1258 1262 -1
1261 -60.791401149320215 0.9411091674525099 -36.244289625419015 1259 1263 -1
1262 -66.72338851501128 -22.08548926456777 -23.327760369164125 1260 1264 -1
1263 -60.773767257515736 1.095979035678932 -36.15578366287398 1261 1265 -1
1264 -66.77013068041873 -22.074570475294806 -23.139584828766914 1262 1266 -1
1265 -60.754547582316135 1.2494370357564553 -36.065173670859885 1263 1267 -1
1266 -66.81453502064221 -22.063186220323622 -22.95087149643515 1264 1268 -1
1267 -60.73373867494783 1.4014268747023293 -35.97246449021355 1265 1269 -1
1268 -66.85655586916855 -22.05135733511124 -22.761640479476416 1266 1270 -1
1269 -60.7113394654086 1.5518934018956878 -35.8776646829746 1267 1271 -1
1270 -66.8961482123141 -22.03910478081973 -22.57191341914343 1268 1272 -1
1271 -60.68735131137481 1.7007829114682294 -35.78078653115297 1269 1273 -1
1272 -66.93326834950722 -22.02644974067225 -22.38171361200229 1270 1274 -1
1273 -60.661778030290186 1.8480434446161271 -35.681846007475215 1271 1275 -1
1274 -66.9678740462719 -22.01341360494319 -22.191065997776736 1272 1276 -1
1275 -60.634625913663 1.9936250880648452 -35.58086271754919 1273 1277 -1
1276 -67.0 -22.0 -22.0 1274 -1 -1
1277 -60.60590372286295 2.1374802648116424 -35.47785981335956 1275 1278 -1
1278 -60.57562237855424 2.279563675845979 -35.37286351332471 1277 1279 -1
1279 -60.543793223425006 2.4198304524127763 -35.265900833511104 1278 1280 -1
1280 -60.51043422003357 2.5582438434231247 -35.15700735050347 1279 1281 -1
1281 -60.4755602739063 2.694763886099091 -35.04621488031868 1280 1282 -1
1282 -60.43919310024827 2.8293597922640674 -34.93356381267878 1281 1283 -1
1283 -60.4013519792226 2.961998532682832 -34.81909147143569 1282 1284 -1
1284 -60.36206061382219 3.092653910497978 -34.70284057630232 1283 1285 -1
1285 -60.321343902789515 3.221302680081282 -34.58485514266423 1284 1286 -1
1286 -60.27922768982452 3.347924344052657 -34.465180122912685 1285 1287 -1
1287 -60.23573931378439 3.4725021248835963 -34.34386201226939 1286 1288 -1
1288 -60.19090746712768 3.5950229997252827 -34.22094860456595 1287 1289 -1
1289 -60.14476051495855 3.7154752288084714 -34.09648695689019 1288 1290 -1
1290 -60.097329520323065 3.833853270882239 -33.970526899502005 1289 1291 -1
1291 -60.04864571679632 3.9501540500483134 -33.84311798851978 1290 1292 -1
1292 -59.99874002538778 4.06437613873848 -33.71430893943366 1291 1293 -1
1293 -59.94764388990821 4.176521200506224 -33.584148568547995 1292 1294 -1
1294 -59.895390191627044 4.286595790707905 -33.452686771211745 1293 1295 -1
1295 -59.84201085444128 4.3946072103527625 -33.31997178680153 1294 1296 -1
1296 -59.787538075835705 4.5005656982073345 -33.18605157744885 1295 1297 -1
1297 -59.7320042094291 4.604484307683381 -33.05097366770883 1296 1298 -1
1298 -59.675440243872735 4.706375934809916 -32.91478349104071 1297 1299 -1
1299 -59.61787840711147 4.806258428657784 -32.777527200291985 1298 1300 -1
1300 -59.55934996520339 4.904150317002226 -32.63924927242091 1299 1301 -1
1301 -59.5 5.0 -32.5 1300 -1 -1
