0 30.0 -141.5 -139.5 -1 1 -1
1 29.5 -141.5 -140.0 0 2 -1
2 29.0 -141.0 -140.5 1 3 -1
3 28.5 -141.0 -141.0 2 4 -1
4 28.0 -141.0 -141.5 3 5 -1
5 27.5 -140.5 -141.5 4 6 -1
6 27.0 -140.5 -142.0 5 7 -1
7 26.5 -140.5 -142.0 6 8 -1
8 26.0 -140.5 -142.0 7 9 -1
9 25.5 -140.0 -142.0 8 10 -1
10 25.0 -139.5 -142.0 9 11 -1
11 24.5 -140.0 -142.5 10 12 -1
12 24.0 -139.5 -142.5 11 13 -1
13 23.5 -139.5 -142.5 12 14 -1
14 23.0 -139.5 -143.0 13 15 -1
15 22.5 -139.0 -142.5 14 16 -1
16 22.0 -139.0 -143.0 15 17 -1
17 21.5 -138.5 -143.0 16 18 -1
18 21.0 -138.0 -143.5 17 19 -1
19 20.5 -137.5 -143.5 18 20 -1
20 20.0 -137.5 -143.0 19 21 -1
21 19.5 -137.0 -143.5 20 22 -1
22 19.0 -137.5 -143.0 21 23 -1
23 18.5 -137.0 -143.5 22 24 -1
24 18.0 -136.5 -144.0 23 25 -1
25 17.5 -136.5 -143.5 24 26 -1
26 17.0 -136.5 -143.5 25 27 -1
27 16.5 -136.0 -143.5 26 28 -1
28 16.0 -135.5 -143.5 27 29 -1
29 15.5 -135.5 -143.0 28 30 -1
30 15.0 -135.5 -142.5 29 31 -1
31 14.5 -135.0 -142.0 30 32 -1
32 14.0 -134.5 -142.0 31 33 -1
33 13.5 -134.0 -141.5 32 34 -1
34 13.0 -133.5 -141.0 33 35 -1
35 13.0 -133.5 -140.5 34 36 -1
36 12.5 -133.0 -140.0 35 37 -1
37 12.5 -132.5 -140.0 36 38 -1
38 12.0 -132.0 -139.5 37 39 -1
39 11.5 -131.5 -139.0 38 40 -1
40 11.5 -131.0 -138.5 39 41 -1
41 11.5 -130.5 -138.0 40 42 -1
42 11.0 -130.5 -137.5 41 43 -1
43 10.5 -130.5 -137.0 42 44 -1
44 10.5 -130.0 -136.5 43 45 -1
45 10.0 -130.0 -136.0 44 46 -1
46 10.5 -129.5 -135.5 45 47 -1
47 10.0 -130.0 -135.0 46 48 -1
48 10.0 -129.5 -134.5 47 49 -1
49 10.0 -129.0 -134.0 48 50 -1
50 10.0 -129.0 -133.5 49 51 -1
51 10.0 -128.5 -133.0 50 52 -1
52 9.5 -129.0 -132.5 51 53 -1
53 9.5 -128.5 -132.0 52 54 -1
54 9.5 -128.5 -131.5 53 55 -1
55 9.5 -128.5 -131.0 54 56 -1
56 9.5 -128.5 -130.5 55 57 -1
57 9.5 -128.0 -130.0 56 58 -1
58 9.5 -128.0 -129.5 57 59 -1
59 9.5 -128.0 -129.0 58 60 -1
60 9.5 -128.0 -128.5 59 61 -1
61 9.5 -128.0 -128.0 60 62 -1
62 9.5 -128.0 -127.5 61 63 -1
63 9.5 -128.0 -127.0 62 64 -1
64 9.5 -128.0 -126.5 63 65 -1
65 9.5 -128.0 -126.0 64 66 -1
66 9.5 -128.0 -125.5 65 67 -1
67 9.5 -128.0 -125.0 66 68 -1
68 10.0 -128.0 -124.5 67 69 -1
69 10.0 -128.0 -124.0 68 70 -1
70 10.0 -128.0 -123.5 69 71 -1
71 10.0 -128.0 -123.0 70 72 -1
72 10.0 -128.0 -122.5 71 73 -1
73 10.0 -128.0 -122.0 72 74 -1
74 10.0 -128.0 -121.5 73 75 -1
75 10.0 -128.0 -121.0 74 76 -1
76 10.0 -128.0 -120.5 75 77 -1
77 10.0 -128.0 -120.0 76 78 -1
78 10.5 -128.0 -119.5 77 79 -1
79 10.5 -128.0 -119.0 78 80 -1
80 10.5 -128.0 -118.5 79 81 -1
81 10.0 -128.5 -118.0 80 82 -1
82 10.5 -128.5 -117.5 81 83 -1
83 10.5 -128.5 -117.0 82 84 -1
84 11.0 -128.5 -116.5 83 85 -1
85 10.5 -129.0 -116.0 84 86 -1
86 11.0 -129.0 -115.5 85 87 -1
87 11.0 -129.5 -115.0 86 88 -1
88 11.0 -129.5 -114.5 87 89 -1
89 11.0 -129.5 -114.0 88 90 -1
90 11.5 -129.5 -113.5 89 91 -1
91 11.5 -130.0 -113.0 90 92 -1
92 12.0 -130.5 -112.5 91 93 -1
93 12.0 -130.5 -112.0 92 94 -1
94 12.0 -131.0 -111.5 93 95 -1
95 12.5 -131.5 -111.0 94 96 -1
96 12.5 -132.0 -110.5 95 97 -1
97 12.5 -132.5 -110.0 96 98 -1
98 13.0 -133.0 -109.5 97 99 -1
99 13.0 -133.5 -109.5 98 100 -1
100 13.0 -134.0 -109.0 99 101 -1
101 13.0 -134.5 -108.5 100 102 -1
102 13.0 -135.0 -108.5 101 103 -1
103 13.0 -135.5 -108.0 102 104 -1
104 13.0 -136.0 -108.0 103 105 -1
105 13.0 -136.5 -108.0 104 106 -1
106 13.0 -137.0 -107.5 105 107 -1
107 13.0 -137.5 -107.5 106 108 -1
108 13.0 -138.0 -107.5 107 109 -1
109 13.0 -138.5 -107.5 108 110 -1
110 13.0 -139.0 -107.5 109 111 -1
111 13.0 -139.5 -107.5 110 112 -1
112 13.5 -140.0 -107.5 111 113 -1
113 13.0 -140.5 -107.0 112 114 -1
114 13.5 -141.0 -107.0 113 115 -1
115 13.5 -141.5 -107.0 114 116 -1
116 13.5 -142.0 -107.0 115 117 -1
117 13.5 -142.5 -107.0 116 118 -1
118 13.5 -143.0 -107.0 117 119 -1
119 13.5 -143.5 -107.0 118 120 -1
120 13.5 -144.0 -107.0 119 121 -1
121 13.5 -144.5 -107.0 120 122 -1
122 13.5 -145.0 -107.0 121 123 -1
123 13.5 -145.5 -107.0 122 124 -1
124 13.5 -146.0 -107.0 123 125 -1
125 13.5 -146.5 -107.5 124 126 -1
126 13.0 -147.0 -107.0 125 127 -1
127 13.0 -147.5 -107.5 126 128 -1
128 13.0 -148.0 -107.5 127 129 -1
129 13.0 -148.5 -108.0 128 130 -1
130 13.0 -149.0 -108.0 129 131 -1
131 13.0 -149.5 -108.5 130 132 -1
132 12.5 -150.0 -108.5 131 133 -1
133 12.5 -150.5 -108.5 132 134 -1
134 12.5 -151.0 -109.0 133 135 -1
135 12.0 -151.5 -109.0 134 136 -1
136 12.0 -152.0 -109.5 135 137 -1
137 11.5 -152.5 -109.5 136 138 -1
138 11.5 -153.0 -109.5 137 139 -1
139 11.5 -153.5 -110.0 138 140 -1
140 11.0 -154.0 -110.0 139 141 -1
141 11.0 -154.5 -110.0 140 142 -1
142 11.0 -155.0 -110.5 141 143 -1
143 11.0 -155.5 -110.5 142 144 -1
144 11.0 -156.0 -111.0 143 145 -1
145 10.5 -156.5 -111.0 144 146 -1
146 10.5 -157.0 -111.0 145 147 -1
147 10.0 -157.5 -111.0 146 148 -1
148 10.0 -158.0 -111.5 147 149 -1
149 10.0 -158.5 -112.0 148 150 -1
150 9.5 -159.0 -112.0 149 151 -1
151 9.5 -159.5 -112.0 150 152 -1
152 9.0 -160.0 -112.5 151 153 -1
153 8.5 -160.5 -113.0 152 154 -1
154 8.0 -161.0 -113.5 153 155 -1
155 7.5 -161.5 -114.0 154 156 -1
156 7.0 -162.0 -114.5 155 157 -1
157 6.5 -162.5 -114.5 156 158 -1
158 6.0 -163.0 -114.5 157 159 -1
159 5.5 -163.5 -115.0 158 160 -1
160 5.0 -164.0 -115.5 159 161 -1
161 4.5 -164.0 -115.5 160 162 -1
162 4.0 -164.5 -116.0 161 163 -1
163 3.5 -165.0 -116.5 162 164 -1
164 3.0 -165.0 -117.0 163 165 -1
165 2.5 -165.5 -117.5 164 166 -1
166 1.5 -166.5 -118.0 165 167 -1
167 1.0 -166.5 -118.5 166 168 -1
168 0.5 -167.0 -119.0 167 169 -1
169 0.0 -167.0 -119.0 168 170 -1
170 -0.5 -167.5 -119.5 169 171 -1
171 -1.0 -168.0 -120.0 170 172 -1
172 -1.5 -168.5 -120.5 171 173 -1
173 -2.0 -168.5 -121.0 172 174 -1
174 -2.5 -169.0 -121.5 173 175 -1
175 -3.0 -169.0 -122.0 174 176 -1
176 -3.5 -169.5 -122.5 175 177 -1
177 -4.0 -169.5 -123.0 176 178 -1
178 -4.5 -170.0 -123.0 177 179 -1
179 -5.0 -170.5 -123.5 178 180 -1
180 -5.0 -170.5 -124.0 179 181 -1
181 -5.5 -170.5 -124.5 180 182 -1
182 -6.0 -170.5 -125.0 181 183 -1
183 -6.5 -170.5 -125.5 182 184 -1
184 -7.0 -171.0 -125.5 183 185 -1
185 -7.5 -171.0 -126.0 184 186 -1
186 -8.0 -171.0 -126.5 185 187 -1
187 -8.5 -171.0 -126.5 186 188 -1
188 -9.0 -171.0 -127.0 187 189 -1
189 -9.5 -171.0 -127.0 188 190 -1
190 -10.0 -171.5 -127.5 189 191 -1
191 -10.5 -171.0 -128.0 190 192 -1
192 -11.0 -171.0 -128.5 191 193 -1
193 -11.5 -170.5 -129.0 192 194 -1
194 -12.0 -171.0 -129.0 193 195 -1
195 -12.5 -170.5 -129.5 194 196 -1
196 -13.0 -170.5 -129.5 195 197 -1
197 -13.5 -170.5 -130.0 196 198 -1
198 -14.0 -170.5 -130.0 197 199 -1
199 -14.5 -170.5 -130.0 198 200 -1
200 -15.0 -170.5 -130.5 199 201 -1
201 -15.5 -170.5 -130.5 200 202 -1
202 -16.0 -170.5 -130.5 201 203 -1
203 -16.5 -170.5 -131.0 202 204 -1
204 -17.0 -170.5 -131.0 203 205 -1
205 -17.5 -170.5 -131.5 204 206 -1
206 -18.0 -170.5 -131.5 205 207 -1
207 -18.5 -170.5 -131.5 206 208 -1
208 -19.0 -170.5 -132.0 207 209 -1
209 -19.5 -170.5 -132.5 208 210 -1
210 -20.0 -170.5 -132.5 209 211 -1
211 -20.5 -170.5 -133.0 210 212 -1
212 -21.0 -170.5 -133.0 211 213 -1
213 -21.5 -170.5 -133.5 212 214 -1
214 -22.0 -170.5 -133.5 213 215 -1
215 -22.5 -170.5 -133.0 214 216 -1
216 -23.0 -170.5 -133.5 215 217 -1
217 -23.5 -170.5 -133.5 216 218 -1
218 -24.0 -170.5 -134.0 217 219 -1
219 -24.5 -170.5 -134.5 218 220 -1
220 -25.0 -170.5 -134.5 219 221 -1
221 -25.5 -170.5 -135.0 220 222 -1
222 -26.0 -170.5 -135.5 221 223 -1
223 -26.5 -170.0 -136.0 222 224 -1
224 -27.0 -170.0 -136.5 223 225 -1
225 -27.5 -169.5 -137.5 224 226 -1
226 -28.0 -169.0 -138.0 225 227 -1
227 -28.0 -169.0 -138.5 226 228 -1
228 -28.5 -168.5 -139.0 227 229 -1
229 -29.0 -168.5 -139.5 228 230 -1
230 -29.5 -168.5 -139.5 229 231 -1
231 -30.0 -168.0 -140.0 230 232 -1
232 -30.0 -167.5 -140.5 231 233 -1
233 -30.5 -167.0 -141.0 232 234 -1
234 -31.0 -167.5 -141.0 233 235 -1
235 -31.5 -167.0 -141.5 234 236 -1
236 -31.5 -166.5 -142.0 235 237 -1
237 -34.5 -164.5 -143.5 236 238 239
238 -34.0 -165.0 -143.5 237 241 -1
239 -35.0 -163.5 -144.5 237 242 -1
240 -31.5 -165.5 -142.5 237 243 -1
241 -34.0 -165.5 -143.5 238 244 -1
242 -35.5 -163.0 -144.5 239 245 -1
243 -31.0 -165.5 -142.0 240 246 -1
244 -34.0 -166.0 -143.0 241 247 -1
245 -35.5 -162.0 -145.0 242 248 -1
246 -30.5 -165.5 -142.0 243 249 -1
247 -34.0 -166.5 -143.0 244 250 -1
248 -35.5 -161.5 -145.0 245 251 -1
249 -30.0 -165.0 -142.0 246 252 -1
250 -34.5 -167.0 -142.5 247 253 -1
251 -36.0 -161.0 -145.5 248 254 -1
252 -29.5 -165.0 -141.5 249 255 -1
253 -34.5 -167.5 -142.5 250 -1 -1
254 -36.0 -160.5 -146.0 251 256 -1
255 -29.0 -165.0 -141.5 252 -1 -1
256 -36.5 -160.0 -146.5 254 257 -1
257 -37.0 -159.5 -147.0 256 258 -1
258 -40.0 -157.0 -146.5 257 259 260
259 -40.5 -157.0 -146.5 258 262 -1
260 -39.5 -156.5 -146.5 258 263 -1
261 -37.5 -160.5 -148.5 258 264 -1
262 -41.0 -157.0 -146.5 259 265 -1
263 -39.5 -156.0 -146.5 260 266 -1
264 -37.5 -160.5 -149.0 261 267 -1
265 -41.5 -156.5 -146.0 262 268 -1
266 -40.0 -155.5 -146.0 263 269 -1
267 -37.0 -160.5 -149.5 264 270 -1
268 -42.0 -156.5 -146.0 265 271 -1
269 -40.0 -155.0 -146.0 266 272 -1
270 -37.0 -160.5 -150.0 267 273 -1
271 -42.5 -156.5 -146.0 268 274 -1
272 -40.0 -154.5 -146.0 269 275 -1
273 -37.0 -160.5 -150.5 270 276 -1
274 -43.0 -156.5 -146.0 271 277 -1
275 -40.5 -154.0 -146.0 272 278 -1
276 -37.0 -160.5 -151.0 273 279 -1
277 -43.5 -156.0 -146.0 274 280 -1
278 -41.0 -153.5 -146.0 275 281 -1
279 -37.0 -160.5 -151.5 276 282 -1
280 -44.0 -156.0 -145.5 277 283 -1
281 -41.5 -153.0 -145.5 278 284 -1
282 -36.5 -160.5 -152.0 279 285 -1
283 -44.5 -156.0 -145.5 280 286 -1
284 -41.5 -152.5 -145.5 281 287 -1
285 -37.0 -160.5 -152.5 282 288 -1
286 -45.0 -156.0 -145.5 283 289 -1
287 -42.0 -152.0 -145.5 284 290 -1
288 -37.0 -160.5 -153.0 285 291 -1
289 -45.5 -156.0 -145.5 286 292 -1
290 -42.5 -151.5 -145.5 287 293 -1
291 -37.5 -160.5 -153.5 288 294 -1
292 -46.0 -156.0 -145.0 289 295 -1
293 -43.0 -151.0 -145.0 290 296 -1
294 -37.5 -160.5 -154.0 291 297 -1
295 -46.5 -156.0 -145.0 292 298 -1
296 -42.5 -150.5 -145.0 293 299 -1
297 -38.0 -160.5 -154.5 294 300 -1
298 -47.0 -156.5 -145.0 295 301 -1
299 -42.5 -150.0 -145.0 296 302 -1
300 -37.5 -160.5 -155.0 297 303 -1
301 -47.5 -156.5 -145.0 298 304 -1
302 -42.0 -149.5 -145.0 299 305 306
303 -37.5 -160.5 -155.5 300 307 -1
304 -48.0 -156.5 -144.5 301 308 -1
305 -42.5 -149.0 -145.0 302 309 -1
306 -41.5 -149.5 -145.0 302 310 -1
307 -38.0 -160.5 -156.0 303 311 -1
308 -48.5 -156.5 -144.5 304 312 -1
309 -43.0 -148.5 -144.5 305 313 -1
310 -41.0 -149.0 -144.5 306 314 -1
311 -38.5 -160.5 -156.5 307 315 -1
312 -49.0 -156.5 -144.0 308 316 -1
313 -42.5 -148.0 -144.5 309 317 -1
314 -40.5 -148.5 -144.0 310 318 -1
315 -39.0 -161.0 -157.0 311 319 -1
316 -49.5 -156.5 -144.0 312 320 -1
317 -42.0 -147.5 -144.0 313 321 -1
318 -40.0 -148.5 -143.5 314 322 -1
319 -39.0 -161.0 -157.5 315 323 -1
320 -50.0 -156.5 -143.5 316 324 -1
321 -42.0 -147.0 -143.5 317 325 -1
322 -39.5 -148.5 -143.5 318 326 -1
323 -39.0 -161.0 -158.0 319 327 -1
324 -50.5 -157.0 -143.0 320 328 -1
325 -42.0 -146.5 -143.0 321 329 -1
326 -39.0 -149.0 -143.5 322 330 -1
327 -39.5 -161.0 -158.5 323 331 -1
328 -51.0 -157.0 -142.5 324 332 -1
329 -42.0 -146.0 -142.5 325 333 -1
330 -38.5 -148.5 -143.0 326 334 -1
331 -39.5 -161.0 -159.0 327 335 -1
332 -51.5 -157.0 -142.0 328 -1 -1
333 -42.0 -145.5 -142.0 329 336 -1
334 -38.5 -148.5 -142.5 330 337 -1
335 -39.5 -161.0 -159.5 331 338 -1
336 -42.0 -145.5 -141.5 333 339 -1
337 -38.5 -148.0 -142.0 334 340 -1
338 -39.5 -161.0 -160.0 335 341 -1
339 -42.0 -145.0 -141.0 336 342 -1
340 -38.0 -148.0 -141.5 337 343 -1
341 -39.0 -160.5 -160.5 338 344 -1
342 -42.0 -144.5 -140.5 339 345 -1
343 -37.5 -148.0 -141.0 340 346 -1
344 -39.5 -161.0 -161.0 341 347 -1
345 -41.5 -144.5 -140.0 342 348 -1
346 -37.0 -148.5 -140.5 343 -1 -1
347 -39.5 -161.0 -161.5 344 349 -1
348 -41.0 -144.5 -139.5 345 350 -1
349 -39.0 -160.5 -162.0 347 351 -1
350 -42.5 -141.5 -135.5 348 352 353
351 -39.5 -161.0 -162.5 349 356 -1
352 -42.0 -141.5 -135.5 350 357 -1
353 -43.0 -141.0 -134.5 350 358 -1
354 -42.0 -141.5 -134.5 350 359 -1
355 -41.0 -144.0 -138.5 350 360 -1
356 -39.5 -161.0 -163.0 351 361 -1
357 -41.5 -142.0 -135.5 352 362 -1
358 -43.5 -140.5 -134.0 353 363 -1
359 -41.5 -141.5 -134.0 354 364 -1
360 -40.5 -144.5 -138.0 355 365 -1
361 -40.0 -161.5 -163.5 356 366 367
362 -41.0 -142.5 -135.0 357 368 -1
363 -43.5 -140.5 -133.5 358 369 -1
364 -41.5 -141.5 -133.5 359 370 -1
365 -40.0 -144.5 -137.5 360 371 -1
366 -40.5 -162.0 -164.0 361 372 -1
367 -39.0 -160.5 -164.0 361 373 -1
368 -40.5 -142.5 -135.0 362 374 -1
369 -44.0 -140.0 -133.0 363 375 -1
370 -41.0 -141.5 -133.0 364 376 -1
371 -39.5 -144.5 -137.5 365 377 -1
372 -40.5 -161.5 -164.5 366 378 -1
373 -38.5 -160.0 -164.5 367 379 -1
374 -40.0 -143.0 -135.0 368 380 -1
375 -44.0 -140.0 -132.5 369 381 -1
376 -40.5 -141.0 -132.5 370 382 -1
377 -39.0 -145.0 -137.5 371 383 -1
378 -40.5 -161.5 -165.0 372 384 -1
379 -38.5 -159.5 -165.0 373 385 -1
380 -39.5 -143.0 -134.5 374 386 -1
381 -44.0 -140.0 -132.0 375 387 -1
382 -40.0 -141.0 -132.0 376 -1 -1
383 -38.5 -145.0 -137.5 377 388 -1
384 -40.5 -161.5 -165.5 378 389 -1
385 -38.0 -159.0 -165.5 379 390 -1
386 -39.0 -143.0 -134.0 380 391 -1
387 -44.5 -140.0 -131.5 381 392 -1
388 -38.0 -145.0 -137.0 383 393 -1
389 -40.5 -161.5 -166.0 384 394 -1
390 -37.5 -158.5 -165.5 385 395 -1
391 -38.5 -143.0 -133.5 386 396 -1
392 -44.5 -140.0 -131.0 387 397 -1
393 -37.5 -145.0 -136.5 388 398 -1
394 -40.5 -161.5 -166.5 389 399 -1
395 -37.0 -158.5 -166.0 390 400 -1
396 -38.0 -143.0 -133.0 391 -1 -1
397 -44.5 -140.0 -130.5 392 401 -1
398 -37.0 -145.5 -136.0 393 -1 -1
399 -40.5 -161.5 -167.0 394 402 -1
400 -37.5 -158.0 -166.5 395 403 -1
401 -44.5 -140.0 -130.0 397 404 -1
402 -40.5 -161.5 -167.5 399 405 -1
403 -37.0 -158.0 -167.0 400 -1 -1
404 -44.5 -140.0 -129.5 401 406 -1
405 -41.0 -161.5 -168.0 402 407 -1
406 -45.0 -139.5 -129.0 404 408 -1
407 -41.5 -161.5 -168.5 405 409 -1
408 -46.0 -139.0 -128.5 406 410 411
409 -41.0 -161.0 -169.0 407 412 -1
410 -46.5 -138.5 -128.0 408 413 -1
411 -45.5 -139.0 -128.0 408 414 -1
412 -41.0 -160.5 -169.5 409 415 -1
413 -47.0 -138.0 -127.5 410 416 -1
414 -45.5 -139.0 -127.5 411 417 -1
415 -40.5 -160.0 -170.0 412 418 -1
416 -47.5 -138.0 -127.0 413 419 -1
417 -45.0 -139.5 -127.0 414 420 -1
418 -40.5 -160.0 -170.5 415 421 -1
419 -48.0 -137.5 -126.5 416 422 -1
420 -44.5 -139.5 -126.5 417 423 -1
421 -41.0 -160.5 -171.0 418 424 -1
422 -48.5 -137.5 -126.0 419 425 -1
423 -44.0 -139.5 -126.0 420 426 -1
424 -41.0 -160.5 -171.5 421 427 -1
425 -49.0 -137.0 -125.5 422 428 -1
426 -43.5 -139.5 -126.0 423 429 -1
427 -41.0 -160.5 -172.0 424 430 -1
428 -49.5 -137.0 -125.0 425 431 -1
429 -43.0 -139.5 -125.5 426 432 -1
430 -41.0 -160.5 -172.5 427 433 -1
431 -50.0 -137.0 -124.5 428 434 -1
432 -42.5 -139.5 -125.5 429 435 -1
433 -41.0 -160.5 -173.0 430 436 -1
434 -50.0 -137.0 -124.0 431 437 -1
435 -42.0 -139.5 -125.5 432 438 -1
436 -41.0 -160.5 -173.5 433 439 -1
437 -50.5 -137.0 -123.5 434 440 -1
438 -41.5 -140.0 -125.0 435 441 -1
439 -41.0 -160.5 -174.0 436 442 -1
440 -50.5 -137.0 -123.0 437 443 -1
441 -41.0 -140.0 -124.5 438 444 -1
442 -41.5 -161.0 -174.5 439 445 -1
443 -51.0 -137.0 -122.5 440 446 -1
444 -40.5 -140.0 -124.0 441 447 -1
445 -41.5 -161.0 -175.0 442 448 -1
446 -51.0 -137.0 -122.0 443 449 -1
447 -40.0 -140.0 -124.0 444 450 -1
448 -41.5 -161.0 -175.5 445 451 -1
449 -51.5 -136.5 -121.5 446 452 -1
450 -39.5 -140.5 -123.5 447 453 -1
451 -41.5 -161.5 -176.0 448 454 -1
452 -51.5 -136.5 -121.0 449 455 -1
453 -39.5 -140.5 -123.0 450 456 -1
454 -41.5 -161.5 -176.5 451 457 -1
455 -52.0 -136.5 -120.5 452 458 -1
456 -39.5 -140.5 -122.5 453 459 -1
457 -41.5 -161.5 -177.0 454 460 -1
458 -52.5 -136.5 -120.0 455 461 -1
459 -39.0 -141.0 -122.0 456 462 -1
460 -41.5 -161.5 -177.5 457 463 -1
461 -53.0 -136.5 -119.5 458 464 -1
462 -38.5 -141.0 -121.5 459 465 -1
463 -41.5 -161.5 -178.0 460 466 -1
464 -53.5 -136.0 -119.5 461 467 -1
465 -38.0 -141.5 -121.0 462 468 -1
466 -42.0 -162.0 -178.5 463 469 -1
467 -54.0 -136.0 -119.0 464 470 -1
468 -38.0 -141.5 -120.5 465 471 -1
469 -42.0 -162.0 -179.0 466 472 -1
470 -54.0 -136.0 -118.5 467 473 -1
471 -37.5 -141.5 -120.0 468 474 -1
472 -42.0 -162.0 -179.5 469 475 -1
473 -54.5 -136.0 -118.0 470 476 -1
474 -37.0 -142.0 -119.5 471 477 -1
475 -42.0 -162.5 -180.0 472 478 -1
476 -55.0 -136.0 -117.5 473 479 -1
477 -36.5 -142.5 -119.0 474 480 -1
478 -42.0 -162.5 -180.5 475 481 -1
479 -55.0 -136.0 -117.0 476 482 -1
480 -36.5 -142.5 -118.5 477 483 -1
481 -42.5 -163.0 -181.0 478 484 -1
482 -55.5 -136.0 -116.5 479 485 486
483 -36.0 -143.0 -118.0 480 488 -1
484 -42.5 -163.0 -181.5 481 489 -1
485 -56.0 -136.0 -116.5 482 490 -1
486 -55.5 -139.0 -113.5 482 491 -1
487 -54.5 -139.0 -114.5 482 492 -1
488 -36.0 -143.0 -117.5 483 493 -1
489 -42.5 -163.0 -182.0 484 494 -1
490 -56.5 -136.0 -116.0 485 495 -1
491 -56.0 -139.5 -113.0 486 496 -1
492 -54.0 -139.5 -114.5 487 497 -1
493 -35.5 -143.5 -117.0 488 498 -1
494 -42.5 -163.0 -182.5 489 499 -1
495 -57.0 -135.5 -116.0 490 500 -1
496 -56.5 -139.5 -112.5 491 501 -1
497 -53.5 -139.5 -115.0 492 502 -1
498 -35.0 -143.5 -116.5 493 503 -1
499 -43.0 -163.5 -183.0 494 504 -1
500 -57.5 -135.5 -115.5 495 505 -1
501 -57.0 -140.0 -112.0 496 506 -1
502 -53.0 -139.5 -115.0 497 507 -1
503 -35.0 -144.0 -116.0 498 508 -1
504 -43.0 -163.5 -183.5 499 509 -1
505 -58.0 -135.0 -115.0 500 -1 -1
506 -57.5 -140.0 -112.0 501 510 -1
507 -52.5 -139.5 -115.5 502 511 -1
508 -35.0 -144.5 -115.5 503 512 -1
509 -43.0 -163.5 -184.0 504 513 -1
510 -58.0 -139.5 -112.0 506 514 -1
511 -52.0 -140.0 -115.5 507 515 -1
512 -34.5 -144.5 -115.0 508 516 -1
513 -43.0 -164.0 -184.5 509 517 -1
514 -58.5 -140.0 -111.5 510 518 -1
515 -51.5 -140.5 -115.5 511 519 -1
516 -34.0 -145.0 -114.5 512 520 -1
517 -43.0 -164.0 -185.0 513 521 -1
518 -59.0 -140.0 -111.0 514 522 -1
519 -51.0 -140.5 -116.0 515 523 -1
520 -33.5 -145.0 -114.0 516 524 -1
521 -43.0 -164.0 -185.5 517 525 -1
522 -59.5 -140.0 -111.0 518 526 -1
523 -50.5 -141.0 -116.0 519 527 -1
524 -33.0 -145.5 -113.5 520 528 -1
525 -43.5 -164.5 -186.0 521 529 -1
526 -60.0 -140.0 -110.5 522 530 -1
527 -50.0 -141.5 -116.5 523 -1 -1
528 -33.0 -146.0 -113.5 524 531 -1
529 -43.5 -164.5 -186.5 525 532 -1
530 -60.5 -140.0 -110.5 526 533 -1
531 -32.5 -146.5 -113.0 528 534 -1
532 -43.5 -164.5 -187.0 529 535 -1
533 -61.0 -140.0 -110.0 530 536 -1
534 -32.5 -147.0 -112.5 531 537 -1
535 -44.0 -165.0 -187.5 532 538 -1
536 -62.0 -139.5 -109.5 533 539 -1
537 -32.5 -147.5 -112.5 534 540 -1
538 -44.0 -165.0 -188.0 535 541 -1
539 -62.5 -139.5 -109.0 536 542 -1
540 -32.0 -148.0 -112.0 537 543 -1
541 -44.0 -165.5 -188.5 538 544 -1
542 -63.0 -139.0 -108.0 539 545 -1
543 -31.5 -148.5 -111.5 540 546 -1
544 -44.0 -165.5 -189.0 541 547 -1
545 -63.5 -139.5 -107.5 542 548 -1
546 -31.5 -149.0 -111.0 543 549 -1
547 -44.0 -165.5 -189.5 544 550 -1
548 -64.0 -139.5 -107.5 545 551 -1
549 -31.0 -149.5 -111.0 546 552 -1
550 -44.5 -165.5 -190.0 547 553 -1
551 -64.5 -140.0 -107.0 548 554 -1
552 -31.0 -150.0 -110.5 549 555 -1
553 -44.5 -166.0 -190.5 550 556 -1
554 -65.0 -140.0 -107.0 551 557 -1
555 -30.5 -150.5 -110.5 552 558 -1
556 -44.5 -165.5 -191.0 553 559 -1
557 -65.5 -140.0 -106.5 554 560 -1
558 -30.5 -151.0 -110.0 555 561 -1
559 -45.0 -166.0 -191.5 556 562 -1
560 -66.0 -140.5 -106.5 557 563 -1
561 -30.0 -151.5 -110.0 558 564 -1
562 -45.0 -166.0 -192.0 559 565 -1
563 -66.5 -140.5 -106.0 560 566 -1
564 -30.0 -152.0 -109.5 561 567 -1
565 -45.0 -166.0 -192.5 562 568 -1
566 -67.0 -141.0 -105.5 563 569 -1
567 -29.5 -152.5 -109.5 564 570 -1
568 -45.0 -166.0 -193.0 565 571 -1
569 -67.5 -141.0 -105.5 566 572 -1
570 -29.0 -153.0 -109.5 567 573 -1
571 -45.0 -166.0 -193.5 568 574 -1
572 -68.0 -141.5 -105.5 569 575 -1
573 -29.0 -153.5 -109.5 570 576 -1
574 -45.0 -165.5 -194.0 571 577 -1
575 -68.5 -141.5 -105.0 572 578 -1
576 -29.0 -154.0 -109.0 573 579 -1
577 -45.0 -165.5 -194.5 574 580 -1
578 -69.0 -142.0 -105.0 575 581 -1
579 -29.0 -154.5 -108.5 576 582 -1
580 -45.0 -165.5 -195.0 577 583 -1
581 -69.5 -142.0 -105.0 578 584 -1
582 -28.5 -155.0 -108.5 579 585 -1
583 -45.0 -165.5 -195.5 580 586 -1
584 -70.0 -142.0 -104.5 581 587 -1
585 -28.0 -155.5 -108.0 582 588 -1
586 -45.5 -165.5 -196.0 583 589 -1
587 -70.5 -142.0 -104.5 584 590 -1
588 -28.0 -156.0 -108.0 585 591 -1
589 -45.5 -165.5 -196.5 586 592 -1
590 -71.0 -141.5 -104.0 587 593 -1
591 -28.0 -156.5 -108.0 588 594 -1
592 -45.5 -165.0 -197.0 589 595 -1
593 -71.5 -141.5 -104.0 590 596 -1
594 -27.5 -157.0 -107.5 591 597 -1
595 -46.0 -165.0 -197.5 592 598 -1
596 -72.0 -141.5 -103.5 593 599 -1
597 -27.5 -157.5 -107.0 594 600 -1
598 -46.0 -165.0 -198.0 595 601 -1
599 -72.5 -142.0 -103.0 596 602 -1
600 -27.0 -158.0 -106.5 597 603 -1
601 -46.5 -165.0 -198.5 598 604 -1
602 -73.0 -142.0 -103.0 599 605 -1
603 -26.5 -158.5 -106.0 600 606 -1
604 -46.5 -164.5 -199.0 601 607 -1
605 -73.5 -142.0 -103.0 602 608 -1
606 -26.5 -159.0 -105.5 603 609 -1
607 -47.0 -164.5 -199.5 604 610 -1
608 -74.0 -142.0 -102.5 605 611 -1
609 -26.0 -159.5 -105.0 606 612 -1
610 -47.0 -164.0 -200.0 607 613 -1
611 -74.5 -142.0 -102.0 608 614 -1
612 -26.0 -160.0 -104.5 609 615 -1
613 -47.5 -164.0 -200.5 610 616 -1
614 -75.0 -142.0 -101.5 611 617 -1
615 -25.5 -160.5 -104.0 612 618 -1
616 -48.0 -164.0 -201.0 613 619 -1
617 -75.5 -142.0 -101.0 614 620 -1
618 -25.0 -161.0 -103.5 615 621 -1
619 -48.0 -163.5 -201.5 616 622 -1
620 -75.5 -142.0 -100.5 617 623 -1
621 -24.5 -160.5 -103.5 618 624 -1
622 -48.0 -163.5 -202.0 619 625 -1
623 -76.0 -142.0 -100.0 620 626 -1
624 -24.0 -160.5 -103.0 621 627 -1
625 -48.0 -163.0 -202.5 622 628 -1
626 -76.0 -142.0 -99.5 623 629 -1
627 -23.5 -160.5 -103.0 624 630 -1
628 -48.5 -162.5 -203.0 625 631 -1
629 -76.0 -142.0 -99.0 626 632 -1
630 -23.0 -160.5 -102.5 627 633 -1
631 -48.5 -162.5 -203.5 628 634 -1
632 -76.0 -142.0 -98.5 629 635 -1
633 -22.5 -160.5 -102.0 630 636 -1
634 -49.0 -162.0 -204.0 631 637 -1
635 -76.5 -142.0 -98.0 632 638 -1
636 -22.0 -160.5 -102.0 633 639 -1
637 -49.0 -162.0 -204.5 634 640 -1
638 -77.0 -142.0 -98.0 635 641 -1
639 -21.5 -161.0 -101.5 636 642 -1
640 -49.0 -161.5 -205.0 637 643 -1
641 -77.5 -142.0 -98.0 638 644 -1
642 -21.0 -161.0 -101.5 639 645 -1
643 -49.5 -161.0 -205.5 640 646 -1
644 -78.0 -141.5 -97.5 641 647 -1
645 -20.5 -160.5 -101.5 642 648 -1
646 -49.5 -160.5 -206.0 643 649 -1
647 -78.5 -142.0 -97.0 644 650 -1
648 -20.0 -160.0 -101.5 645 651 -1
649 -49.5 -160.5 -206.5 646 652 -1
650 -79.0 -141.5 -97.0 647 653 -1
651 -19.5 -160.0 -101.5 648 654 -1
652 -49.5 -160.0 -207.0 649 655 -1
653 -79.5 -141.5 -97.0 650 656 -1
654 -19.0 -159.5 -101.5 651 657 -1
655 -50.0 -159.5 -207.5 652 658 -1
656 -80.0 -141.0 -97.5 653 659 -1
657 -18.5 -159.5 -101.0 654 660 -1
658 -50.0 -159.0 -208.0 655 661 -1
659 -80.5 -141.0 -98.0 656 662 -1
660 -18.0 -159.5 -101.0 657 663 -1
661 -50.0 -159.0 -208.5 658 664 -1
662 -81.0 -140.5 -98.0 659 665 -1
663 -17.5 -159.0 -101.0 660 666 -1
664 -50.0 -158.5 -209.0 661 -1 -1
665 -81.5 -140.0 -98.0 662 667 -1
666 -17.0 -159.0 -101.0 663 668 -1
667 -82.0 -140.0 -98.5 665 669 -1
668 -16.5 -159.5 -100.5 666 670 -1
669 -82.5 -140.0 -98.5 667 671 -1
670 -16.0 -159.0 -100.5 668 672 -1
671 -83.0 -139.5 -98.5 669 673 -1
672 -15.5 -159.0 -100.5 670 674 -1
673 -83.5 -139.5 -98.5 671 675 -1
674 -15.0 -159.0 -100.5 672 676 -1
675 -84.0 -139.0 -99.0 673 677 -1
676 -14.5 -158.5 -100.5 674 678 -1
677 -84.5 -138.5 -99.5 675 679 -1
678 -14.0 -158.5 -100.5 676 680 -1
679 -85.0 -138.0 -99.5 677 681 -1
680 -13.5 -158.0 -100.0 678 682 -1
681 -85.5 -137.5 -100.0 679 683 -1
682 -13.0 -158.0 -100.0 680 684 -1
683 -86.0 -137.5 -100.5 681 685 -1
684 -12.5 -158.0 -100.0 682 686 -1
685 -86.5 -137.0 -100.5 683 687 -1
686 -12.0 -158.5 -100.0 684 688 -1
687 -87.0 -136.5 -100.5 685 689 -1
688 -11.5 -158.0 -99.5 686 690 -1
689 -87.5 -136.5 -100.5 687 691 -1
690 -11.0 -157.5 -99.5 688 692 -1
691 -88.0 -136.0 -101.0 689 693 -1
692 -10.5 -157.0 -99.0 690 694 -1
693 -88.5 -136.0 -101.5 691 695 -1
694 -10.5 -156.5 -98.5 692 696 -1
695 -89.0 -135.5 -101.5 693 697 -1
696 -11.0 -156.0 -98.5 694 698 -1
697 -89.5 -135.5 -101.5 695 699 -1
698 -11.0 -155.5 -98.5 696 700 -1
699 -90.0 -135.0 -102.0 697 701 -1
700 -11.5 -155.0 -98.0 698 702 -1
701 -90.5 -134.5 -102.5 699 703 -1
702 -11.5 -154.5 -98.0 700 704 -1
703 -91.0 -134.0 -102.5 701 705 -1
704 -12.0 -154.0 -98.0 702 706 -1
705 -91.5 -133.5 -102.5 703 707 -1
706 -12.0 -153.5 -98.0 704 708 -1
707 -92.0 -133.0 -103.0 705 709 -1
708 -12.0 -153.0 -97.5 706 710 -1
709 -92.5 -132.5 -103.5 707 711 -1
710 -12.5 -152.5 -97.5 708 712 -1
711 -93.0 -132.0 -103.5 709 713 -1
712 -13.0 -152.0 -97.5 710 714 -1
713 -93.5 -131.5 -104.0 711 715 -1
714 -13.5 -152.0 -97.5 712 716 -1
715 -94.0 -131.0 -104.0 713 717 -1
716 -14.0 -152.0 -97.5 714 718 -1
717 -94.5 -130.5 -104.0 715 719 -1
718 -14.5 -151.5 -97.0 716 720 -1
719 -95.0 -130.0 -104.5 717 721 -1
720 -15.0 -151.0 -97.0 718 722 -1
721 -95.5 -129.5 -104.5 719 723 -1
722 -15.5 -151.0 -97.0 720 724 -1
723 -96.0 -129.0 -105.0 721 725 -1
724 -16.0 -151.0 -96.5 722 726 -1
725 -96.5 -128.5 -105.0 723 727 -1
726 -16.5 -150.5 -96.0 724 728 -1
727 -97.0 -128.5 -105.0 725 729 -1
728 -16.5 -150.5 -95.5 726 730 -1
729 -97.5 -128.0 -105.0 727 731 -1
730 -17.0 -150.5 -95.0 728 732 -1
731 -98.0 -127.5 -105.0 729 733 -1
732 -17.0 -150.0 -94.5 730 734 -1
733 -98.5 -127.0 -105.0 731 735 -1
734 -17.5 -150.0 -94.0 732 736 -1
735 -98.5 -126.5 -105.0 733 737 -1
736 -17.5 -150.0 -93.5 734 738 -1
737 -99.0 -126.0 -105.0 735 739 -1
738 -18.0 -150.0 -93.0 736 740 -1
739 -99.5 -125.5 -105.0 737 741 -1
740 -17.5 -150.5 -92.5 738 742 -1
741 -100.0 -125.5 -105.0 739 743 -1
742 -18.0 -150.5 -92.0 740 744 -1
743 -100.5 -125.0 -104.5 741 745 -1
744 -18.0 -150.5 -91.5 742 746 -1
745 -101.0 -124.5 -104.5 743 747 -1
746 -18.0 -151.0 -91.0 744 748 -1
747 -101.5 -124.0 -104.0 745 749 -1
748 -18.0 -151.0 -90.5 746 750 -1
749 -101.5 -123.5 -104.0 747 751 -1
750 -18.0 -151.5 -90.0 748 752 -1
751 -102.0 -123.0 -103.5 749 753 -1
752 -18.5 -152.0 -89.5 750 754 -1
753 -102.5 -122.5 -103.5 751 755 -1
754 -18.0 -152.0 -89.0 752 756 -1
755 -103.0 -122.0 -103.0 753 -1 -1
756 -18.0 -152.5 -88.5 754 757 -1
757 -17.5 -152.5 -88.0 756 758 -1
758 -17.0 -153.0 -87.5 757 759 -1
759 -16.5 -153.5 -87.0 758 760 -1
760 -16.0 -154.0 -86.5 759 761 -1
761 -15.5 -154.5 -86.0 760 762 -1
762 -15.0 -155.0 -85.5 761 763 -1
763 -14.5 -155.0 -85.5 762 764 -1
764 -14.0 -155.5 -85.5 763 765 -1
765 -13.5 -155.5 -85.5 764 766 -1
766 -13.0 -156.0 -85.5 765 767 -1
767 -12.5 -156.0 -85.5 766 768 -1
768 -12.0 -156.5 -85.0 767 769 -1
769 -11.5 -157.0 -85.5 768 770 -1
770 -11.0 -157.5 -85.0 769 771 -1
771 -10.5 -157.5 -85.5 770 772 -1
772 -10.0 -157.5 -85.5 771 773 -1
773 -9.5 -157.5 -85.5 772 774 -1
774 -9.0 -158.0 -85.5 773 775 -1
775 -8.5 -158.0 -85.5 774 776 -1
776 -8.0 -158.0 -86.0 775 777 -1
777 -7.5 -158.0 -86.0 776 778 -1
778 -7.0 -158.0 -86.0 777 779 -1
779 -6.5 -158.0 -86.5 778 780 -1
780 -6.0 -158.0 -86.5 779 781 -1
781 -5.5 -158.0 -87.0 780 782 -1
782 -5.0 -158.5 -87.5 781 783 -1
783 -4.5 -158.0 -87.5 782 784 -1
784 -4.0 -157.5 -87.5 783 785 -1
785 -3.5 -157.5 -88.0 784 786 -1
786 -3.5 -157.0 -88.5 785 787 -1
787 -3.0 -156.5 -89.0 786 788 -1
788 -2.5 -156.0 -89.0 787 789 -1
789 -2.5 -155.5 -89.0 788 790 -1
790 -2.5 -155.0 -89.0 789 791 -1
791 -2.0 -154.5 -89.0 790 792 -1
792 -2.0 -154.0 -89.0 791 793 -1
793 -2.0 -153.5 -89.0 792 794 -1
794 -1.5 -153.0 -89.0 793 795 -1
795 -1.5 -152.5 -89.0 794 796 -1
796 -1.5 -152.0 -88.5 795 797 -1
797 -1.5 -151.5 -88.5 796 798 -1
798 -1.5 -151.0 -88.5 797 799 -1
799 -1.5 -150.5 -88.0 798 800 -1
800 -1.5 -150.0 -88.0 799 801 -1
801 -1.5 -149.5 -87.5 800 802 -1
802 -2.0 -149.0 -87.5 801 803 -1
803 -2.0 -148.5 -87.5 802 804 -1
804 -2.5 -148.0 -87.0 803 805 -1
805 -2.5 -147.5 -87.0 804 806 -1
806 -3.0 -147.0 -86.5 805 807 -1
807 -3.5 -146.5 -86.0 806 808 -1
808 -4.0 -146.0 -85.5 807 809 -1
809 -4.0 -145.5 -85.5 808 810 -1
810 -4.5 -145.0 -85.0 809 811 -1
811 -5.0 -145.0 -84.5 810 812 -1
812 -5.5 -144.5 -84.5 811 813 -1
813 -6.0 -144.0 -84.0 812 814 -1
814 -6.5 -143.5 -83.5 813 815 -1
815 -7.0 -143.0 -83.0 814 816 -1
816 -7.5 -143.0 -83.0 815 817 -1
817 -8.0 -142.5 -82.5 816 818 -1
818 -8.5 -142.0 -82.0 817 819 -1
819 -9.0 -141.5 -82.0 818 820 -1
820 -9.5 -141.0 -81.5 819 821 -1
821 -10.0 -140.5 -81.5 820 822 -1
822 -10.5 -140.0 -81.0 821 823 -1
823 -10.5 -139.5 -80.5 822 824 -1
824 -11.0 -139.0 -80.5 823 825 -1
825 -11.5 -138.5 -80.0 824 826 -1
826 -12.0 -138.0 -80.0 825 827 -1
827 -12.5 -137.5 -80.0 826 828 -1
828 -12.5 -137.0 -79.5 827 829 -1
829 -13.0 -136.5 -79.5 828 830 -1
830 -13.0 -136.0 -79.0 829 831 -1
831 -13.5 -135.5 -79.0 830 832 -1
832 -14.0 -135.0 -79.0 831 833 -1
833 -14.0 -134.5 -78.5 832 834 -1
834 -14.0 -134.0 -78.5 833 835 -1
835 -14.0 -133.5 -78.5 834 836 -1
836 -14.5 -133.0 -78.0 835 837 -1
837 -15.0 -132.5 -77.5 836 838 -1
838 -15.0 -132.5 -77.0 837 839 -1
839 -15.0 -132.0 -76.5 838 840 -1
840 -15.0 -132.0 -76.0 839 841 -1
841 -15.0 -132.0 -75.5 840 842 -1
842 -14.5 -131.5 -75.0 841 843 -1
843 -15.0 -132.0 -74.5 842 844 -1
844 -15.0 -132.0 -74.0 843 845 -1
845 -15.0 -132.0 -73.5 844 846 -1
846 -15.0 -131.5 -73.0 845 847 -1
847 -15.5 -132.0 -72.5 846 -1 -1
