0 -42.0 -150.5 1321.0 -1 1 -1
1 -41.5 -150.5 1321.5 0 2 -1
2 -41.5 -150.5 1322.0 1 3 -1
3 -41.5 -150.0 1322.5 2 4 -1
4 -41.5 -150.0 1323.0 3 5 -1
5 -41.5 -149.5 1323.5 4 6 -1
6 -41.0 -149.5 1324.0 5 7 -1
7 -41.0 -149.5 1324.5 6 8 -1
8 -40.5 -149.5 1325.0 7 9 -1
9 -41.0 -149.0 1325.5 8 10 -1
10 -40.5 -149.0 1326.0 9 11 -1
11 -40.5 -149.0 1326.5 10 12 -1
12 -40.5 -148.5 1327.0 11 13 -1
13 -40.0 -148.5 1327.5 12 14 -1
14 -40.0 -148.0 1328.0 13 15 -1
15 -39.5 -148.0 1328.5 14 16 -1
16 -39.0 -148.0 1329.0 15 17 -1
17 -39.0 -147.5 1329.5 16 18 -1
18 -38.5 -147.5 1330.0 17 19 -1
19 -39.0 -147.0 1330.5 18 20 -1
20 -39.0 -147.0 1331.0 19 21 -1
21 -38.5 -146.5 1331.5 20 22 -1
22 -38.5 -146.5 1332.0 21 23 -1
23 -38.0 -146.0 1332.5 22 24 -1
24 -38.0 -146.0 1333.0 23 25 -1
25 -38.0 -146.0 1333.5 24 26 -1
26 -37.5 -145.5 1334.0 25 27 -1
27 -37.0 -145.5 1334.5 26 28 -1
28 -36.5 -145.5 1335.0 27 29 -1
29 -36.0 -145.5 1335.5 28 30 -1
30 -36.0 -145.0 1336.0 29 31 -1
31 -35.5 -145.5 1336.5 30 32 33
32 -35.5 -145.0 1337.0 31 34 -1
33 -35.0 -146.0 1337.0 31 35 -1
34 -36.0 -144.5 1337.0 32 36 -1
35 -34.5 -146.5 1337.5 33 37 -1
36 -36.0 -144.0 1337.5 34 38 -1
37 -34.0 -147.0 1337.5 35 39 -1
38 -36.0 -143.5 1338.0 36 40 -1
39 -33.5 -147.5 1338.0 37 41 -1
40 -36.5 -143.0 1338.0 38 42 -1
41 -33.0 -148.0 1338.5 39 43 -1
42 -36.5 -142.5 1338.5 40 44 -1
43 -32.5 -148.5 1338.5 41 45 -1
44 -37.0 -142.0 1338.5 42 46 -1
45 -32.0 -149.0 1338.5 43 47 -1
46 -37.5 -141.5 1338.5 44 48 -1
47 -31.5 -149.5 1339.0 45 49 -1
48 -37.5 -141.0 1339.0 46 50 -1
49 -31.0 -150.0 1339.0 47 51 -1
50 -37.5 -140.5 1339.0 48 52 -1
51 -30.5 -150.5 1339.0 49 53 -1
52 -37.5 -140.0 1339.5 50 54 -1
53 -30.0 -151.0 1339.0 51 55 -1
54 -38.0 -139.5 1340.0 52 56 -1
55 -29.5 -151.0 1339.5 53 57 58
56 -38.0 -139.0 1340.5 54 59 -1
57 -29.0 -151.0 1340.0 55 60 -1
58 -28.5 -152.0 1339.5 55 61 -1
59 -38.0 -138.5 1340.5 56 62 -1
60 -29.5 -150.5 1340.5 57 63 -1
61 -28.0 -152.5 1339.5 58 64 -1
62 -38.0 -138.0 1341.0 59 65 -1
63 -29.0 -150.0 1341.0 60 66 -1
64 -27.5 -153.0 1339.5 61 67 -1
65 -38.5 -137.5 1341.5 62 68 -1
66 -29.0 -149.5 1341.5 63 69 -1
67 -27.0 -153.5 1339.5 64 70 -1
68 -38.5 -137.0 1342.0 65 71 -1
69 -29.0 -149.0 1342.0 66 72 -1
70 -26.5 -153.5 1339.5 67 73 -1
71 -39.0 -136.5 1342.5 68 74 -1
72 -29.0 -149.0 1342.5 69 75 -1
73 -26.0 -154.0 1339.5 70 76 -1
74 -39.0 -136.0 1343.0 71 77 -1
75 -29.0 -148.5 1343.0 72 78 -1
76 -25.5 -154.5 1339.5 73 79 -1
77 -39.5 -136.0 1343.5 74 80 -1
78 -29.0 -148.0 1343.5 75 81 -1
79 -25.0 -155.0 1339.0 76 82 -1
80 -39.5 -135.5 1344.0 77 83 -1
81 -29.0 -148.0 1344.0 78 84 -1
82 -24.5 -155.0 1339.0 79 85 -1
83 -39.5 -135.0 1344.0 80 86 -1
84 -28.5 -147.5 1344.5 81 87 -1
85 -24.0 -155.5 1339.0 82 88 -1
86 -39.5 -134.5 1344.5 83 89 -1
87 -28.5 -147.5 1345.0 84 90 -1
88 -23.5 -155.5 1338.5 85 91 -1
89 -40.0 -134.0 1345.0 86 92 -1
90 -28.5 -147.0 1345.5 87 93 -1
91 -23.0 -156.0 1338.5 88 94 -1
92 -40.0 -133.5 1345.5 89 95 -1
93 -28.0 -147.0 1346.0 90 96 -1
94 -22.5 -156.5 1338.5 91 97 -1
95 -40.5 -133.5 1346.0 92 98 -1
96 -28.0 -146.5 1346.5 93 99 -1
97 -22.0 -156.5 1338.5 94 100 -1
98 -41.0 -133.0 1346.5 95 101 -1
99 -28.5 -146.5 1347.0 96 102 -1
100 -21.5 -157.0 1338.5 97 103 -1
101 -41.0 -132.5 1347.0 98 104 -1
102 -28.5 -146.5 1347.5 99 105 -1
103 -21.0 -157.0 1338.5 100 106 -1
104 -41.0 -132.0 1347.0 101 107 -1
105 -28.5 -146.5 1348.0 102 108 -1
106 -20.5 -157.0 1338.5 103 109 -1
107 -41.0 -131.5 1347.5 104 110 -1
108 -29.0 -146.5 1348.5 105 111 -1
109 -20.0 -157.0 1338.5 106 112 -1
110 -41.5 -131.0 1348.0 107 113 -1
111 -29.5 -146.5 1349.0 108 114 -1
112 -19.5 -157.5 1339.0 109 115 -1
113 -42.0 -131.0 1348.5 110 116 -1
114 -29.5 -146.5 1349.5 111 117 -1
115 -19.0 -157.5 1338.5 112 118 -1
116 -42.0 -130.5 1349.0 113 119 -1
117 -29.5 -146.0 1350.0 114 120 -1
118 -18.5 -158.0 1338.5 115 121 -1
119 -42.5 -130.0 1349.5 116 122 -1
120 -29.5 -146.0 1350.5 117 123 -1
121 -18.0 -158.0 1338.5 118 124 -1
122 -43.0 -129.5 1350.0 119 125 -1
123 -29.5 -146.0 1351.0 120 126 -1
124 -17.5 -158.5 1338.5 121 127 -1
125 -43.0 -129.5 1350.5 122 128 -1
126 -30.0 -146.0 1351.5 123 129 -1
127 -17.0 -158.5 1339.0 124 130 -1
128 -43.0 -129.5 1351.0 125 131 -1
129 -30.5 -146.0 1352.0 126 132 -1
130 -16.5 -159.0 1339.0 127 133 -1
131 -43.5 -129.0 1351.5 128 134 -1
132 -30.5 -146.0 1352.5 129 135 -1
133 -16.0 -159.0 1339.0 130 136 -1
134 -44.0 -129.0 1351.5 131 137 -1
135 -30.5 -145.5 1353.0 132 138 -1
136 -15.5 -159.5 1339.0 133 139 -1
137 -44.5 -128.5 1352.0 134 140 -1
138 -31.0 -146.0 1353.5 135 141 -1
139 -15.0 -159.5 1339.5 136 142 -1
140 -44.5 -128.5 1352.5 137 143 -1
141 -31.0 -145.5 1354.0 138 144 -1
142 -14.5 -159.5 1339.5 139 145 -1
143 -45.0 -128.0 1353.0 140 146 -1
144 -31.0 -145.5 1354.5 141 147 -1
145 -14.0 -159.5 1340.0 142 148 -1
146 -45.5 -127.5 1353.5 143 149 -1
147 -31.5 -145.5 1355.0 144 150 -1
148 -13.5 -159.5 1340.0 145 151 -1
149 -46.0 -127.0 1354.0 146 152 -1
150 -31.5 -145.5 1355.5 147 153 -1
151 -13.0 -159.5 1340.0 148 154 -1
152 -46.5 -126.5 1354.5 149 155 -1
153 -31.5 -145.5 1356.0 150 156 -1
154 -12.5 -159.5 1340.5 151 157 -1
155 -47.0 -126.0 1355.0 152 158 -1
156 -32.0 -145.5 1356.5 153 159 -1
157 -12.0 -159.5 1340.5 154 160 -1
158 -47.0 -125.5 1355.5 155 161 -1
159 -32.0 -145.5 1357.0 156 162 -1
160 -11.5 -159.5 1340.5 157 163 -1
161 -47.5 -125.0 1356.0 158 164 -1
162 -32.0 -145.5 1357.5 159 165 -1
163 -11.0 -159.5 1340.5 160 166 -1
164 -48.0 -124.5 1356.5 161 167 -1
165 -32.0 -145.5 1358.0 162 168 -1
166 -10.5 -160.0 1340.5 163 169 -1
167 -48.5 -124.5 1357.0 164 170 -1
168 -32.0 -145.0 1358.5 165 171 -1
169 -10.0 -160.0 1340.5 166 172 -1
170 -49.0 -124.0 1357.0 167 173 -1
171 -31.5 -145.0 1359.0 168 174 -1
172 -9.5 -160.0 1341.0 169 175 -1
173 -49.5 -124.0 1357.5 170 176 -1
174 -31.5 -144.5 1359.5 171 177 -1
175 -9.0 -159.5 1341.5 172 178 -1
176 -50.0 -123.5 1358.0 173 179 -1
177 -32.0 -145.0 1360.0 174 180 -1
178 -8.5 -159.5 1342.0 175 181 -1
179 -50.5 -123.0 1358.5 176 182 -1
180 -31.5 -144.5 1360.5 177 183 -1
181 -8.0 -159.5 1342.0 178 184 -1
182 -51.0 -122.5 1358.5 179 185 -1
183 -31.5 -144.5 1361.0 180 186 -1
184 -7.5 -159.0 1342.0 181 187 -1
185 -51.5 -122.0 1359.0 182 188 -1
186 -31.0 -144.5 1361.5 183 189 -1
187 -7.0 -159.0 1342.0 184 190 -1
188 -52.0 -121.5 1359.5 185 191 -1
189 -31.0 -144.5 1362.0 186 192 -1
190 -6.5 -158.5 1342.5 187 193 -1
191 -52.5 -121.5 1360.0 188 194 -1
192 -31.0 -144.5 1362.5 189 195 -1
193 -6.0 -158.5 1343.0 190 196 -1
194 -53.0 -121.0 1360.0 191 197 -1
195 -31.0 -144.5 1363.0 192 198 -1
196 -5.5 -158.5 1343.5 193 199 -1
197 -53.0 -120.5 1360.5 194 200 -1
198 -30.5 -144.0 1363.5 195 201 -1
199 -5.0 -158.0 1344.0 196 202 -1
200 -53.5 -120.5 1361.0 197 203 -1
201 -30.5 -144.0 1364.0 198 204 -1
202 -4.5 -158.0 1344.5 199 205 -1
203 -54.0 -120.0 1361.0 200 206 -1
204 -30.5 -144.0 1364.5 201 207 -1
205 -4.0 -158.0 1344.5 202 208 -1
206 -54.5 -120.0 1361.5 203 209 -1
207 -30.5 -144.0 1365.0 204 210 -1
208 -3.5 -157.5 1345.0 205 211 -1
209 -54.5 -119.5 1362.0 206 212 -1
210 -30.0 -144.0 1365.5 207 213 -1
211 -3.0 -157.5 1345.5 208 214 -1
212 -55.0 -119.5 1362.5 209 215 -1
213 -30.0 -144.0 1366.0 210 216 -1
214 -2.5 -157.5 1346.0 211 217 -1
215 -55.5 -119.5 1363.0 212 218 -1
216 -29.5 -144.0 1366.5 213 219 -1
217 -2.0 -157.5 1346.5 214 220 -1
218 -56.0 -119.0 1363.5 215 221 -1
219 -29.5 -144.0 1367.0 216 222 -1
220 -1.5 -157.0 1347.0 217 223 -1
221 -56.5 -118.5 1363.5 218 224 -1
222 -29.0 -144.0 1367.5 219 225 -1
223 -1.0 -157.0 1347.5 220 226 -1
224 -57.0 -118.0 1364.0 221 227 -1
225 -28.5 -144.0 1368.0 222 228 -1
226 -0.5 -157.0 1348.0 223 229 -1
227 -57.5 -118.0 1364.5 224 230 -1
228 -28.5 -144.0 1368.5 225 231 -1
229 0.0 -156.5 1348.5 226 232 -1
230 -58.0 -117.5 1365.0 227 233 -1
231 -28.0 -143.5 1369.0 228 234 -1
232 0.5 -156.5 1349.0 229 235 -1
233 -58.5 -117.0 1365.5 230 236 -1
234 -28.0 -143.5 1369.5 231 237 -1
235 1.0 -156.5 1349.5 232 238 -1
236 -59.0 -116.5 1366.0 233 239 -1
237 -27.5 -143.5 1370.0 234 240 -1
238 1.5 -156.0 1350.0 235 241 -1
239 -59.5 -116.5 1366.5 236 242 -1
240 -27.0 -144.0 1370.5 237 243 -1
241 1.5 -156.0 1350.5 238 244 -1
242 -60.0 -116.0 1366.5 239 245 -1
243 -27.0 -143.5 1371.0 240 246 -1
244 2.0 -156.0 1351.0 241 247 -1
245 -60.5 -115.5 1367.0 242 248 -1
246 -26.5 -143.5 1371.5 243 249 -1
247 2.5 -155.5 1351.5 244 250 -1
248 -61.0 -115.5 1367.5 245 251 -1
249 -26.0 -143.5 1372.0 246 252 -1
250 2.5 -155.5 1352.0 247 253 -1
251 -61.5 -115.0 1368.0 248 254 -1
252 -26.0 -143.5 1372.5 249 255 -1
253 3.0 -155.5 1352.5 250 256 -1
254 -62.0 -114.5 1368.5 251 257 -1
255 -25.5 -143.5 1373.0 252 258 -1
256 3.5 -155.0 1353.0 253 259 -1
257 -62.5 -114.5 1369.0 254 260 -1
258 -25.0 -143.0 1373.5 255 261 -1
259 3.5 -155.0 1353.5 256 262 -1
260 -63.0 -114.0 1369.5 257 263 -1
261 -25.0 -143.5 1374.0 258 264 -1
262 4.0 -155.0 1354.0 259 265 -1
263 -63.5 -114.0 1370.0 260 266 -1
264 -24.5 -143.5 1374.5 261 267 -1
265 4.5 -154.5 1354.5 262 268 -1
266 -64.0 -113.5 1370.5 263 269 -1
267 -24.0 -143.0 1375.0 264 270 -1
268 5.0 -154.5 1355.0 265 271 -1
269 -64.5 -114.0 1371.0 266 272 -1
270 -23.5 -143.5 1375.5 267 273 -1
271 5.0 -154.5 1355.5 268 274 -1
272 -64.5 -114.5 1371.5 269 275 -1
273 -23.0 -143.5 1376.0 270 276 -1
274 5.5 -154.0 1356.0 271 277 -1
275 -65.0 -114.5 1372.0 272 278 -1
276 -23.0 -143.0 1376.5 273 279 -1
277 5.5 -154.0 1356.5 274 280 -1
278 -65.5 -115.0 1372.5 275 281 -1
279 -22.5 -143.0 1377.0 276 282 -1
280 6.0 -154.0 1357.0 277 283 -1
281 -66.0 -115.5 1373.0 278 284 -1
282 -22.0 -143.5 1377.5 279 285 -1
283 6.5 -154.0 1357.5 280 286 -1
284 -66.0 -116.0 1373.5 281 287 -1
285 -21.5 -143.5 1378.0 282 288 -1
286 6.5 -153.5 1358.0 283 289 -1
287 -66.5 -116.0 1374.0 284 290 -1
288 -21.5 -143.5 1378.5 285 291 -1
289 7.0 -153.5 1358.5 286 292 -1
290 -66.5 -116.5 1374.5 287 293 -1
291 -21.0 -143.5 1379.0 288 294 -1
292 7.0 -153.5 1359.0 289 295 -1
293 -66.5 -117.0 1375.0 290 296 -1
294 -20.5 -144.0 1379.5 291 297 -1
295 7.5 -153.5 1359.5 292 298 -1
296 -67.0 -117.0 1375.5 293 299 -1
297 -20.0 -144.0 1380.0 294 300 -1
298 7.5 -153.0 1360.0 295 301 -1
299 -67.5 -117.5 1376.0 296 302 -1
300 -19.5 -144.0 1380.5 297 303 -1
301 8.0 -153.0 1360.5 298 304 -1
302 -67.5 -118.0 1376.5 299 305 -1
303 -19.0 -144.5 1381.0 300 306 -1
304 8.5 -153.0 1361.0 301 307 -1
305 -67.5 -118.5 1377.0 302 308 -1
306 -18.5 -144.5 1381.5 303 309 -1
307 8.5 -152.5 1361.5 304 310 -1
308 -68.0 -119.0 1377.5 305 311 -1
309 -18.0 -145.0 1382.0 306 312 -1
310 8.5 -152.5 1362.0 307 313 -1
311 -68.0 -119.5 1378.0 308 314 -1
312 -17.5 -145.0 1382.5 309 315 -1
313 8.5 -152.5 1362.5 310 316 -1
314 -68.0 -120.0 1378.0 311 317 -1
315 -17.0 -145.5 1383.0 312 318 -1
316 9.0 -152.0 1363.0 313 319 -1
317 -68.0 -120.5 1378.5 314 320 -1
318 -16.5 -145.5 1383.0 315 321 -1
319 9.5 -152.0 1363.5 316 322 -1
320 -68.0 -121.0 1378.5 317 323 -1
321 -16.0 -146.0 1383.5 318 324 -1
322 10.0 -151.5 1364.0 319 325 -1
323 -68.5 -121.5 1379.0 320 326 -1
324 -15.5 -146.0 1384.0 321 327 -1
325 10.0 -151.0 1364.5 322 328 -1
326 -68.0 -122.0 1379.0 323 329 -1
327 -15.0 -146.5 1384.0 324 330 -1
328 10.5 -150.5 1365.0 325 331 -1
329 -68.0 -122.5 1379.0 326 332 -1
330 -14.5 -147.0 1384.5 327 333 -1
331 10.5 -150.0 1365.5 328 334 -1
332 -67.5 -123.0 1379.0 329 335 -1
333 -14.0 -147.0 1385.0 330 336 -1
334 11.0 -149.5 1366.0 331 337 -1
335 -67.5 -123.5 1379.0 332 338 -1
336 -13.5 -147.5 1385.0 333 339 -1
337 11.0 -149.5 1366.5 334 340 -1
338 -67.5 -124.0 1379.0 335 341 -1
339 -13.0 -147.5 1385.0 336 342 -1
340 11.5 -149.0 1367.0 337 343 -1
341 -67.5 -124.5 1379.0 338 344 -1
342 -12.5 -148.0 1385.5 339 345 -1
343 12.0 -148.5 1367.0 340 346 -1
344 -67.5 -125.0 1379.5 341 347 -1
345 -12.0 -148.5 1385.5 342 348 -1
346 12.5 -148.0 1367.0 343 349 -1
347 -67.5 -125.5 1379.5 344 350 -1
348 -11.5 -148.5 1386.0 345 351 -1
349 12.5 -147.5 1367.5 346 352 -1
350 -67.5 -126.0 1379.0 347 353 -1
351 -11.0 -149.0 1386.0 348 354 -1
352 12.5 -147.0 1368.0 349 355 -1
353 -67.5 -126.5 1379.0 350 356 -1
354 -10.5 -149.0 1386.5 351 357 -1
355 13.0 -146.5 1368.0 352 358 -1
356 -67.5 -127.0 1379.0 353 359 -1
357 -10.0 -149.5 1386.5 354 360 -1
358 13.5 -146.0 1368.5 355 361 -1
359 -67.5 -127.5 1379.0 356 362 -1
360 -9.5 -150.0 1387.0 357 363 -1
361 13.5 -145.5 1369.0 358 364 -1
362 -67.5 -128.0 1379.0 359 365 -1
363 -9.0 -150.0 1387.5 360 366 -1
364 14.0 -145.0 1369.0 361 367 -1
365 -67.5 -128.5 1379.0 362 368 -1
366 -8.5 -150.5 1387.5 363 369 -1
367 14.0 -144.5 1369.5 364 370 -1
368 -67.5 -129.0 1379.0 365 371 -1
369 -8.0 -150.5 1388.0 366 372 -1
370 14.5 -144.0 1370.0 367 373 -1
371 -67.5 -129.5 1379.0 368 374 -1
372 -7.5 -151.0 1388.0 369 375 -1
373 14.5 -143.5 1370.5 370 376 -1
374 -67.5 -130.0 1379.0 371 377 -1
375 -7.0 -151.0 1388.5 372 378 -1
376 15.0 -143.0 1370.5 373 379 -1
377 -67.5 -130.5 1379.0 374 380 -1
378 -6.5 -151.5 1388.5 375 381 -1
379 15.5 -142.5 1370.5 376 382 -1
380 -67.5 -131.0 1379.0 377 383 -1
381 -6.0 -152.0 1388.5 378 384 -1
382 15.5 -142.0 1370.5 379 385 -1
383 -68.0 -131.5 1379.0 380 386 -1
384 -5.5 -152.0 1388.5 381 387 -1
385 16.0 -141.5 1370.5 382 388 -1
386 -68.0 -132.0 1379.0 383 389 -1
387 -5.0 -152.0 1389.0 384 390 -1
388 16.0 -141.0 1371.0 385 391 -1
389 -68.0 -132.5 1379.0 386 -1 -1
390 -4.5 -152.5 1388.5 387 392 -1
391 16.5 -140.5 1371.0 388 393 -1
392 -4.0 -152.5 1389.0 390 394 -1
393 17.0 -140.0 1371.0 391 395 -1
394 -3.5 -152.5 1389.0 392 -1 -1
395 17.5 -139.5 1371.0 393 396 -1
396 17.5 -139.0 1371.5 395 397 -1
397 18.0 -138.5 1371.5 396 398 -1
398 18.0 -138.0 1372.0 397 399 -1
399 18.0 -137.5 1372.0 398 400 -1
400 18.5 -137.0 1372.0 399 401 -1
401 19.0 -136.5 1371.5 400 402 -1
402 19.5 -136.0 1372.0 401 403 -1
403 19.5 -135.5 1371.5 402 404 -1
404 20.0 -135.0 1371.5 403 405 -1
405 20.5 -134.5 1372.0 404 406 -1
406 20.5 -134.0 1372.0 405 407 -1
407 21.0 -133.5 1372.0 406 408 -1
408 21.5 -133.0 1372.0 407 409 -1
409 21.5 -132.5 1372.0 408 410 -1
410 22.0 -132.0 1372.0 409 411 -1
411 22.0 -131.5 1372.0 410 412 -1
412 22.5 -131.0 1372.0 411 413 -1
413 23.0 -130.5 1372.0 412 414 -1
414 23.5 -130.0 1372.0 413 415 -1
415 23.5 -129.5 1371.5 414 416 -1
416 24.0 -129.0 1371.5 415 417 -1
417 24.5 -128.5 1371.5 416 418 -1
418 25.0 -128.0 1371.5 417 419 -1
419 25.5 -127.5 1371.5 418 420 -1
420 26.0 -127.0 1371.0 419 421 -1
421 26.5 -126.5 1371.0 420 422 -1
422 27.0 -126.0 1371.0 421 423 -1
423 27.5 -125.5 1371.0 422 424 -1
424 28.0 -125.0 1371.0 423 425 -1
425 28.5 -125.0 1371.0 424 426 -1
426 29.0 -124.5 1371.0 425 427 -1
427 29.5 -124.5 1371.0 426 428 -1
428 30.0 -124.5 1371.0 427 429 -1
429 30.5 -124.0 1371.0 428 430 -1
430 31.0 -123.5 1370.5 429 431 -1
431 31.5 -123.5 1371.0 430 432 -1
432 32.0 -123.0 1371.0 431 433 -1
433 32.5 -122.5 1370.5 432 434 -1
434 33.0 -122.5 1371.0 433 435 -1
435 33.5 -122.0 1370.5 434 436 -1
436 34.0 -122.0 1370.5 435 437 -1
437 34.5 -122.0 1370.5 436 438 -1
438 35.0 -122.0 1370.5 437 439 -1
439 35.5 -121.5 1370.5 438 440 -1
440 36.0 -121.5 1370.5 439 441 -1
441 36.5 -121.5 1370.5 440 442 -1
442 37.0 -121.5 1370.5 441 443 -1
443 37.5 -121.5 1370.5 442 444 -1
444 38.0 -121.0 1370.5 443 445 -1
445 38.5 -120.5 1370.0 444 446 -1
446 39.0 -120.5 1370.5 445 447 -1
447 39.5 -120.0 1370.0 446 448 -1
448 40.0 -120.0 1370.0 447 449 -1
449 40.5 -120.5 1370.5 448 450 -1
450 41.0 -120.5 1370.5 449 451 -1
451 41.5 -120.0 1370.5 450 452 -1
452 42.0 -120.0 1370.5 451 453 -1
453 42.5 -120.0 1370.5 452 454 -1
454 43.0 -120.0 1370.5 453 455 -1
455 43.5 -120.0 1370.0 454 456 -1
456 44.0 -120.0 1370.0 455 457 -1
457 44.5 -120.0 1370.0 456 458 -1
458 45.0 -120.0 1370.0 457 459 -1
459 45.5 -119.5 1370.0 458 460 -1
460 46.0 -119.5 1370.0 459 461 -1
461 46.5 -119.5 1370.0 460 462 -1
462 47.0 -119.5 1370.0 461 463 -1
463 47.5 -119.5 1370.0 462 464 -1
464 48.0 -119.5 1369.5 463 465 -1
465 48.5 -119.5 1369.5 464 466 -1
466 49.0 -119.5 1369.5 465 467 -1
467 49.5 -119.5 1369.5 466 468 -1
468 50.0 -119.5 1369.5 467 469 -1
469 50.5 -119.0 1369.0 468 470 -1
470 51.0 -119.0 1369.0 469 471 -1
471 51.5 -119.0 1369.5 470 472 -1
472 52.0 -118.5 1369.5 471 473 -1
473 52.5 -118.5 1369.0 472 474 -1
474 53.0 -118.5 1369.0 473 475 -1
475 53.5 -118.0 1369.5 474 476 -1
476 54.0 -118.0 1369.5 475 477 -1
477 54.5 -118.0 1369.0 476 478 -1
478 55.0 -118.0 1369.0 477 479 -1
479 55.5 -118.0 1369.0 478 480 -1
480 56.0 -118.0 1369.0 479 481 -1
481 56.5 -118.0 1369.0 480 482 -1
482 57.0 -118.0 1369.0 481 483 -1
483 57.5 -117.5 1369.0 482 484 -1
484 58.0 -117.5 1369.0 483 485 -1
485 58.5 -117.5 1369.0 484 486 -1
486 59.0 -117.5 1369.0 485 487 -1
487 59.5 -117.5 1369.0 486 488 -1
488 60.0 -117.5 1368.5 487 489 -1
489 60.5 -117.5 1369.0 488 490 -1
490 61.0 -117.5 1369.0 489 491 -1
491 61.5 -117.5 1369.0 490 492 -1
492 62.0 -117.5 1369.0 491 493 -1
493 62.5 -117.0 1368.5 492 494 -1
494 63.0 -117.0 1369.0 493 495 -1
495 63.5 -117.0 1369.0 494 496 -1
496 64.0 -116.5 1369.0 495 497 -1
497 64.5 -116.5 1369.0 496 498 -1
498 65.0 -116.5 1369.0 497 499 -1
499 65.5 -116.5 1369.0 498 500 -1
500 66.0 -116.5 1369.0 499 501 -1
501 66.5 -116.0 1369.0 500 502 -1
502 67.0 -116.0 1369.0 501 503 -1
503 67.5 -115.5 1369.0 502 504 -1
504 68.0 -115.5 1369.0 503 505 -1
505 68.5 -115.5 1369.0 504 506 -1
506 69.0 -115.5 1369.0 505 507 -1
507 69.5 -115.0 1368.5 506 508 -1
508 70.0 -115.0 1368.5 507 509 -1
509 70.5 -114.5 1368.0 508 510 -1
510 71.0 -114.5 1368.0 509 511 -1
511 71.5 -114.0 1368.0 510 512 -1
512 72.0 -114.0 1368.0 511 513 -1
513 72.5 -114.0 1368.0 512 514 -1
514 73.0 -113.5 1368.0 513 515 -1
515 73.5 -113.5 1368.0 514 516 -1
516 74.0 -113.0 1368.0 515 517 -1
517 74.5 -113.0 1368.0 516 518 -1
518 75.0 -113.0 1368.0 517 519 -1
519 75.5 -112.5 1368.0 518 520 -1
520 76.0 -112.0 1367.5 519 521 -1
521 76.5 -112.0 1368.0 520 522 -1
522 77.0 -111.5 1368.0 521 523 -1
523 77.5 -111.5 1368.5 522 524 -1
524 78.0 -111.0 1368.0 523 525 -1
525 78.5 -111.0 1368.5 524 526 -1
526 79.0 -110.5 1368.5 525 527 -1
527 79.5 -110.0 1368.5 526 528 -1
528 80.0 -110.0 1368.5 527 529 -1
529 80.5 -109.5 1368.5 528 530 -1
530 81.0 -109.5 1368.5 529 531 -1
531 81.5 -109.0 1368.5 530 532 -1
532 82.0 -108.5 1368.5 531 533 -1
533 82.5 -108.0 1368.5 532 534 -1
534 83.0 -108.0 1369.0 533 535 -1
535 83.5 -108.0 1369.0 534 536 -1
536 84.0 -107.5 1369.0 535 537 -1
537 84.5 -107.0 1369.5 536 -1 -1
