0 -15.0 -4.5 -92.5 -1 1 -1
1 -15.0 -4.0 -92.0 0 2 -1
2 -14.5 -4.5 -91.5 1 3 -1
3 -15.0 -4.0 -91.0 2 4 -1
4 -15.0 -4.0 -90.5 3 5 -1
5 -15.0 -4.0 -90.0 4 6 -1
6 -15.0 -4.0 -89.5 5 7 -1
7 -15.0 -4.0 -89.0 6 8 -1
8 -15.0 -3.5 -88.5 7 9 -1
9 -15.0 -3.5 -88.0 8 10 -1
10 -15.0 -3.0 -87.5 9 11 -1
11 -15.0 -3.0 -87.0 10 12 -1
12 -14.5 -3.0 -86.5 11 13 -1
13 -14.5 -2.5 -86.0 12 14 -1
14 -15.0 -2.0 -85.5 13 15 -1
15 -15.0 -2.0 -85.0 14 16 -1
16 -14.5 -2.0 -84.5 15 17 -1
17 -14.5 -1.5 -84.0 16 18 -1
18 -15.0 -1.0 -83.5 17 19 -1
19 -15.0 -0.5 -83.0 18 20 -1
20 -14.5 -0.5 -82.5 19 21 -1
21 -15.0 0.0 -82.0 20 22 -1
22 -14.5 0.0 -81.5 21 23 -1
23 -14.5 0.5 -81.0 22 24 -1
24 -14.5 1.0 -80.5 23 25 -1
25 -15.0 1.5 -80.0 24 26 -1
26 -15.0 2.0 -80.0 25 27 -1
27 -15.0 2.5 -79.5 26 28 -1
28 -15.0 3.0 -79.0 27 29 -1
29 -15.0 3.5 -78.5 28 30 -1
30 -15.0 4.0 -78.0 29 31 -1
31 -15.0 4.5 -77.5 30 32 33
32 -14.5 4.5 -77.0 31 34 -1
33 -15.5 5.5 -77.0 31 35 -1
34 -14.0 4.0 -77.0 32 36 -1
35 -16.0 6.0 -76.5 33 37 -1
36 -14.0 3.5 -76.5 34 38 -1
37 -16.5 6.5 -76.5 35 39 -1
38 -13.5 3.0 -76.5 36 40 -1
39 -17.0 7.0 -76.0 37 41 -1
40 -13.0 2.5 -76.0 38 42 -1
41 -17.0 7.5 -76.0 39 43 -1
42 -12.5 2.0 -76.0 40 44 -1
43 -17.5 8.0 -75.5 41 45 -1
44 -12.0 2.0 -75.5 42 46 -1
45 -18.0 8.5 -75.0 43 47 -1
46 -11.5 2.0 -75.5 44 48 -1
47 -18.5 9.0 -75.0 45 49 -1
48 -11.0 1.5 -75.5 46 50 -1
49 -19.0 9.5 -74.5 47 51 -1
50 -10.5 2.0 -75.0 48 52 -1
51 -19.5 10.0 -74.0 49 53 -1
52 -10.0 2.0 -75.0 50 54 -1
53 -19.5 10.5 -74.0 51 55 -1
54 -9.5 2.0 -75.0 52 56 -1
55 -20.0 11.0 -73.5 53 57 -1
56 -9.0 1.5 -75.0 54 58 -1
57 -20.5 11.5 -73.0 55 59 -1
58 -8.5 2.0 -74.5 56 60 -1
59 -21.0 12.0 -73.0 57 61 -1
60 -8.0 1.5 -75.0 58 62 -1
61 -21.5 12.0 -72.5 59 63 -1
62 -7.5 1.5 -75.0 60 64 -1
63 -22.0 12.0 -72.0 61 65 -1
64 -7.0 1.5 -75.0 62 66 -1
65 -22.5 12.5 -71.5 63 67 -1
66 -6.5 1.5 -75.0 64 68 -1
67 -23.0 12.5 -71.0 65 69 -1
68 -6.0 1.5 -75.0 66 70 -1
69 -23.5 12.5 -70.5 67 71 -1
70 -5.5 2.0 -75.0 68 72 -1
71 -24.0 13.0 -70.0 69 73 -1
72 -5.0 1.5 -75.5 70 74 -1
73 -24.5 13.5 -70.0 71 75 -1
74 -4.5 1.5 -75.5 72 76 -1
75 -25.0 13.5 -69.5 73 77 -1
76 -4.0 2.0 -75.0 74 78 -1
77 -25.5 13.5 -69.0 75 79 -1
78 -3.5 2.0 -75.0 76 80 -1
79 -26.0 14.0 -69.0 77 81 -1
80 -3.0 2.0 -75.0 78 82 -1
81 -26.5 14.0 -68.5 79 83 -1
82 -2.5 2.0 -75.0 80 84 -1
83 -27.0 14.5 -68.0 81 85 -1
84 -2.0 2.0 -75.5 82 86 -1
85 -27.5 14.5 -68.0 83 87 -1
86 -1.5 2.0 -75.5 84 88 -1
87 -28.0 14.5 -67.5 85 89 -1
88 -1.0 2.0 -75.5 86 90 -1
89 -28.5 15.0 -67.0 87 91 -1
90 -0.5 2.5 -75.5 88 92 -1
91 -29.0 15.0 -66.5 89 93 -1
92 0.0 2.5 -76.0 90 94 -1
93 -29.5 15.0 -66.0 91 95 -1
94 0.5 3.0 -76.0 92 96 -1
95 -30.0 15.0 -65.5 93 97 -1
96 1.0 2.5 -76.5 94 98 -1
97 -30.5 15.0 -65.5 95 99 -1
98 1.5 3.0 -76.5 96 100 -1
99 -31.0 15.0 -65.0 97 101 -1
100 2.0 3.0 -76.5 98 102 -1
101 -31.0 15.5 -64.5 99 103 -1
102 2.5 3.0 -77.0 100 104 -1
103 -31.5 15.5 -64.0 101 105 -1
104 3.0 3.5 -76.5 102 106 -1
105 -32.0 15.5 -64.0 103 107 -1
106 3.5 3.5 -77.0 104 108 -1
107 -32.5 15.5 -63.5 105 109 -1
108 4.0 4.0 -77.0 106 110 -1
109 -33.0 15.5 -63.0 107 111 -1
110 4.5 4.0 -77.0 108 112 -1
111 -33.5 15.5 -63.0 109 113 -1
112 5.0 4.0 -77.5 110 114 -1
113 -34.0 15.0 -62.5 111 115 -1
114 5.5 4.5 -77.0 112 116 -1
115 -34.5 15.5 -62.0 113 117 -1
116 6.0 4.5 -77.5 114 118 -1
117 -35.0 15.5 -62.0 115 119 -1
118 6.5 4.5 -77.5 116 120 -1
119 -35.5 15.0 -61.5 117 121 -1
120 7.0 4.5 -78.0 118 122 -1
121 -36.0 15.5 -61.0 119 123 -1
122 7.5 5.0 -77.5 120 124 -1
123 -36.5 15.5 -60.5 121 125 -1
124 8.0 5.0 -78.0 122 126 -1
125 -37.0 16.0 -60.5 123 127 -1
126 8.5 5.0 -77.5 124 128 -1
127 -37.5 16.0 -60.0 125 129 -1
128 9.0 5.5 -77.5 126 130 -1
129 -38.0 16.0 -60.0 127 131 -1
130 9.5 5.5 -77.5 128 132 -1
131 -38.5 16.0 -59.5 129 133 -1
132 10.0 6.0 -77.5 130 134 -1
133 -39.0 16.0 -59.0 131 135 -1
134 10.5 6.0 -77.5 132 136 -1
135 -39.5 16.0 -59.0 133 137 -1
136 11.0 6.0 -77.5 134 138 -1
137 -40.0 16.0 -58.5 135 139 -1
138 11.5 6.5 -77.0 136 140 -1
139 -40.5 16.0 -58.5 137 141 -1
140 12.0 6.5 -77.0 138 142 -1
141 -41.0 16.0 -58.0 139 143 -1
142 12.5 7.0 -77.0 140 144 -1
143 -41.5 16.0 -57.5 141 145 -1
144 13.0 7.0 -76.5 142 146 -1
145 -42.0 16.0 -57.0 143 147 -1
146 13.5 6.5 -76.0 144 148 -1
147 -42.5 16.0 -56.5 145 149 -1
148 14.0 7.0 -76.0 146 150 -1
149 -43.0 16.0 -56.0 147 151 -1
150 14.5 7.5 -76.0 148 152 -1
151 -43.5 16.5 -55.5 149 153 -1
152 15.0 7.5 -75.5 150 154 -1
153 -44.0 16.5 -55.5 151 155 -1
154 15.5 7.5 -75.0 152 156 -1
155 -44.5 16.5 -55.0 153 157 -1
156 16.0 8.0 -75.0 154 158 -1
157 -45.0 16.5 -54.5 155 159 -1
158 16.5 8.0 -74.5 156 160 -1
159 -45.5 16.5 -54.5 157 161 -1
160 17.0 8.0 -74.0 158 162 -1
161 -46.0 16.5 -54.0 159 163 -1
162 17.5 8.0 -73.5 160 164 -1
163 -46.5 16.0 -53.5 161 165 -1
164 18.0 8.0 -73.0 162 166 -1
165 -47.0 16.0 -53.0 163 167 -1
166 18.5 8.5 -73.0 164 168 -1
167 -47.5 16.0 -52.5 165 169 -1
168 19.0 8.5 -72.5 166 170 -1
169 -48.0 15.5 -52.0 167 171 -1
170 19.5 8.5 -72.0 168 172 -1
171 -48.5 15.0 -51.5 169 173 -1
172 20.0 9.0 -71.5 170 174 -1
173 -49.0 15.0 -51.0 171 175 -1
174 20.5 9.0 -71.0 172 176 -1
175 -49.0 14.5 -50.5 173 177 -1
176 20.5 9.0 -70.5 174 178 -1
177 -49.5 14.5 -50.0 175 179 -1
178 21.0 9.5 -70.0 176 180 -1
179 -50.0 14.0 -49.5 177 181 -1
180 21.5 9.5 -69.5 178 182 -1
181 -50.5 14.0 -49.0 179 183 -1
182 22.0 9.5 -69.0 180 184 -1
183 -51.0 14.0 -48.5 181 185 -1
184 22.5 10.0 -68.5 182 186 -1
185 -51.5 14.0 -48.0 183 187 188
186 22.5 10.0 -68.0 184 190 -1
187 -52.0 14.5 -48.0 185 191 -1
188 -51.5 12.0 -43.5 185 192 -1
189 -52.0 13.5 -43.5 185 193 -1
190 22.5 10.5 -67.5 186 194 -1
191 -52.5 14.5 -48.5 187 195 -1
192 -51.5 11.5 -43.0 188 196 -1
193 -51.5 14.0 -43.0 189 197 -1
194 23.0 11.0 -67.0 190 198 -1
195 -53.0 14.5 -48.0 191 199 -1
196 -51.5 11.5 -42.5 192 200 -1
197 -51.5 14.5 -42.5 193 201 -1
198 23.5 11.0 -66.5 194 202 -1
199 -53.5 15.0 -48.0 195 203 -1
200 -51.0 11.0 -42.0 196 204 -1
201 -51.5 15.0 -42.0 197 205 -1
202 24.0 11.5 -66.0 198 206 -1
203 -54.0 15.0 -48.0 199 207 -1
204 -50.5 11.0 -41.5 200 208 -1
205 -51.0 15.5 -41.5 201 209 -1
206 24.0 11.5 -65.5 202 210 -1
207 -54.5 15.5 -48.5 203 211 -1
208 -50.0 10.5 -41.0 204 212 -1
209 -51.0 16.0 -41.0 205 213 -1
210 24.5 12.0 -65.0 206 214 -1
211 -55.0 15.5 -48.0 207 215 -1
212 -49.5 10.5 -40.5 208 216 -1
213 -51.0 16.5 -40.5 209 217 -1
214 24.5 12.5 -64.5 210 218 -1
215 -55.5 16.0 -48.0 211 219 -1
216 -49.0 10.5 -40.0 212 220 -1
217 -51.0 16.5 -40.0 213 221 -1
218 25.0 12.5 -64.0 214 222 -1
219 -56.0 16.0 -48.0 215 223 -1
220 -48.5 10.5 -39.5 216 224 -1
221 -51.0 17.0 -39.5 217 225 -1
222 25.0 13.0 -63.5 218 226 -1
223 -56.5 16.0 -48.0 219 227 -1
224 -48.0 10.5 -39.0 220 228 -1
225 -51.0 17.0 -39.0 221 229 -1
226 25.5 13.5 -63.0 222 230 -1
227 -57.0 16.5 -48.0 223 231 -1
228 -47.5 10.5 -38.5 224 232 -1
229 -51.5 17.5 -38.5 225 233 -1
230 25.5 14.0 -62.5 226 234 -1
231 -57.5 16.5 -48.0 227 235 -1
232 -47.0 10.5 -38.0 228 236 -1
233 -52.0 18.0 -38.0 229 237 -1
234 26.0 14.5 -62.0 230 238 -1
235 -58.0 17.0 -47.5 231 239 -1
236 -46.5 10.0 -37.5 232 240 -1
237 -52.0 18.5 -37.5 233 241 -1
238 26.5 15.0 -62.0 234 242 -1
239 -58.5 17.0 -47.5 235 243 -1
240 -46.5 10.0 -37.0 236 244 -1
241 -52.0 19.0 -37.0 237 245 -1
242 26.0 15.5 -61.5 238 246 -1
243 -59.0 17.0 -47.0 239 247 -1
244 -46.0 10.5 -36.5 240 248 -1
245 -52.0 19.0 -36.5 241 249 -1
246 26.5 16.0 -61.0 242 250 -1
247 -59.5 17.0 -47.0 243 251 -1
248 -45.5 10.5 -36.0 244 252 -1
249 -52.0 19.5 -36.0 245 253 -1
250 26.5 16.5 -61.0 246 254 -1
251 -60.0 17.0 -47.0 247 255 -1
252 -45.5 10.0 -35.5 248 256 -1
253 -52.0 19.5 -35.5 249 257 -1
254 26.5 17.0 -60.5 250 258 -1
255 -60.5 17.0 -47.0 251 259 -1
256 -45.0 10.0 -35.0 252 260 -1
257 -52.0 20.0 -35.0 253 261 -1
258 27.0 17.5 -60.0 254 262 -1
259 -61.0 17.5 -46.5 255 263 -1
260 -44.5 10.0 -34.5 256 264 -1
261 -52.5 20.5 -34.5 257 265 -1
262 27.0 18.0 -60.0 258 266 -1
263 -61.5 17.5 -46.0 259 267 -1
264 -44.5 9.5 -34.0 260 268 -1
265 -52.5 21.0 -34.0 261 269 -1
266 27.0 18.5 -59.5 262 270 -1
267 -62.0 18.0 -45.5 263 271 -1
268 -44.0 9.0 -33.5 264 272 -1
269 -52.0 21.0 -33.5 265 273 -1
270 27.0 19.0 -59.5 266 274 -1
271 -62.5 17.5 -46.0 267 275 -1
272 -43.5 9.0 -33.0 268 276 -1
273 -52.5 21.5 -33.0 269 277 -1
274 27.5 19.5 -59.0 270 278 -1
275 -63.0 18.0 -45.5 271 279 -1
276 -43.0 8.5 -32.5 272 280 -1
277 -52.5 22.0 -32.5 273 281 -1
278 27.5 20.0 -59.0 274 282 -1
279 -63.5 18.0 -45.0 275 283 -1
280 -43.0 8.0 -32.5 276 284 -1
281 -52.0 22.0 -32.0 277 285 -1
282 28.0 20.5 -58.5 278 286 -1
283 -64.0 18.0 -44.5 279 287 -1
284 -42.5 7.5 -32.0 280 288 -1
285 -52.0 22.5 -31.5 281 289 -1
286 28.0 21.0 -58.5 282 290 -1
287 -64.0 18.5 -44.0 283 291 -1
288 -42.5 7.0 -31.5 284 292 -1
289 -52.0 23.0 -31.0 285 293 -1
290 28.0 21.5 -58.5 286 294 -1
291 -64.5 18.5 -43.5 287 295 -1
292 -42.0 6.5 -31.5 288 296 -1
293 -52.0 23.5 -30.5 289 297 -1
294 28.0 22.0 -58.0 290 298 -1
295 -65.0 18.5 -43.0 291 299 -1
296 -42.0 6.0 -31.0 292 300 -1
297 -52.5 24.0 -30.0 293 301 -1
298 28.0 22.5 -58.0 294 302 -1
299 -65.5 18.5 -42.5 295 303 -1
300 -42.0 5.5 -30.5 296 304 -1
301 -52.5 24.5 -29.5 297 305 -1
302 28.0 23.0 -58.0 298 306 -1
303 -66.0 18.5 -42.0 299 307 -1
304 -42.0 5.0 -30.5 300 308 -1
305 -52.5 25.0 -29.0 301 309 -1
306 28.0 23.5 -58.0 302 310 -1
307 -66.5 18.5 -41.5 303 311 -1
308 -42.0 4.5 -30.5 304 312 -1
309 -52.0 25.5 -28.5 305 313 -1
310 28.0 24.0 -58.0 306 314 -1
311 -66.5 19.0 -41.0 307 315 -1
312 -42.0 4.0 -30.5 308 -1 -1
313 -52.0 26.0 -28.0 309 316 -1
314 28.5 24.5 -58.0 310 317 -1
315 -67.0 19.0 -40.5 311 318 -1
316 -51.5 26.0 -27.5 313 319 -1
317 28.5 25.0 -57.5 314 320 -1
318 -67.5 19.0 -40.0 315 321 -1
319 -51.5 26.5 -27.0 316 322 -1
320 28.5 25.5 -57.5 317 323 -1
321 -68.0 19.0 -39.5 318 324 -1
322 -51.0 27.0 -26.5 319 325 -1
323 28.5 26.0 -57.5 320 326 -1
324 -68.5 18.5 -39.0 321 327 -1
325 -51.0 27.5 -26.0 322 328 -1
326 29.0 26.5 -57.5 323 329 -1
327 -69.0 19.0 -38.5 324 330 -1
328 -51.0 28.0 -26.0 325 331 -1
329 29.0 27.0 -57.5 326 332 -1
330 -69.5 19.0 -38.0 327 333 -1
331 -51.0 28.5 -25.5 328 334 -1
332 29.0 27.5 -57.5 329 335 -1
333 -69.5 19.0 -37.5 330 336 -1
334 -50.5 29.0 -25.0 331 337 -1
335 29.5 28.0 -57.5 332 338 -1
336 -70.0 19.0 -37.0 333 339 -1
337 -50.5 29.5 -24.5 334 340 -1
338 29.5 28.5 -57.5 335 341 -1
339 -70.5 19.0 -36.5 336 342 -1
340 -50.0 30.0 -24.0 337 343 -1
341 29.5 29.0 -58.0 338 344 -1
342 -71.0 19.0 -36.0 339 345 -1
343 -50.0 30.5 -24.0 340 346 -1
344 30.0 29.5 -57.5 341 347 -1
345 -71.0 19.5 -35.5 342 348 -1
346 -49.5 31.0 -23.5 343 349 -1
347 29.5 30.0 -58.0 344 350 -1
348 -71.5 19.5 -35.0 345 351 -1
349 -49.0 31.0 -23.0 346 352 -1
350 30.0 30.5 -58.0 347 353 -1
351 -71.5 19.5 -34.5 348 354 -1
352 -49.0 31.5 -22.5 349 355 -1
353 30.0 31.0 -58.5 350 356 -1
354 -72.0 19.5 -34.0 351 357 -1
355 -48.5 32.0 -22.0 352 358 -1
356 30.0 31.5 -58.5 353 359 -1
357 -72.5 19.5 -33.5 354 -1 -1
358 -48.0 32.0 -21.5 355 360 -1
359 30.5 32.0 -58.5 356 361 -1
360 -47.5 32.5 -21.0 358 362 -1
361 30.5 32.5 -58.5 359 363 -1
362 -47.0 33.0 -20.5 360 364 -1
363 30.5 33.0 -59.0 361 365 -1
364 -47.0 33.0 -20.0 362 366 -1
365 30.5 33.5 -59.0 363 367 -1
366 -46.5 33.5 -19.5 364 368 -1
367 31.0 34.0 -59.0 365 369 -1
368 -46.0 33.5 -19.0 366 370 -1
369 31.0 34.5 -59.5 367 371 -1
370 -45.5 34.0 -18.5 368 372 -1
371 31.5 35.0 -59.5 369 373 -1
372 -45.0 34.0 -18.0 370 374 -1
373 32.0 35.5 -60.0 371 375 -1
374 -44.5 34.0 -17.5 372 376 -1
375 32.0 36.0 -60.5 373 377 -1
376 -44.0 34.5 -17.5 374 378 -1
377 32.0 36.5 -61.0 375 379 -1
378 -43.5 34.5 -17.0 376 380 -1
379 32.5 37.0 -61.5 377 381 -1
380 -43.0 34.5 -16.5 378 -1 -1
381 33.0 37.5 -62.0 379 382 -1
382 33.5 38.0 -62.0 381 383 -1
383 34.0 38.0 -62.0 382 384 -1
384 34.5 38.5 -62.5 383 385 -1
385 35.0 39.0 -63.0 384 386 -1
386 35.5 39.0 -63.5 385 387 -1
387 36.0 39.0 -64.0 386 388 -1
388 36.5 39.5 -64.0 387 389 -1
389 37.0 40.0 -64.5 388 390 -1
390 37.5 40.0 -65.0 389 391 -1
391 38.0 40.0 -65.0 390 392 -1
392 38.5 40.0 -65.5 391 393 -1
393 39.0 40.5 -65.5 392 394 -1
394 39.5 40.0 -66.0 393 395 -1
395 40.0 40.5 -66.0 394 396 -1
396 40.5 40.5 -66.5 395 397 -1
397 41.0 40.0 -67.0 396 398 -1
398 41.5 40.0 -67.5 397 399 -1
399 42.0 40.0 -67.5 398 400 -1
400 42.5 40.0 -68.0 399 401 -1
401 43.0 40.0 -68.0 400 402 -1
402 43.5 40.0 -68.0 401 403 -1
403 44.0 40.0 -68.5 402 404 -1
404 44.5 40.0 -68.5 403 405 -1
405 45.0 39.5 -68.5 404 406 -1
406 45.5 39.5 -68.5 405 407 -1
407 46.0 39.5 -68.5 406 408 -1
408 46.5 39.5 -68.5 407 409 -1
409 47.0 39.5 -69.0 408 410 -1
410 47.5 39.0 -69.0 409 411 -1
411 48.0 39.0 -68.5 410 412 -1
412 48.5 39.0 -68.5 411 413 -1
413 49.0 38.5 -69.0 412 414 -1
414 49.5 39.0 -68.5 413 415 -1
415 50.0 38.5 -69.0 414 416 -1
416 50.5 38.5 -69.0 415 417 -1
417 51.0 38.5 -68.5 416 418 -1
418 51.5 38.0 -69.0 417 419 -1
419 52.0 38.0 -68.5 418 420 -1
420 52.5 37.5 -68.5 419 421 -1
421 53.0 37.0 -68.5 420 422 -1
422 53.5 37.0 -68.0 421 423 -1
423 54.0 36.5 -68.0 422 424 -1
424 54.5 36.0 -67.5 423 425 -1
425 55.0 35.5 -67.5 424 426 -1
426 55.5 35.0 -67.5 425 427 -1
427 56.0 34.5 -67.5 426 428 -1
428 56.5 34.0 -67.0 427 429 -1
429 57.0 33.5 -67.0 428 430 -1
430 57.5 33.0 -66.5 429 431 -1
431 58.0 32.5 -66.0 430 432 -1
432 58.5 32.0 -65.5 431 433 -1
433 59.0 31.5 -65.0 432 434 -1
434 59.5 31.5 -64.5 433 435 -1
435 60.0 31.0 -64.5 434 436 -1
436 60.5 31.0 -64.0 435 437 -1
437 61.0 30.5 -64.0 436 438 -1
438 61.5 30.5 -63.5 437 439 -1
439 62.0 30.0 -63.5 438 440 -1
440 62.5 29.5 -63.0 439 441 -1
441 63.0 29.5 -63.0 440 442 -1
442 63.5 29.0 -62.5 441 443 -1
443 64.0 28.5 -62.5 442 444 -1
444 64.5 28.5 -62.0 443 445 -1
445 65.0 28.5 -61.5 444 446 -1
446 65.5 28.0 -61.0 445 447 -1
447 66.0 28.0 -60.5 446 448 -1
448 66.5 27.5 -60.5 447 449 -1
449 67.0 27.0 -60.0 448 450 -1
450 67.5 27.0 -59.5 449 451 -1
451 68.0 26.5 -59.0 450 452 -1
452 68.5 26.0 -58.5 451 453 -1
453 69.0 26.0 -58.5 452 454 -1
454 69.5 25.5 -58.0 453 455 -1
455 70.0 25.5 -57.5 454 456 -1
456 70.5 25.0 -57.0 455 457 -1
457 71.0 25.0 -56.5 456 458 -1
458 71.5 24.5 -56.0 457 459 -1
459 72.0 24.0 -56.0 458 -1 -1
