0 -13.0 -150.0 1189.5 -1 1 -1
1 -12.5 -149.5 1189.5 0 2 -1
2 -12.0 -149.5 1189.5 1 3 -1
3 -11.5 -149.5 1190.0 2 4 -1
4 -11.0 -149.0 1190.0 3 5 -1
5 -10.5 -149.0 1190.0 4 6 -1
6 -10.0 -149.0 1190.5 5 7 -1
7 -9.5 -148.5 1190.0 6 8 -1
8 -9.0 -148.0 1190.5 7 9 -1
9 -8.5 -147.5 1190.5 8 10 -1
10 -8.0 -147.5 1191.0 9 11 -1
11 -7.5 -147.0 1191.0 10 12 -1
12 -7.5 -146.5 1191.0 11 13 -1
13 -7.0 -146.0 1191.5 12 14 -1
14 -6.5 -145.5 1191.5 13 15 -1
15 -6.5 -145.0 1192.0 14 16 -1
16 -6.5 -144.5 1192.0 15 17 -1
17 -6.0 -144.0 1192.0 16 18 -1
18 -6.0 -143.5 1192.0 17 19 -1
19 -6.0 -143.0 1192.0 18 20 -1
20 -5.5 -142.5 1192.0 19 21 -1
21 -5.5 -142.0 1192.0 20 22 -1
22 -5.5 -141.5 1192.0 21 23 -1
23 -5.5 -141.0 1192.0 22 24 -1
24 -5.5 -140.5 1192.0 23 25 -1
25 -6.0 -140.0 1192.0 24 26 -1
26 -6.0 -139.5 1192.0 25 27 -1
27 -6.0 -139.0 1192.0 26 28 -1
28 -6.5 -138.5 1192.0 27 29 -1
29 -6.5 -138.0 1192.0 28 30 -1
30 -6.5 -137.5 1192.0 29 31 -1
31 -6.5 -137.0 1191.5 30 32 -1
32 -6.5 -136.5 1191.0 31 33 -1
33 -7.0 -136.0 1191.5 32 34 -1
34 -7.0 -135.5 1191.5 33 35 -1
35 -7.5 -135.0 1191.0 34 36 -1
36 -8.0 -134.5 1191.0 35 37 -1
37 -8.0 -134.0 1190.5 36 38 -1
38 -8.5 -133.5 1191.0 37 39 -1
39 -8.5 -133.0 1190.5 38 40 -1
40 -9.0 -132.5 1190.0 39 41 -1
41 -9.0 -132.0 1189.5 40 42 -1
42 -9.5 -131.5 1189.5 41 43 -1
43 -10.0 -131.0 1189.5 42 44 -1
44 -10.0 -130.5 1189.0 43 45 -1
45 -10.5 -130.0 1189.0 44 46 -1
46 -10.5 -129.5 1188.5 45 47 -1
47 -10.5 -129.0 1188.0 46 48 -1
48 -11.0 -128.5 1188.0 47 49 -1
49 -11.5 -128.0 1187.5 48 50 -1
50 -11.5 -127.5 1187.0 49 51 -1
51 -11.5 -127.0 1186.5 50 52 -1
52 -12.0 -126.5 1186.0 51 53 -1
53 -12.0 -126.0 1185.5 52 54 -1
54 -12.5 -125.5 1185.0 53 55 -1
55 -12.5 -125.0 1184.5 54 56 -1
56 -12.5 -124.5 1184.0 55 57 -1
57 -12.5 -124.5 1183.5 56 58 -1
58 -12.5 -124.0 1183.0 57 59 -1
59 -12.5 -123.5 1182.5 58 60 -1
60 -13.0 -123.5 1182.0 59 61 -1
61 -13.0 -123.0 1181.5 60 62 -1
62 -13.0 -123.0 1181.0 61 63 -1
63 -13.0 -122.5 1180.5 62 64 -1
64 -13.0 -122.5 1180.0 63 65 -1
65 -13.5 -122.5 1179.5 64 66 -1
66 -13.5 -122.0 1179.0 65 67 -1
67 -13.5 -122.0 1178.5 66 68 -1
68 -13.5 -121.5 1178.0 67 69 -1
69 -13.5 -121.0 1177.5 68 70 -1
70 -13.5 -121.0 1177.0 69 71 -1
71 -13.5 -121.0 1176.5 70 72 -1
72 -13.5 -121.0 1176.0 71 73 -1
73 -13.5 -120.5 1175.5 72 74 -1
74 -13.5 -120.5 1175.0 73 75 -1
75 -13.5 -120.5 1174.5 74 76 -1
76 -13.5 -120.5 1174.0 75 77 -1
77 -13.5 -120.0 1173.5 76 78 -1
78 -14.0 -119.5 1173.0 77 79 80
79 -14.5 -119.0 1173.5 78 81 -1
80 -13.5 -120.0 1172.5 78 82 -1
81 -15.0 -118.5 1173.5 79 83 -1
82 -13.0 -120.5 1172.0 80 84 -1
83 -15.0 -118.0 1173.5 81 85 -1
84 -13.0 -120.5 1171.5 82 86 -1
85 -15.5 -117.5 1173.5 83 87 -1
86 -13.0 -120.0 1171.0 84 88 -1
87 -15.5 -117.0 1174.0 85 89 -1
88 -12.5 -120.5 1170.5 86 90 -1
89 -16.0 -116.5 1174.5 87 91 -1
90 -12.5 -120.5 1170.0 88 92 -1
91 -16.0 -116.0 1174.5 89 93 -1
92 -12.5 -120.5 1169.5 90 94 -1
93 -16.0 -115.5 1174.5 91 95 -1
94 -12.0 -120.5 1169.0 92 96 -1
95 -16.5 -115.0 1175.0 93 97 -1
96 -11.5 -120.5 1168.5 94 98 -1
97 -16.5 -114.5 1175.5 95 99 -1
98 -11.5 -120.5 1168.0 96 100 -1
99 -17.0 -114.0 1175.5 97 101 -1
100 -11.0 -120.5 1167.5 98 102 -1
101 -17.5 -113.5 1176.0 99 103 -1
102 -11.5 -121.0 1167.0 100 104 -1
103 -17.5 -113.0 1176.0 101 105 -1
104 -11.0 -121.0 1166.5 102 106 -1
105 -18.0 -112.5 1176.5 103 107 -1
106 -11.0 -121.0 1166.0 104 108 -1
107 -18.0 -112.5 1177.0 105 109 -1
108 -11.0 -121.5 1165.5 106 110 -1
109 -18.5 -112.0 1177.5 107 111 -1
110 -10.5 -121.5 1165.0 108 112 -1
111 -19.0 -111.5 1178.0 109 113 -1
112 -10.5 -121.5 1164.5 110 114 -1
113 -19.5 -111.0 1178.5 111 115 -1
114 -10.5 -122.0 1164.0 112 116 -1
115 -20.0 -111.0 1178.5 113 117 -1
116 -10.5 -122.0 1163.5 114 118 -1
117 -20.5 -110.5 1179.0 115 119 -1
118 -10.0 -122.0 1163.0 116 120 -1
119 -21.0 -110.0 1179.0 117 121 -1
120 -10.0 -122.5 1162.5 118 122 -1
121 -21.5 -109.5 1179.5 119 123 -1
122 -9.5 -122.0 1162.0 120 124 -1
123 -22.0 -109.0 1179.5 121 125 -1
124 -9.5 -122.5 1161.5 122 126 -1
125 -22.5 -109.0 1180.0 123 127 -1
126 -9.5 -122.5 1161.0 124 128 -1
127 -23.0 -108.5 1180.0 125 129 -1
128 -9.0 -122.5 1160.5 126 130 -1
129 -23.5 -108.0 1180.5 127 131 -1
130 -9.0 -123.0 1160.0 128 132 -1
131 -24.0 -107.5 1180.5 129 133 -1
132 -8.5 -122.5 1159.5 130 134 -1
133 -24.5 -107.0 1180.5 131 135 -1
134 -8.5 -123.0 1159.0 132 136 -1
135 -25.0 -107.0 1181.0 133 137 -1
136 -8.5 -123.0 1158.5 134 138 -1
137 -25.5 -106.5 1181.5 135 139 -1
138 -8.0 -123.0 1158.0 136 140 -1
139 -26.0 -106.5 1182.0 137 141 -1
140 -8.0 -123.0 1157.5 138 142 -1
141 -26.5 -106.0 1182.0 139 143 -1
142 -7.5 -123.0 1157.0 140 144 -1
143 -27.0 -106.0 1182.5 141 145 -1
144 -7.5 -123.0 1156.5 142 146 -1
145 -27.5 -106.0 1182.5 143 147 -1
146 -7.5 -123.0 1156.0 144 148 -1
147 -28.0 -105.5 1183.0 145 149 -1
148 -7.0 -123.0 1155.5 146 150 -1
149 -28.5 -105.5 1183.5 147 151 -1
150 -7.0 -123.0 1155.0 148 152 -1
151 -29.0 -105.0 1184.0 149 153 -1
152 -6.5 -123.5 1154.5 150 154 -1
153 -29.5 -105.0 1184.0 151 155 -1
154 -6.0 -123.5 1154.0 152 156 -1
155 -30.0 -104.5 1184.0 153 157 -1
156 -6.0 -123.5 1153.5 154 158 -1
157 -30.5 -104.5 1184.5 155 159 -1
158 -6.0 -123.5 1153.0 156 160 -1
159 -31.0 -104.0 1185.0 157 161 -1
160 -5.5 -123.5 1152.5 158 162 -1
161 -31.5 -103.5 1185.5 159 163 -1
162 -5.5 -123.5 1152.0 160 164 -1
163 -32.0 -103.5 1186.0 161 165 -1
164 -5.0 -123.5 1151.5 162 166 -1
165 -32.5 -103.0 1186.5 163 167 -1
166 -5.0 -123.5 1151.0 164 168 -1
167 -33.0 -103.0 1186.5 165 169 -1
168 -4.5 -123.5 1150.5 166 170 -1
169 -33.5 -102.5 1187.0 167 171 -1
170 -4.5 -123.5 1150.0 168 172 -1
171 -34.0 -102.5 1187.5 169 173 -1
172 -4.5 -123.5 1149.5 170 174 -1
173 -34.0 -102.0 1188.0 171 -1 -1
174 -4.0 -123.5 1149.0 172 175 -1
175 -4.0 -123.5 1148.5 174 176 -1
176 -3.5 -123.5 1148.0 175 177 -1
177 -3.5 -123.5 1147.5 176 178 -1
178 -3.0 -123.5 1147.0 177 179 -1
179 -3.0 -123.5 1146.5 178 180 -1
180 -3.0 -124.0 1146.0 179 181 -1
181 -2.5 -123.5 1145.5 180 182 -1
182 -2.5 -124.0 1145.0 181 183 -1
183 -2.0 -124.0 1144.5 182 184 -1
184 -2.0 -124.0 1144.0 183 185 -1
185 -2.0 -124.5 1143.5 184 186 -1
186 -2.0 -124.5 1143.0 185 187 -1
187 -1.5 -124.5 1142.5 186 188 -1
188 -1.0 -124.5 1142.0 187 189 -1
189 -1.0 -124.5 1141.5 188 190 -1
190 -0.5 -124.5 1141.0 189 191 -1
191 -0.5 -124.5 1140.5 190 192 -1
192 -0.5 -125.0 1140.0 191 193 -1
193 -0.5 -125.0 1139.5 192 194 -1
194 -0.5 -125.5 1139.0 193 195 -1
195 0.0 -125.5 1138.5 194 196 -1
196 0.0 -125.5 1138.0 195 197 -1
197 0.5 -125.5 1137.5 196 198 -1
198 0.5 -126.0 1137.0 197 199 -1
199 1.0 -126.0 1136.5 198 200 -1
200 1.0 -126.0 1136.0 199 201 -1
201 1.5 -126.0 1135.5 200 202 -1
202 1.0 -126.5 1135.0 201 203 -1
203 1.5 -126.5 1134.5 202 204 -1
204 1.5 -127.0 1134.0 203 205 -1
205 2.0 -127.0 1133.5 204 206 -1
206 2.0 -127.5 1133.0 205 207 -1
207 2.0 -128.0 1132.5 206 208 -1
208 2.5 -128.0 1132.0 207 209 -1
209 2.5 -128.5 1131.5 208 210 -1
210 3.0 -128.5 1131.0 209 211 -1
211 3.0 -129.0 1130.5 210 212 -1
212 3.5 -129.5 1130.0 211 213 -1
213 3.5 -130.0 1129.5 212 214 -1
214 3.5 -130.5 1129.0 213 215 -1
215 3.5 -131.0 1128.5 214 216 -1
216 3.5 -131.5 1128.0 215 217 -1
217 3.5 -131.5 1127.5 216 218 -1
218 4.0 -132.5 1126.5 217 219 220
219 4.0 -132.5 1126.0 218 221 -1
220 4.5 -132.5 1127.0 218 222 -1
221 3.5 -132.5 1125.5 219 223 -1
222 5.0 -133.0 1126.5 220 224 -1
223 3.0 -133.0 1125.0 221 225 -1
224 5.5 -133.0 1127.0 222 226 -1
225 3.0 -133.0 1124.5 223 227 -1
226 6.0 -133.5 1126.5 224 228 -1
227 2.5 -132.5 1124.0 225 229 -1
228 6.5 -133.5 1126.0 226 230 -1
229 2.5 -132.5 1123.5 227 231 -1
230 7.0 -133.5 1126.0 228 232 -1
231 2.0 -133.0 1123.0 229 233 -1
232 7.5 -134.0 1126.0 230 234 -1
233 1.5 -133.0 1122.5 231 235 -1
234 8.0 -134.0 1126.0 232 236 -1
235 1.5 -133.0 1122.0 233 237 -1
236 8.5 -134.0 1125.5 234 238 -1
237 1.5 -133.0 1121.5 235 239 -1
238 9.0 -134.0 1125.5 236 240 -1
239 1.5 -133.0 1121.0 237 241 -1
240 9.5 -133.5 1125.0 238 242 -1
241 1.0 -133.5 1120.5 239 243 -1
242 10.0 -134.0 1125.0 240 244 -1
243 0.5 -133.5 1120.0 241 245 -1
244 10.5 -134.5 1125.0 242 246 -1
245 0.5 -133.5 1119.5 243 247 -1
246 11.0 -134.0 1124.5 244 248 -1
247 0.0 -133.5 1119.0 245 249 -1
248 11.5 -134.0 1124.5 246 250 -1
249 -0.5 -134.0 1118.5 247 251 -1
250 12.0 -134.0 1124.5 248 252 -1
251 -1.0 -134.0 1118.0 249 253 -1
252 12.5 -134.0 1124.5 250 254 -1
253 -1.0 -134.5 1117.5 251 255 -1
254 13.0 -134.0 1124.5 252 256 -1
255 -1.5 -134.5 1117.0 253 257 -1
256 13.5 -134.0 1124.5 254 258 -1
257 -2.0 -134.5 1116.5 255 259 -1
258 14.0 -134.5 1124.0 256 260 -1
259 -2.0 -135.0 1116.0 257 261 -1
260 14.5 -134.5 1124.0 258 262 -1
261 -2.5 -135.0 1115.5 259 263 -1
262 15.0 -134.5 1124.0 260 264 -1
263 -3.0 -135.5 1115.0 261 265 -1
264 15.5 -134.0 1124.0 262 266 -1
265 -3.5 -135.5 1114.5 263 267 -1
266 16.0 -134.0 1124.0 264 268 -1
267 -3.5 -136.0 1114.0 265 269 -1
268 16.5 -134.5 1123.5 266 270 -1
269 -4.0 -136.5 1113.5 267 271 -1
270 17.0 -134.0 1123.5 268 272 -1
271 -4.0 -137.0 1113.0 269 273 -1
272 17.5 -133.5 1124.0 270 274 -1
273 -4.5 -137.0 1112.5 271 275 -1
274 18.0 -133.5 1124.0 272 276 -1
275 -5.0 -137.5 1112.0 273 277 -1
276 18.5 -133.5 1124.0 274 278 -1
277 -5.0 -138.0 1111.5 275 279 -1
278 19.0 -133.5 1124.0 276 280 -1
279 -5.5 -138.5 1111.0 277 281 -1
280 19.5 -133.0 1123.5 278 282 -1
281 -5.5 -139.0 1110.5 279 283 -1
282 20.0 -133.0 1123.5 280 284 -1
283 -5.5 -139.5 1110.0 281 285 -1
284 20.5 -133.0 1123.5 282 286 -1
285 -5.5 -140.0 1109.5 283 287 -1
286 21.0 -133.0 1124.0 284 288 -1
287 -6.0 -140.0 1109.0 285 289 -1
288 21.5 -132.5 1123.5 286 290 -1
289 -6.0 -140.5 1108.5 287 291 -1
290 22.0 -132.0 1123.5 288 292 -1
291 -6.0 -141.0 1108.0 289 293 -1
292 22.5 -132.0 1124.0 290 294 -1
293 -6.5 -141.5 1107.5 291 295 -1
294 23.0 -131.5 1124.0 292 296 -1
295 -6.0 -142.0 1107.0 293 297 -1
296 23.5 -131.5 1124.5 294 298 -1
297 -6.0 -142.5 1106.5 295 299 -1
298 24.0 -131.0 1124.5 296 300 -1
299 -6.0 -143.0 1106.0 297 301 -1
300 24.5 -131.0 1125.0 298 302 -1
301 -5.5 -143.5 1105.5 299 303 -1
302 25.0 -130.5 1125.5 300 304 -1
303 -5.5 -144.0 1105.0 301 305 -1
304 25.5 -130.5 1125.5 302 306 -1
305 -5.5 -144.5 1104.5 303 307 -1
306 26.0 -130.0 1126.0 304 308 -1
307 -5.0 -145.0 1104.0 305 309 -1
308 26.5 -129.5 1126.5 306 310 -1
309 -5.0 -145.5 1103.5 307 311 -1
310 27.0 -129.0 1127.0 308 312 -1
311 -5.0 -146.0 1103.0 309 313 -1
312 27.5 -129.0 1127.5 310 314 -1
313 -5.0 -146.5 1102.5 311 -1 -1
314 28.0 -128.5 1128.0 312 315 -1
315 28.5 -128.0 1128.5 314 316 -1
316 29.0 -127.5 1129.0 315 317 -1
317 29.5 -127.0 1129.5 316 318 -1
318 29.5 -127.0 1130.0 317 319 -1
319 30.0 -126.5 1130.5 318 320 -1
320 30.5 -126.0 1131.0 319 321 -1
321 31.0 -125.5 1131.5 320 322 -1
322 31.5 -125.0 1132.0 321 323 -1
323 31.5 -124.5 1132.0 322 324 -1
324 32.0 -124.0 1132.5 323 325 -1
325 32.5 -123.5 1133.0 324 326 -1
326 33.0 -123.0 1133.5 325 327 -1
327 33.5 -122.5 1134.0 326 328 -1
328 33.5 -122.0 1134.5 327 329 -1
329 34.0 -121.5 1135.0 328 330 -1
330 34.5 -121.0 1135.5 329 331 -1
331 35.0 -120.5 1135.5 330 332 -1
332 35.0 -120.0 1136.0 331 333 -1
333 35.5 -119.5 1136.5 332 334 -1
334 35.5 -119.0 1137.0 333 335 -1
335 36.0 -118.5 1137.0 334 336 -1
336 36.5 -118.0 1137.5 335 337 -1
337 37.0 -117.5 1138.0 336 338 -1
338 37.5 -117.0 1138.0 337 339 -1
339 37.5 -116.5 1138.5 338 340 -1
340 38.0 -116.0 1138.5 339 341 -1
341 38.0 -115.5 1139.0 340 342 -1
342 38.5 -115.0 1139.5 341 343 -1
343 39.0 -114.5 1139.5 342 344 -1
344 38.5 -114.0 1140.0 343 345 -1
345 39.0 -113.5 1140.5 344 346 -1
346 39.5 -113.0 1140.5 345 347 -1
347 40.0 -112.5 1140.5 346 348 -1
348 40.0 -112.0 1140.5 347 349 -1
349 40.5 -111.5 1140.5 348 350 -1
350 40.5 -111.0 1141.0 349 351 -1
351 41.0 -110.5 1141.5 350 352 -1
352 41.5 -110.0 1141.5 351 353 -1
353 42.0 -109.5 1141.5 352 354 -1
354 42.0 -109.0 1142.0 353 355 -1
355 42.5 -108.5 1142.0 354 356 -1
356 42.5 -108.0 1142.5 355 357 -1
357 43.0 -107.5 1142.5 356 358 -1
358 43.0 -107.0 1143.0 357 359 -1
359 43.5 -106.5 1143.0 358 360 -1
360 44.0 -106.0 1143.0 359 361 -1
361 44.5 -105.5 1143.5 360 362 -1
362 45.0 -105.0 1143.5 361 363 -1
363 45.5 -104.5 1143.5 362 364 -1
364 46.0 -104.0 1144.0 363 365 -1
365 46.0 -103.5 1144.5 364 366 -1
366 46.5 -103.0 1144.5 365 367 -1
367 47.0 -102.5 1144.5 366 368 -1
368 47.5 -102.0 1144.5 367 369 -1
369 48.0 -101.5 1145.0 368 370 -1
370 48.5 -101.5 1145.0 369 371 -1
371 49.0 -101.0 1145.0 370 372 -1
372 49.5 -100.5 1145.5 371 373 -1
373 50.0 -100.0 1145.5 372 374 -1
374 50.5 -99.5 1145.5 373 375 -1
375 51.0 -99.5 1146.0 374 376 -1
376 51.5 -99.0 1146.0 375 377 -1
377 52.0 -99.0 1146.5 376 378 -1
378 52.5 -98.5 1146.5 377 379 -1
379 53.0 -98.0 1147.0 378 380 -1
380 53.5 -98.0 1147.0 379 381 -1
381 54.0 -97.5 1147.0 380 382 -1
382 54.5 -97.5 1147.0 381 383 -1
383 55.0 -97.0 1147.0 382 384 -1
384 55.5 -97.0 1147.5 383 385 -1
385 56.0 -97.0 1148.0 384 386 -1
386 56.5 -96.5 1147.5 385 387 -1
387 57.0 -96.5 1148.0 386 388 -1
388 57.5 -96.5 1148.5 387 389 -1
389 58.0 -96.5 1148.5 388 390 -1
390 58.5 -96.5 1149.0 389 391 -1
391 59.0 -96.0 1149.0 390 392 -1
392 59.5 -95.5 1149.0 391 393 -1
393 60.0 -95.5 1149.0 392 394 -1
394 60.5 -95.5 1149.5 393 395 -1
395 61.0 -95.0 1149.5 394 396 -1
396 61.5 -95.5 1150.0 395 397 -1
397 62.0 -95.5 1150.0 396 398 -1
398 62.5 -95.5 1150.0 397 399 -1
399 63.0 -95.5 1150.0 398 400 -1
400 63.5 -95.5 1150.5 399 401 -1
401 64.0 -96.0 1150.5 400 402 -1
402 64.5 -96.0 1150.5 401 403 -1
403 65.0 -96.0 1151.0 402 404 -1
404 65.5 -96.0 1151.0 403 405 -1
405 66.0 -96.5 1151.0 404 406 -1
406 66.5 -96.0 1151.5 405 407 -1
407 67.0 -96.5 1151.5 406 408 -1
408 67.5 -97.0 1151.5 407 409 -1
409 68.0 -97.0 1152.0 408 410 -1
410 68.5 -97.0 1152.5 409 411 -1
411 69.0 -97.5 1152.5 410 412 -1
412 69.5 -98.0 1152.5 411 413 -1
413 70.0 -98.0 1153.0 412 414 -1
414 70.5 -98.5 1153.5 413 415 -1
415 71.0 -99.0 1153.5 414 416 -1
416 71.5 -99.5 1154.0 415 417 -1
417 71.5 -100.0 1154.0 416 418 -1
418 72.0 -100.5 1154.5 417 419 -1
419 72.5 -101.0 1154.5 418 420 -1
420 72.5 -101.5 1154.5 419 421 -1
421 73.0 -102.0 1154.5 420 422 -1
422 73.5 -102.5 1154.5 421 423 -1
423 73.5 -103.0 1155.0 422 424 -1
424 73.5 -103.5 1155.0 423 425 -1
425 74.0 -104.0 1154.5 424 426 -1
426 74.0 -104.5 1154.5 425 427 -1
427 74.0 -105.0 1155.0 426 428 -1
428 74.0 -105.5 1155.0 427 429 -1
429 74.0 -106.0 1155.0 428 430 -1
430 74.0 -106.5 1155.0 429 431 -1
431 74.0 -107.0 1155.0 430 432 -1
432 74.5 -107.5 1155.0 431 433 -1
433 74.0 -108.0 1155.0 432 434 -1
434 74.0 -108.5 1155.5 433 435 -1
435 74.0 -109.0 1155.5 434 436 -1
436 74.0 -109.5 1155.5 435 437 -1
437 73.5 -110.0 1155.5 436 438 -1
438 73.0 -110.5 1155.0 437 439 -1
439 73.5 -111.0 1155.0 438 440 -1
440 73.0 -111.5 1155.0 439 441 -1
441 72.5 -112.0 1155.0 440 442 -1
442 72.5 -112.5 1155.0 441 443 -1
443 72.0 -113.0 1155.0 442 444 -1
444 71.5 -113.5 1155.0 443 445 -1
445 71.0 -114.0 1154.5 444 446 -1
446 70.5 -114.5 1154.5 445 447 -1
447 70.0 -114.5 1154.0 446 448 -1
448 69.5 -115.0 1154.0 447 449 -1
449 69.0 -115.5 1153.5 448 450 -1
450 68.5 -116.0 1153.5 449 451 -1
451 68.0 -116.5 1153.0 450 452 -1
452 67.5 -117.0 1153.0 451 453 -1
453 67.0 -117.5 1152.5 452 454 -1
454 67.0 -118.0 1152.0 453 455 -1
455 66.5 -118.5 1151.5 454 456 -1
456 66.0 -119.0 1151.5 455 457 -1
457 65.5 -119.5 1151.0 456 458 -1
458 65.0 -119.5 1150.5 457 459 -1
459 64.5 -120.0 1150.5 458 460 -1
460 64.0 -120.5 1150.0 459 461 -1
461 64.5 -121.0 1149.5 460 462 -1
462 64.0 -121.5 1149.5 461 463 -1
463 64.0 -122.0 1149.0 462 464 -1
464 63.5 -122.0 1148.5 463 465 -1
465 63.0 -122.5 1148.0 464 466 -1
466 63.0 -123.0 1147.5 465 467 -1
467 62.5 -123.5 1147.0 466 468 -1
468 62.5 -124.0 1146.5 467 469 -1
469 62.5 -124.5 1146.0 468 470 -1
470 62.5 -125.0 1146.0 469 471 -1
471 62.5 -125.5 1145.5 470 472 -1
472 62.5 -126.0 1145.0 471 473 -1
473 62.0 -126.0 1144.5 472 474 -1
474 62.0 -126.5 1144.0 473 475 -1
475 62.0 -127.0 1143.5 474 476 -1
476 62.0 -127.5 1143.0 475 477 -1
477 62.0 -127.5 1142.5 476 478 -1
478 62.0 -128.0 1142.0 477 479 -1
479 62.5 -128.0 1141.5 478 480 -1
480 62.5 -128.5 1141.0 479 481 -1
481 62.5 -128.5 1140.5 480 482 -1
482 62.5 -129.0 1140.0 481 483 -1
483 63.0 -129.5 1139.5 482 484 -1
484 63.5 -129.5 1139.0 483 485 -1
485 63.5 -129.5 1138.5 484 486 -1
486 63.5 -130.0 1138.0 485 487 -1
487 64.0 -130.5 1137.5 486 488 -1
488 64.5 -130.5 1137.0 487 489 -1
489 65.0 -130.5 1136.5 488 490 -1
490 65.5 -131.0 1136.0 489 491 -1
491 66.0 -131.0 1135.5 490 492 -1
492 66.5 -131.5 1135.0 491 493 -1
493 67.0 -131.5 1134.5 492 494 -1
494 67.5 -131.5 1134.0 493 495 -1
495 68.0 -131.5 1134.0 494 496 -1
496 68.5 -132.0 1134.0 495 497 -1
497 69.0 -132.0 1133.5 496 498 -1
498 69.5 -131.5 1133.0 497 499 -1
499 70.0 -132.0 1133.0 498 500 -1
500 70.5 -132.0 1133.0 499 501 -1
501 71.0 -131.5 1132.5 500 502 -1
502 71.5 -131.5 1132.5 501 -1 -1
