0 55.5 -24.0 193.0 -1 1 -1
1 55.0 -24.5 193.5 0 2 -1
2 54.5 -25.0 194.0 1 3 -1
3 54.0 -25.0 194.0 2 4 -1
4 53.0 -26.0 195.0 3 5 -1
5 52.5 -26.0 195.0 4 6 -1
6 52.0 -26.5 195.5 5 7 -1
7 51.5 -27.0 195.5 6 8 -1
8 51.0 -26.5 195.5 7 9 -1
9 50.5 -27.0 195.5 8 10 -1
10 50.0 -27.5 196.0 9 11 -1
11 49.5 -27.5 196.0 10 12 -1
12 49.0 -28.0 196.5 11 13 -1
13 48.5 -28.0 196.5 12 14 -1
14 48.0 -28.0 196.5 13 15 -1
15 47.5 -28.5 197.0 14 16 -1
16 47.0 -28.5 197.0 15 17 -1
17 46.5 -28.5 197.0 16 18 -1
18 46.0 -28.5 197.0 17 19 -1
19 45.5 -28.5 197.5 18 20 -1
20 45.0 -28.5 197.5 19 21 -1
21 44.5 -29.0 197.5 20 22 -1
22 44.0 -29.0 197.5 21 23 -1
23 43.5 -29.0 198.0 22 24 -1
24 43.0 -29.0 198.0 23 25 -1
25 42.5 -29.0 198.0 24 26 -1
26 42.0 -29.0 198.5 25 27 -1
27 41.5 -29.5 198.5 26 28 -1
28 41.0 -29.5 199.0 27 29 -1
29 40.5 -29.5 199.0 28 30 -1
30 40.0 -29.5 199.5 29 31 -1
31 39.5 -29.5 199.5 30 32 -1
32 39.0 -29.5 200.0 31 33 -1
33 38.5 -29.5 200.5 32 34 -1
34 38.0 -29.5 201.0 33 35 -1
35 37.5 -29.5 201.5 34 36 -1
36 37.0 -29.5 202.0 35 37 -1
37 36.5 -29.5 202.5 36 38 -1
38 36.0 -29.5 203.0 37 39 -1
39 35.5 -29.5 203.5 38 40 -1
40 35.0 -29.0 204.0 39 41 -1
41 34.5 -29.0 204.5 40 42 -1
42 34.0 -29.0 205.0 41 43 -1
43 33.5 -29.0 205.5 42 44 -1
44 33.0 -29.0 206.0 43 45 -1
45 33.0 -29.0 206.5 44 46 -1
46 32.5 -28.5 207.0 45 47 -1
47 32.0 -28.5 207.5 46 48 -1
48 32.0 -28.5 208.0 47 49 -1
49 31.5 -28.5 208.5 48 50 -1
50 31.0 -28.5 209.0 49 51 -1
51 31.0 -28.5 209.5 50 52 -1
52 30.5 -28.5 210.0 51 53 -1
53 30.0 -28.5 210.5 52 54 -1
54 30.0 -28.0 211.0 53 55 -1
55 29.5 -28.5 211.5 54 56 -1
56 29.5 -28.0 212.0 55 57 -1
57 29.0 -28.0 212.5 56 58 -1
58 28.5 -28.0 213.0 57 59 -1
59 28.5 -28.0 213.5 58 60 -1
60 28.0 -28.0 214.0 59 61 -1
61 27.5 -28.0 214.5 60 62 -1
62 27.5 -28.0 215.0 61 63 -1
63 27.0 -28.0 215.5 62 64 -1
64 27.0 -28.0 216.0 63 65 -1
65 27.0 -28.0 216.5 64 66 -1
66 26.5 -28.0 217.0 65 67 -1
67 26.0 -28.0 217.5 66 68 -1
68 26.0 -28.0 218.0 67 69 -1
69 25.5 -28.0 218.5 68 70 -1
70 25.5 -28.0 219.0 69 71 -1
71 25.5 -28.0 219.5 70 72 -1
72 25.0 -28.0 220.0 71 73 -1
73 25.0 -28.0 220.5 72 74 -1
74 24.5 -27.5 221.0 73 75 -1
75 24.5 -28.0 221.5 74 76 -1
76 24.0 -27.5 222.0 75 77 -1
77 24.0 -27.5 222.5 76 78 -1
78 23.5 -27.5 223.0 77 79 -1
79 23.5 -27.5 223.5 78 80 -1
80 23.0 -27.5 224.0 79 81 -1
81 23.0 -27.5 224.5 80 82 -1
82 22.5 -27.5 225.0 81 83 -1
83 22.0 -27.5 225.5 82 84 -1
84 22.0 -27.5 226.0 83 85 -1
85 21.5 -27.5 226.5 84 86 -1
86 21.0 -27.5 227.0 85 87 -1
87 20.5 -27.5 227.5 86 88 -1
88 20.0 -27.5 228.0 87 89 -1
89 19.5 -27.5 228.5 88 90 -1
90 19.0 -27.5 229.0 89 91 -1
91 18.5 -27.5 229.0 90 92 -1
92 18.0 -28.0 229.5 91 93 -1
93 17.5 -28.0 230.0 92 94 -1
94 17.0 -28.0 230.5 93 95 -1
95 16.5 -28.0 230.5 94 96 -1
96 16.0 -28.0 231.0 95 97 -1
97 15.5 -28.5 231.0 96 98 -1
98 15.0 -28.5 231.0 97 99 -1
99 14.5 -29.0 231.5 98 100 -1
100 14.0 -29.0 231.5 99 101 -1
101 13.5 -29.5 231.5 100 102 -1
102 13.0 -29.5 231.5 101 103 -1
103 12.5 -29.5 231.5 102 104 -1
104 12.0 -29.5 231.5 103 105 -1
105 11.5 -29.5 231.5 104 106 -1
106 11.0 -29.5 231.0 105 107 -1
107 10.5 -30.0 231.0 106 108 -1
108 10.0 -30.0 231.0 107 109 -1
109 9.5 -30.5 231.5 108 110 -1
110 9.0 -30.5 231.0 109 111 -1
111 8.5 -31.0 231.5 110 112 -1
112 8.0 -31.0 231.0 111 113 -1
113 7.5 -31.0 231.0 112 114 -1
114 7.0 -31.0 230.5 113 115 -1
115 6.5 -31.0 230.5 114 116 -1
116 6.0 -31.5 230.5 115 117 -1
117 5.5 -31.5 230.5 116 118 -1
118 5.0 -31.5 230.0 117 119 -1
119 4.5 -32.0 230.0 118 120 -1
120 4.0 -32.0 229.5 119 121 -1
121 3.5 -32.0 229.5 120 122 -1
122 3.0 -32.0 229.5 121 123 -1
123 2.5 -32.0 229.0 122 124 -1
124 2.0 -32.5 229.0 123 125 -1
125 1.5 -32.5 229.0 124 126 -1
126 1.0 -32.5 228.5 125 127 -1
127 0.5 -32.5 228.0 126 128 -1
128 0.0 -32.5 227.5 127 129 -1
129 -0.5 -32.5 227.5 128 130 -1
130 -1.0 -33.0 227.0 129 131 -1
131 -1.5 -33.0 227.0 130 132 -1
132 -2.0 -33.0 226.5 131 133 -1
133 -2.5 -33.5 226.0 132 134 -1
134 -3.0 -33.5 226.0 133 135 -1
135 -3.5 -33.5 225.5 134 136 -1
136 -4.0 -34.0 225.0 135 137 -1
137 -4.5 -34.0 224.5 136 138 -1
138 -5.0 -34.0 224.0 137 139 -1
139 -5.5 -34.5 224.0 138 140 -1
140 -6.0 -35.0 223.5 139 141 -1
141 -6.5 -35.0 223.0 140 142 -1
142 -7.0 -35.0 222.5 141 143 -1
143 -7.5 -35.5 222.0 142 144 -1
144 -8.0 -35.5 221.5 143 145 -1
145 -8.5 -35.5 221.0 144 146 -1
146 -9.0 -35.5 220.5 145 147 -1
147 -9.5 -36.0 220.0 146 148 -1
148 -10.0 -36.5 219.5 147 149 -1
149 -10.5 -36.0 219.0 148 150 -1
150 -11.0 -36.5 218.5 149 151 -1
151 -11.5 -36.5 218.5 150 152 -1
152 -12.0 -36.5 218.0 151 153 -1
153 -12.5 -37.0 217.5 152 154 -1
154 -13.0 -36.5 217.0 153 155 -1
155 -13.5 -36.5 216.5 154 156 -1
156 -14.0 -36.5 216.0 155 157 -1
157 -14.5 -37.0 216.0 156 158 -1
158 -15.0 -37.0 215.5 157 159 -1
159 -15.5 -37.0 215.0 158 160 -1
160 -16.0 -37.0 214.5 159 161 -1
161 -16.5 -37.0 214.0 160 162 -1
162 -17.0 -37.0 213.5 161 163 -1
163 -17.5 -37.0 213.5 162 164 -1
164 -18.0 -36.5 213.0 163 165 -1
165 -18.5 -36.5 212.5 164 166 -1
166 -19.0 -36.5 212.5 165 167 -1
167 -19.5 -36.5 212.0 166 168 -1
168 -20.0 -36.5 211.5 167 169 -1
169 -20.5 -36.0 211.5 168 170 -1
170 -21.0 -36.0 211.5 169 171 -1
171 -21.5 -36.0 211.0 170 172 -1
172 -22.0 -36.0 211.0 171 173 -1
173 -22.5 -36.0 211.0 172 174 -1
174 -23.0 -35.5 211.0 173 175 -1
175 -23.5 -35.5 211.0 174 176 -1
176 -24.0 -35.5 210.5 175 177 -1
177 -24.5 -35.5 210.5 176 178 -1
178 -25.0 -35.5 210.5 177 179 -1
179 -25.5 -35.5 210.5 178 180 -1
180 -26.0 -35.0 210.5 179 181 -1
181 -26.5 -35.0 210.5 180 182 -1
182 -27.0 -34.5 211.0 181 183 -1
183 -27.5 -34.5 211.0 182 184 -1
184 -28.0 -34.0 211.5 183 185 -1
185 -28.5 -33.5 211.5 184 186 -1
186 -29.0 -34.0 211.0 185 187 -1
187 -29.5 -33.5 211.5 186 188 -1
188 -30.0 -33.5 211.5 187 189 -1
189 -30.5 -33.0 212.0 188 190 -1
190 -31.0 -33.0 212.0 189 191 -1
191 -31.5 -32.5 212.5 190 192 -1
192 -32.0 -32.5 212.0 191 193 -1
193 -32.5 -32.5 212.0 192 194 -1
194 -33.0 -32.0 212.5 193 195 -1
195 -33.5 -32.0 212.5 194 196 -1
196 -34.0 -31.5 213.0 195 197 -1
197 -34.5 -31.5 213.0 196 198 -1
198 -35.0 -31.0 213.5 197 199 -1
199 -35.5 -31.0 213.5 198 200 -1
200 -36.0 -30.5 213.5 199 201 -1
201 -36.5 -30.5 214.0 200 202 -1
202 -37.0 -30.5 214.0 201 203 -1
203 -37.5 -30.0 214.0 202 204 -1
204 -40.5 -26.5 216.0 203 205 206
205 -41.0 -26.5 215.5 204 208 -1
206 -41.0 -26.0 216.5 204 209 -1
207 -37.0 -29.0 215.0 204 210 -1
208 -41.5 -27.0 215.0 205 211 -1
209 -41.0 -25.5 217.0 206 212 -1
210 -36.5 -29.0 215.0 207 213 -1
211 -42.0 -27.0 214.5 208 214 -1
212 -41.5 -25.0 217.0 209 215 -1
213 -36.0 -29.5 215.0 210 216 -1
214 -42.5 -27.5 214.0 211 217 -1
215 -42.0 -24.5 217.5 212 218 -1
216 -35.5 -29.5 215.0 213 219 -1
217 -43.0 -27.5 213.5 214 220 -1
218 -42.0 -24.0 218.0 215 221 -1
219 -35.0 -29.5 215.0 216 222 -1
220 -43.5 -27.5 213.0 217 223 -1
221 -42.0 -23.5 218.5 218 224 -1
222 -34.5 -29.5 215.0 219 225 -1
223 -44.0 -28.0 212.5 220 226 -1
224 -42.5 -23.0 219.0 221 227 -1
225 -34.0 -29.5 215.5 222 228 -1
226 -44.5 -28.0 212.0 223 229 -1
227 -42.5 -22.5 219.5 224 230 -1
228 -33.5 -29.0 216.0 225 231 -1
229 -45.0 -28.5 211.5 226 232 -1
230 -42.5 -22.5 220.0 227 233 -1
231 -33.0 -29.0 216.0 228 234 -1
232 -45.5 -28.5 211.0 229 235 -1
233 -42.5 -22.0 220.5 230 236 -1
234 -32.5 -29.0 216.5 231 237 -1
235 -46.0 -29.0 210.5 232 238 -1
236 -42.5 -21.5 220.5 233 239 -1
237 -32.0 -28.5 217.0 234 240 -1
238 -46.0 -29.0 210.0 235 241 -1
239 -43.0 -21.0 221.0 236 242 -1
240 -31.5 -28.5 217.5 237 243 -1
241 -46.5 -29.5 209.5 238 244 -1
242 -43.0 -21.0 221.5 239 245 -1
243 -31.0 -28.5 217.5 240 246 -1
244 -46.5 -29.5 209.0 241 247 -1
245 -43.5 -20.5 222.0 242 248 -1
246 -30.5 -28.5 218.0 243 249 -1
247 -47.0 -29.5 208.5 244 250 -1
248 -43.5 -20.0 222.5 245 251 -1
249 -30.0 -28.0 218.5 246 252 -1
250 -47.0 -30.0 208.0 247 253 -1
251 -43.5 -20.0 223.0 248 254 -1
252 -29.5 -28.0 219.0 249 255 -1
253 -47.0 -30.0 207.5 250 256 -1
254 -43.5 -19.5 223.5 251 257 -1
255 -29.0 -28.0 219.0 252 258 -1
256 -47.5 -29.5 207.0 253 259 -1
257 -43.5 -19.0 224.0 254 260 -1
258 -28.5 -28.0 219.0 255 261 -1
259 -47.5 -30.0 206.5 256 262 -1
260 -44.0 -19.0 224.5 257 263 -1
261 -28.0 -28.0 219.0 258 264 -1
262 -48.0 -30.0 206.0 259 265 -1
263 -43.5 -18.5 225.0 260 266 -1
264 -27.5 -28.0 219.5 261 267 -1
265 -48.0 -30.0 205.5 262 268 -1
266 -43.5 -18.5 225.5 263 269 -1
267 -27.0 -27.5 220.0 264 270 -1
268 -48.0 -30.5 205.0 265 271 -1
269 -43.5 -18.0 226.0 266 272 -1
270 -27.0 -27.5 220.5 267 273 -1
271 -48.0 -31.0 204.5 268 274 -1
272 -43.5 -17.5 226.5 269 275 -1
273 -26.5 -27.5 221.0 270 276 -1
274 -48.0 -31.0 204.0 271 277 -1
275 -44.0 -17.0 227.0 272 278 -1
276 -26.0 -27.5 221.5 273 279 -1
277 -48.0 -31.0 203.5 274 280 -1
278 -44.5 -16.5 227.5 275 281 -1
279 -26.0 -27.5 222.0 276 282 -1
280 -48.0 -31.5 203.0 277 283 -1
281 -45.0 -16.0 228.0 278 284 -1
282 -26.0 -27.5 222.5 279 285 -1
283 -48.0 -31.5 202.5 280 286 -1
284 -44.5 -16.0 228.5 281 287 -1
285 -26.0 -27.5 223.0 282 288 -1
286 -48.0 -32.0 202.0 283 289 -1
287 -45.0 -15.5 229.0 284 290 -1
288 -26.0 -27.5 223.5 285 291 -1
289 -48.0 -32.0 201.5 286 292 -1
290 -45.0 -15.0 229.5 287 293 -1
291 -26.0 -27.5 224.0 288 294 -1
292 -48.0 -32.5 201.0 289 295 -1
293 -45.5 -14.5 230.0 290 296 -1
294 -25.5 -27.0 224.5 291 297 -1
295 -48.0 -32.5 200.5 292 298 -1
296 -46.0 -14.0 230.5 293 299 -1
297 -25.5 -27.0 225.0 294 300 -1
298 -48.5 -32.5 200.0 295 301 -1
299 -46.0 -14.0 231.0 296 302 -1
300 -26.0 -27.5 225.5 297 303 -1
301 -48.5 -32.5 199.5 298 304 -1
302 -46.5 -13.5 231.5 299 305 -1
303 -25.5 -27.5 226.0 300 306 -1
304 -48.5 -33.0 199.0 301 307 -1
305 -46.5 -13.0 232.0 302 308 -1
306 -25.5 -27.5 226.5 303 309 -1
307 -48.5 -33.0 198.5 304 310 -1
308 -46.5 -13.0 232.5 305 311 -1
309 -25.5 -28.0 227.0 306 312 -1
310 -48.5 -33.0 198.0 307 313 -1
311 -46.5 -12.5 233.0 308 314 -1
312 -25.5 -28.0 227.5 309 315 -1
313 -48.5 -33.5 197.5 310 316 -1
314 -46.5 -12.5 233.5 311 317 -1
315 -25.5 -28.0 228.0 312 318 -1
316 -49.0 -33.5 197.0 313 319 -1
317 -47.0 -12.0 234.0 314 320 -1
318 -25.0 -28.0 228.5 315 321 -1
319 -49.0 -33.5 196.5 316 322 -1
320 -47.5 -11.5 234.5 317 323 -1
321 -25.0 -28.0 229.0 318 324 -1
322 -49.0 -34.0 196.0 319 325 -1
323 -47.5 -11.5 235.0 320 326 -1
324 -25.0 -28.0 229.5 321 327 -1
325 -49.5 -34.0 195.5 322 328 -1
326 -47.5 -11.0 235.5 323 329 -1
327 -25.0 -28.5 230.0 324 330 -1
328 -49.5 -34.0 195.0 325 331 -1
329 -48.0 -11.0 236.0 326 332 -1
330 -24.5 -28.5 230.5 327 333 -1
331 -49.5 -34.0 194.5 328 334 -1
332 -48.5 -10.5 236.5 329 335 -1
333 -24.5 -28.5 231.0 330 336 -1
334 -49.5 -34.5 194.0 331 337 -1
335 -49.0 -10.0 237.0 332 338 -1
336 -24.0 -29.0 231.5 333 339 -1
337 -49.5 -34.5 193.5 334 340 -1
338 -49.5 -9.5 237.5 335 341 -1
339 -23.5 -29.0 232.0 336 342 -1
340 -50.0 -34.0 193.0 337 343 -1
341 -49.5 -9.5 238.0 338 344 -1
342 -23.0 -29.0 232.5 339 345 -1
343 -50.0 -34.0 192.5 340 346 -1
344 -50.0 -9.0 238.5 341 347 -1
345 -22.5 -29.5 233.0 342 348 -1
346 -50.0 -34.5 192.0 343 349 -1
347 -50.0 -9.0 239.0 344 350 -1
348 -22.0 -29.5 233.5 345 351 -1
349 -50.5 -34.5 191.5 346 352 -1
350 -50.0 -9.0 239.5 347 353 -1
351 -21.5 -29.5 234.0 348 354 -1
352 -50.5 -34.5 191.0 349 355 -1
353 -50.5 -8.5 240.0 350 356 -1
354 -21.0 -29.5 234.5 351 357 -1
355 -50.5 -34.5 190.5 352 358 -1
356 -51.0 -8.5 240.5 353 359 -1
357 -20.5 -29.0 235.0 354 360 -1
358 -51.0 -34.0 190.0 355 361 -1
359 -51.5 -8.0 241.0 356 362 -1
360 -20.0 -29.5 235.0 357 363 -1
361 -51.0 -34.0 189.5 358 364 -1
362 -52.0 -8.0 241.5 359 365 -1
363 -19.5 -29.5 235.5 360 366 -1
364 -51.0 -34.0 189.0 361 367 -1
365 -51.5 -7.5 242.0 362 368 -1
366 -19.0 -29.0 236.0 363 369 -1
367 -51.0 -34.0 188.5 364 370 -1
368 -52.0 -7.5 242.5 365 371 -1
369 -18.5 -29.0 236.0 366 372 -1
370 -50.5 -33.5 188.0 367 373 -1
371 -52.0 -7.5 243.0 368 374 -1
372 -18.0 -28.5 236.5 369 375 -1
373 -50.5 -33.5 187.5 370 376 -1
374 -52.5 -7.0 243.5 371 377 -1
375 -17.5 -28.5 237.0 372 378 -1
376 -50.5 -33.5 187.0 373 379 -1
377 -52.5 -7.0 244.0 374 380 -1
378 -17.0 -28.0 237.0 375 381 -1
379 -50.5 -33.5 186.5 376 382 -1
380 -52.5 -7.0 244.5 377 383 -1
381 -16.5 -28.0 237.5 378 384 -1
382 -50.5 -33.5 186.0 379 385 -1
383 -52.5 -6.5 245.0 380 386 -1
384 -16.0 -28.0 238.0 381 387 -1
385 -50.0 -33.0 185.5 382 388 -1
386 -53.0 -6.5 245.5 383 389 -1
387 -15.5 -27.5 238.5 384 390 -1
388 -50.0 -33.5 185.0 385 391 -1
389 -53.0 -6.5 246.0 386 392 -1
390 -15.0 -27.0 239.0 387 393 -1
391 -49.5 -33.0 184.5 388 -1 -1
392 -53.5 -6.5 246.5 389 394 -1
393 -14.5 -26.5 239.5 390 395 -1
394 -53.5 -6.5 247.0 392 396 -1
395 -14.0 -26.0 239.5 393 397 -1
396 -54.0 -6.0 247.5 394 398 -1
397 -13.5 -26.0 240.0 395 399 -1
398 -54.5 -6.0 248.0 396 400 -1
399 -13.0 -26.0 240.5 397 401 -1
400 -55.0 -6.0 248.5 398 402 -1
401 -12.5 -25.5 241.0 399 403 -1
402 -55.5 -5.5 249.0 400 404 405
403 -12.0 -25.5 241.5 401 406 -1
404 -56.0 -5.0 249.5 402 407 -1
405 -55.5 -6.0 249.5 402 408 -1
406 -11.5 -25.5 242.0 403 409 -1
407 -56.0 -4.5 249.5 404 410 -1
408 -55.0 -6.5 250.0 405 411 -1
409 -11.0 -25.5 242.5 406 412 -1
410 -56.0 -4.0 249.5 407 413 -1
411 -54.5 -6.5 250.5 408 414 -1
412 -10.5 -25.5 243.0 409 415 -1
413 -56.5 -3.5 250.0 410 416 -1
414 -54.5 -6.5 251.0 411 417 -1
415 -10.0 -26.0 243.5 412 418 -1
416 -56.0 -3.0 250.0 413 419 -1
417 -54.0 -6.5 251.5 414 420 -1
418 -9.5 -26.0 244.0 415 421 -1
419 -56.5 -2.5 250.5 416 422 -1
420 -54.0 -7.0 252.0 417 423 -1
421 -9.0 -26.5 244.5 418 424 -1
422 -56.5 -2.0 251.0 419 425 -1
423 -53.5 -7.0 252.5 420 426 -1
424 -8.5 -27.0 244.5 421 427 -1
425 -56.5 -1.5 251.0 422 428 -1
426 -53.5 -7.0 253.0 423 429 -1
427 -8.0 -27.0 244.5 424 430 -1
428 -57.0 -1.0 251.0 425 431 -1
429 -53.5 -7.0 253.5 426 432 -1
430 -7.5 -27.5 245.0 427 433 -1
431 -56.5 -0.5 251.5 428 434 -1
432 -53.5 -7.0 254.0 429 435 -1
433 -7.0 -28.0 245.5 430 436 -1
434 -57.0 0.0 251.5 431 437 -1
435 -53.0 -7.5 254.5 432 438 -1
436 -6.5 -28.5 246.0 433 439 -1
437 -57.0 0.5 252.0 434 440 -1
438 -53.0 -8.0 255.0 435 441 -1
439 -6.0 -29.0 246.0 436 442 -1
440 -57.0 1.0 252.5 437 443 -1
441 -53.0 -8.0 255.5 438 444 -1
442 -5.5 -29.5 246.5 439 445 -1
443 -57.5 1.5 252.5 440 446 -1
444 -53.0 -8.5 256.0 441 447 -1
445 -5.0 -30.0 246.5 442 448 -1
446 -57.5 2.0 253.0 443 449 -1
447 -53.0 -9.0 256.5 444 450 -1
448 -4.5 -30.5 247.0 445 451 -1
449 -58.0 2.5 253.0 446 452 -1
450 -53.0 -9.5 257.0 447 453 -1
451 -4.0 -31.0 247.0 448 454 -1
452 -58.5 3.0 253.0 449 455 -1
453 -53.0 -10.0 257.5 450 456 -1
454 -3.5 -31.5 247.0 451 457 -1
455 -58.5 3.5 253.5 452 458 -1
456 -53.5 -10.5 258.0 453 459 -1
457 -3.0 -32.0 247.0 454 460 -1
458 -58.5 4.0 254.0 455 461 -1
459 -54.0 -11.0 258.0 456 462 -1
460 -2.5 -32.5 247.0 457 463 -1
461 -58.5 4.5 254.5 458 464 -1
462 -54.5 -11.5 258.5 459 465 -1
463 -2.0 -33.0 247.0 460 466 -1
464 -59.0 5.0 254.5 461 467 -1
465 -54.5 -12.0 259.0 462 468 -1
466 -1.5 -33.0 247.0 463 469 -1
467 -59.5 5.5 255.0 464 470 -1
468 -54.5 -12.0 259.5 465 471 -1
469 -1.0 -33.5 247.0 466 472 -1
470 -59.5 6.0 255.5 467 473 -1
471 -54.5 -12.5 260.0 468 474 -1
472 -0.5 -33.5 247.0 469 475 -1
473 -60.0 6.5 255.5 470 476 -1
474 -55.0 -13.0 260.5 471 477 -1
475 0.0 -33.5 247.0 472 478 -1
476 -60.0 7.0 256.0 473 479 -1
477 -55.0 -13.5 261.0 474 480 -1
478 0.5 -33.5 246.5 475 481 -1
479 -60.0 7.5 256.5 476 482 -1
480 -55.0 -14.0 261.5 477 483 -1
481 1.0 -34.0 246.5 478 484 -1
482 -60.0 8.0 256.5 479 485 -1
483 -55.0 -14.5 261.5 480 486 -1
484 1.5 -34.0 246.5 481 487 -1
485 -60.0 8.5 257.0 482 488 -1
486 -55.0 -15.0 262.0 483 489 -1
487 2.0 -34.0 246.5 484 490 -1
488 -60.5 9.0 257.0 485 491 -1
489 -55.0 -15.5 262.5 486 492 -1
490 2.5 -34.0 246.5 487 493 -1
491 -60.5 9.5 257.5 488 494 -1
492 -55.0 -16.0 262.5 489 495 -1
493 3.0 -34.0 246.5 490 496 -1
494 -61.0 10.0 258.0 491 497 -1
495 -55.0 -16.5 263.0 492 498 -1
496 3.5 -34.0 246.5 493 499 -1
497 -61.5 10.5 258.5 494 500 -1
498 -55.0 -17.0 263.5 495 501 -1
499 4.0 -34.0 246.5 496 502 -1
500 -61.5 11.0 259.0 497 503 -1
501 -55.0 -17.5 264.0 498 504 -1
502 4.5 -34.0 246.5 499 505 -1
503 -62.0 11.5 259.5 500 506 -1
504 -55.0 -18.0 264.5 501 507 -1
505 5.0 -34.0 246.5 502 508 -1
506 -62.5 12.0 260.0 503 509 -1
507 -55.0 -18.5 265.0 504 510 -1
508 5.5 -33.5 246.0 505 511 -1
509 -63.0 12.5 260.5 506 512 -1
510 -55.0 -19.0 265.5 507 513 -1
511 6.0 -33.5 246.5 508 514 -1
512 -63.5 13.0 261.0 509 515 -1
513 -55.0 -19.0 266.0 510 516 -1
514 6.5 -33.0 246.5 511 517 -1
515 -63.5 13.5 261.5 512 518 -1
516 -55.0 -19.5 266.5 513 519 -1
517 7.0 -33.0 246.0 514 520 -1
518 -63.0 14.0 262.0 515 521 -1
519 -55.0 -20.0 267.0 516 522 -1
520 7.5 -33.0 246.5 517 523 -1
521 -63.5 14.0 262.5 518 524 -1
522 -55.0 -20.5 267.0 519 525 -1
523 8.0 -32.5 246.0 520 526 -1
524 -63.5 14.5 263.0 521 527 -1
525 -55.5 -21.0 267.0 522 528 -1
526 8.5 -32.5 246.5 523 529 -1
527 -64.0 14.5 263.5 524 -1 -1
528 -55.5 -21.5 267.5 525 530 -1
529 9.0 -32.0 246.0 526 531 -1
530 -55.5 -22.0 268.0 528 532 -1
531 9.5 -31.5 246.0 529 533 -1
532 -55.0 -22.5 268.5 530 534 -1
533 10.0 -31.0 246.0 531 535 -1
534 -55.0 -23.0 269.0 532 536 -1
535 10.5 -30.5 246.0 533 537 -1
536 -55.0 -23.5 269.5 534 538 -1
537 11.0 -30.0 246.0 535 539 -1
538 -55.0 -23.5 270.0 536 540 -1
539 11.5 -29.5 246.0 537 541 -1
540 -55.0 -24.0 270.5 538 542 -1
541 11.5 -29.0 246.5 539 543 -1
542 -55.0 -24.5 271.0 540 544 -1
543 11.5 -28.5 246.5 541 545 -1
544 -55.0 -25.0 271.5 542 546 -1
545 11.5 -28.0 246.5 543 547 -1
546 -55.0 -25.5 272.0 544 548 -1
547 12.0 -27.5 246.5 545 549 -1
548 -54.5 -26.0 272.5 546 550 -1
549 12.0 -27.0 247.0 547 551 -1
550 -54.5 -26.5 273.0 548 552 -1
551 12.0 -26.5 247.0 549 553 -1
552 -54.5 -27.0 273.5 550 554 -1
553 12.5 -26.0 247.0 551 555 -1
554 -54.5 -27.5 274.0 552 556 -1
555 13.0 -25.5 247.5 553 557 -1
556 -54.5 -28.0 274.5 554 558 -1
557 13.0 -25.0 247.5 555 559 -1
558 -54.5 -28.5 275.0 556 560 -1
559 13.5 -24.5 248.0 557 561 -1
560 -54.0 -29.0 275.5 558 562 -1
561 13.5 -24.0 248.0 559 563 -1
562 -54.0 -29.5 276.0 560 564 -1
563 14.0 -23.5 248.5 561 565 -1
564 -54.0 -30.0 276.0 562 566 -1
565 14.5 -23.5 248.5 563 567 -1
566 -54.0 -30.5 276.5 564 568 -1
567 15.0 -23.0 248.5 565 569 -1
568 -53.5 -31.0 277.0 566 570 -1
569 15.5 -22.5 248.0 567 571 -1
570 -53.5 -31.5 277.5 568 572 -1
571 16.0 -22.5 248.5 569 573 -1
572 -53.5 -32.0 278.0 570 574 -1
573 16.5 -22.0 248.5 571 575 -1
574 -53.5 -32.5 278.5 572 576 -1
575 17.0 -21.5 248.0 573 577 -1
576 -53.5 -33.0 279.0 574 578 -1
577 17.5 -21.0 248.0 575 579 -1
578 -53.0 -33.5 279.5 576 580 -1
579 18.0 -21.0 247.5 577 581 -1
580 -53.0 -34.0 280.0 578 582 -1
581 18.5 -20.5 247.0 579 583 -1
582 -52.5 -34.5 280.5 580 584 -1
583 19.0 -20.0 246.5 581 585 -1
584 -53.0 -34.5 281.0 582 586 -1
585 19.0 -20.0 246.0 583 587 -1
586 -53.0 -35.0 281.5 584 588 -1
587 19.0 -19.5 245.5 585 589 -1
588 -53.0 -35.5 282.0 586 590 -1
589 19.5 -19.0 245.0 587 591 -1
590 -53.0 -35.5 282.5 588 592 -1
591 19.0 -19.0 244.5 589 593 -1
592 -53.0 -36.0 283.0 590 -1 -1
593 19.0 -18.5 244.0 591 594 -1
594 19.0 -18.0 243.5 593 595 -1
595 18.5 -17.5 243.0 594 596 -1
596 18.5 -17.0 242.5 595 597 -1
597 18.5 -16.5 242.0 596 598 -1
598 18.0 -16.0 242.0 597 599 -1
599 18.0 -15.5 241.5 598 600 -1
600 18.0 -15.0 241.0 599 -1 -1
