0 -44.5 -159.5 -612.5 -1 1 -1
1 -44.5 -159.5 -612.0 0 2 -1
2 -44.5 -159.5 -611.5 1 3 -1
3 -44.5 -159.5 -611.0 2 4 -1
4 -44.0 -159.5 -610.5 3 5 -1
5 -44.0 -159.0 -610.0 4 6 -1
6 -44.0 -159.0 -609.5 5 7 -1
7 -44.0 -159.0 -609.0 6 8 -1
8 -44.0 -159.0 -608.5 7 9 -1
9 -44.0 -159.0 -608.0 8 10 -1
10 -44.0 -158.5 -607.5 9 11 -1
11 -44.0 -158.5 -607.0 10 12 -1
12 -44.0 -158.5 -606.5 11 13 -1
13 -43.5 -158.5 -606.0 12 14 -1
14 -43.5 -158.5 -605.5 13 15 -1
15 -43.5 -158.0 -605.0 14 16 -1
16 -44.0 -157.5 -604.5 15 17 -1
17 -44.0 -157.5 -604.0 16 18 -1
18 -43.5 -157.5 -603.5 17 19 -1
19 -43.5 -157.5 -603.0 18 20 -1
20 -43.5 -157.5 -602.5 19 21 -1
21 -43.5 -157.5 -602.0 20 22 -1
22 -43.5 -157.0 -601.5 21 23 -1
23 -43.5 -157.0 -601.0 22 24 -1
24 -43.5 -157.0 -600.5 23 25 -1
25 -43.5 -157.0 -600.0 24 26 -1
26 -43.5 -157.0 -599.5 25 27 -1
27 -43.5 -157.0 -599.0 26 28 -1
28 -43.5 -157.0 -598.5 27 29 -1
29 -43.5 -157.0 -598.0 28 30 -1
30 -43.5 -157.0 -597.5 29 31 -1
31 -43.5 -157.0 -597.0 30 32 -1
32 -43.5 -157.0 -596.5 31 33 -1
33 -43.5 -157.0 -596.0 32 34 -1
34 -43.5 -157.0 -595.5 33 35 -1
35 -43.5 -157.0 -595.0 34 36 -1
36 -43.5 -157.0 -594.5 35 37 -1
37 -43.5 -157.0 -594.0 36 38 -1
38 -43.5 -157.0 -593.5 37 39 -1
39 -43.5 -157.0 -593.0 38 40 -1
40 -43.5 -157.0 -592.5 39 41 -1
41 -43.5 -157.0 -592.0 40 42 -1
42 -43.5 -157.0 -591.5 41 43 -1
43 -43.5 -157.0 -591.0 42 44 -1
44 -43.5 -157.0 -590.5 43 45 -1
45 -43.5 -157.0 -590.0 44 46 -1
46 -43.5 -157.0 -589.5 45 47 -1
47 -43.5 -157.0 -589.0 46 48 -1
48 -43.5 -157.0 -588.5 47 49 -1
49 -43.5 -157.0 -588.0 48 50 -1
50 -43.5 -157.0 -587.5 49 51 -1
51 -43.5 -157.0 -587.0 50 52 -1
52 -43.5 -157.0 -586.5 51 53 -1
53 -43.5 -157.0 -586.0 52 54 -1
54 -43.0 -157.0 -585.5 53 55 -1
55 -43.5 -156.5 -584.5 54 56 57
56 -44.0 -157.0 -584.0 55 61 -1
57 -44.5 -156.0 -584.0 55 62 -1
58 -40.5 -157.5 -583.5 55 63 -1
59 -40.5 -156.5 -583.5 55 64 -1
60 -43.0 -158.0 -584.0 55 65 -1
61 -44.0 -157.5 -583.5 56 66 -1
62 -44.5 -155.5 -583.5 57 67 -1
63 -40.0 -158.0 -583.5 58 68 -1
64 -40.0 -156.5 -583.5 59 69 -1
65 -43.5 -158.5 -583.5 60 70 -1
66 -44.5 -158.0 -583.0 61 71 -1
67 -44.5 -155.0 -583.5 62 72 -1
68 -39.5 -158.5 -583.0 63 73 -1
69 -39.5 -156.5 -583.5 64 74 -1
70 -43.5 -159.0 -583.0 65 75 -1
71 -44.5 -158.5 -582.5 66 76 -1
72 -44.5 -154.5 -583.0 67 77 -1
73 -39.0 -159.0 -582.5 68 78 -1
74 -39.0 -156.5 -583.0 69 79 -1
75 -43.5 -159.5 -583.0 70 80 -1
76 -45.0 -159.0 -582.0 71 81 -1
77 -44.5 -154.0 -583.0 72 82 -1
78 -39.0 -159.5 -582.5 73 83 -1
79 -38.5 -156.5 -583.0 74 84 -1
80 -43.0 -160.0 -582.5 75 85 -1
81 -45.0 -159.5 -581.5 76 86 -1
82 -45.0 -153.5 -582.5 77 87 -1
83 -39.0 -160.0 -582.5 78 88 -1
84 -38.0 -156.5 -583.0 79 89 -1
85 -43.0 -160.5 -582.5 80 90 -1
86 -45.0 -160.0 -581.0 81 91 -1
87 -45.0 -153.0 -582.0 82 92 -1
88 -39.0 -160.5 -582.5 83 93 -1
89 -37.5 -157.0 -582.5 84 94 -1
90 -42.5 -161.0 -582.0 85 95 -1
91 -45.0 -160.5 -580.5 86 96 -1
92 -45.0 -152.5 -582.0 87 97 -1
93 -38.5 -161.0 -582.0 88 98 -1
94 -37.0 -156.5 -582.5 89 99 -1
95 -42.5 -161.5 -582.0 90 100 -1
96 -45.0 -161.0 -580.0 91 101 -1
97 -45.0 -152.0 -581.5 92 102 -1
98 -38.0 -161.5 -581.5 93 103 -1
99 -36.5 -156.0 -582.0 94 104 -1
100 -42.5 -162.0 -581.5 95 105 -1
101 -45.0 -161.5 -579.5 96 106 -1
102 -45.0 -151.5 -581.5 97 107 -1
103 -37.5 -162.0 -581.5 98 108 -1
104 -36.0 -155.5 -582.0 99 109 -1
105 -42.5 -162.5 -581.0 100 110 -1
106 -45.0 -162.0 -579.0 101 111 -1
107 -44.5 -151.0 -581.5 102 112 -1
108 -37.0 -162.5 -581.5 103 113 -1
109 -35.5 -155.5 -581.5 104 114 -1
110 -42.5 -163.0 -580.5 105 115 -1
111 -45.0 -162.5 -578.5 106 116 -1
112 -44.0 -150.5 -581.0 107 117 -1
113 -36.5 -163.0 -581.0 108 118 -1
114 -35.0 -155.0 -581.5 109 119 -1
115 -42.5 -163.0 -580.0 110 120 -1
116 -45.5 -162.5 -578.0 111 121 -1
117 -43.5 -150.0 -580.5 112 122 -1
118 -36.0 -163.0 -581.0 113 123 -1
119 -34.5 -154.5 -581.0 114 124 -1
120 -42.5 -163.5 -579.5 115 125 -1
121 -45.0 -163.0 -577.5 116 126 -1
122 -43.0 -149.5 -580.0 117 127 -1
123 -35.5 -163.5 -580.5 118 128 -1
124 -34.0 -154.5 -581.0 119 129 -1
125 -42.5 -164.0 -579.0 120 130 -1
126 -45.0 -163.5 -577.0 121 131 -1
127 -43.0 -149.0 -579.5 122 132 -1
128 -35.0 -164.0 -580.5 123 133 -1
129 -33.5 -154.5 -580.5 124 134 -1
130 -42.5 -164.5 -578.5 125 -1 -1
131 -45.5 -163.5 -576.5 126 135 -1
132 -43.0 -149.0 -579.0 127 136 -1
133 -34.5 -164.0 -580.5 128 137 -1
134 -33.0 -154.5 -580.0 129 138 139
135 -45.5 -163.5 -576.0 131 140 -1
136 -42.5 -148.5 -578.5 132 141 -1
137 -34.0 -164.5 -580.0 133 142 -1
138 -33.0 -154.0 -579.5 134 143 -1
139 -32.5 -155.0 -579.5 134 144 -1
140 -45.5 -163.5 -575.5 135 145 -1
141 -42.5 -148.5 -578.0 136 146 -1
142 -33.5 -165.0 -579.5 137 147 -1
143 -33.0 -154.0 -579.0 138 148 -1
144 -32.0 -155.5 -579.0 139 149 -1
145 -46.0 -163.5 -575.0 140 150 -1
146 -42.5 -148.0 -577.5 141 151 -1
147 -32.5 -165.0 -579.5 142 152 153
148 -32.5 -154.0 -578.5 143 154 -1
149 -31.5 -155.5 -578.5 144 155 -1
150 -46.0 -164.0 -574.5 145 156 -1
151 -43.0 -147.5 -577.0 146 157 -1
152 -32.0 -164.5 -579.5 147 158 -1
153 -32.5 -166.5 -578.0 147 159 -1
154 -32.5 -154.0 -578.0 148 160 -1
155 -31.5 -155.0 -578.0 149 161 -1
156 -46.0 -164.0 -574.0 150 -1 -1
157 -43.0 -147.5 -576.5 151 162 -1
158 -32.0 -164.0 -580.0 152 163 -1
159 -32.0 -166.5 -577.5 153 164 -1
160 -32.0 -154.0 -577.5 154 165 -1
161 -31.5 -155.0 -577.5 155 166 -1
162 -43.0 -147.0 -576.0 157 167 -1
163 -32.0 -163.5 -580.0 158 168 -1
164 -31.5 -166.5 -577.5 159 169 -1
165 -32.0 -154.0 -577.0 160 170 -1
166 -31.0 -155.0 -577.0 161 171 -1
167 -43.5 -147.0 -575.5 162 172 -1
168 -31.5 -163.0 -580.0 163 173 -1
169 -31.0 -167.0 -577.0 164 174 -1
170 -31.5 -154.0 -576.5 165 -1 -1
171 -30.5 -155.5 -576.5 166 -1 -1
172 -43.5 -146.5 -575.0 167 175 -1
173 -31.0 -162.5 -579.5 168 176 -1
174 -30.5 -167.0 -576.5 169 177 -1
175 -44.0 -146.0 -574.5 172 178 -1
176 -30.5 -162.5 -579.5 173 179 -1
177 -30.0 -167.0 -576.5 174 180 -1
178 -44.0 -146.0 -574.0 175 181 -1
179 -30.0 -162.0 -579.0 176 182 -1
180 -29.5 -167.0 -576.0 177 183 -1
181 -44.0 -146.0 -573.5 178 184 -1
182 -30.0 -161.5 -578.5 179 185 -1
183 -29.0 -167.5 -575.5 180 186 -1
184 -44.0 -146.0 -573.0 181 187 -1
185 -29.5 -161.0 -578.0 182 -1 -1
186 -28.5 -167.5 -575.0 183 188 -1
187 -44.0 -146.0 -572.5 184 189 -1
188 -28.0 -167.0 -575.5 186 190 -1
189 -44.0 -146.0 -572.0 187 191 -1
190 -27.5 -167.5 -575.0 188 192 -1
191 -44.5 -146.0 -571.5 189 193 -1
192 -27.0 -167.5 -574.5 190 194 -1
193 -45.0 -145.5 -571.0 191 195 -1
194 -26.5 -167.5 -574.5 192 196 -1
195 -44.5 -145.5 -570.5 193 197 -1
196 -26.0 -167.5 -574.5 194 198 -1
197 -45.0 -145.0 -569.5 195 199 -1
198 -25.5 -167.5 -574.5 196 200 -1
199 -45.5 -144.5 -569.0 197 201 -1
200 -25.0 -168.0 -574.0 198 202 -1
201 -45.5 -144.5 -568.5 199 203 -1
202 -24.5 -168.0 -573.5 200 204 -1
203 -45.5 -144.5 -568.0 201 205 -1
204 -24.0 -168.0 -573.0 202 206 -1
205 -45.5 -144.5 -567.5 203 207 -1
206 -23.5 -168.0 -573.0 204 208 -1
207 -46.0 -144.0 -567.0 205 209 -1
208 -23.0 -168.0 -573.0 206 210 -1
209 -46.5 -144.0 -566.5 207 211 -1
210 -22.5 -167.5 -573.0 208 212 -1
211 -46.5 -144.0 -566.0 209 213 -1
212 -22.0 -167.5 -573.0 210 214 -1
213 -46.5 -144.0 -565.5 211 215 -1
214 -21.5 -168.0 -572.5 212 216 -1
215 -46.5 -144.0 -565.0 213 217 -1
216 -21.0 -168.0 -572.5 214 218 -1
217 -47.0 -144.0 -564.5 215 219 -1
218 -20.5 -168.5 -572.0 216 220 -1
219 -47.0 -144.0 -564.0 217 221 -1
220 -20.0 -168.5 -572.0 218 222 -1
221 -47.5 -144.0 -563.5 219 223 -1
222 -19.5 -168.5 -572.0 220 224 -1
223 -47.5 -144.0 -563.0 221 225 -1
224 -19.0 -169.0 -571.5 222 226 -1
225 -47.5 -144.0 -562.5 223 227 -1
226 -18.5 -169.0 -571.0 224 228 -1
227 -47.5 -144.0 -562.0 225 229 -1
228 -18.0 -169.0 -571.0 226 230 -1
229 -48.0 -144.0 -561.5 227 231 -1
230 -17.5 -169.0 -570.5 228 232 -1
231 -48.0 -144.0 -561.0 229 233 -1
232 -17.0 -169.0 -570.5 230 234 -1
233 -48.0 -144.0 -560.5 231 235 -1
234 -16.5 -169.5 -570.0 232 236 -1
235 -48.0 -144.0 -560.0 233 237 -1
236 -16.0 -169.5 -569.5 234 238 -1
237 -48.5 -143.5 -559.5 235 239 -1
238 -15.5 -169.5 -569.0 236 240 -1
239 -49.0 -143.5 -559.0 237 241 -1
240 -15.0 -170.0 -568.5 238 242 -1
241 -49.5 -143.5 -558.5 239 243 -1
242 -14.5 -170.0 -568.0 240 244 -1
243 -50.0 -143.0 -558.0 241 245 -1
244 -14.0 -170.0 -567.5 242 246 -1
245 -50.5 -143.0 -557.5 243 247 -1
246 -13.5 -169.5 -567.5 244 248 -1
247 -51.0 -142.5 -557.0 245 249 -1
248 -13.0 -169.5 -567.0 246 250 -1
249 -51.5 -143.0 -556.5 247 251 -1
250 -12.5 -170.0 -566.5 248 252 -1
251 -52.0 -143.0 -556.0 249 253 -1
252 -11.5 -169.5 -566.0 250 254 -1
253 -52.5 -143.0 -555.5 251 255 -1
254 -11.0 -169.5 -566.0 252 256 -1
255 -53.0 -143.0 -555.0 253 257 -1
256 -10.5 -169.5 -566.0 254 258 -1
257 -53.5 -143.5 -554.5 255 259 -1
258 -10.0 -169.5 -565.5 256 260 -1
259 -53.5 -143.5 -554.0 257 261 -1
260 -9.5 -169.5 -565.0 258 262 -1
261 -54.0 -143.5 -553.5 259 263 -1
262 -9.0 -169.5 -564.5 260 264 -1
263 -54.5 -143.0 -553.0 261 265 -1
264 -8.5 -169.0 -564.0 262 266 -1
265 -55.5 -143.0 -552.5 263 267 -1
266 -8.0 -169.0 -563.5 264 268 269
267 -56.0 -142.5 -552.0 265 270 -1
268 -7.5 -168.5 -564.0 266 271 -1
269 -7.0 -168.5 -563.0 266 272 -1
270 -56.5 -142.5 -551.5 267 273 -1
271 -7.0 -168.0 -564.5 268 274 -1
272 -6.5 -168.5 -562.5 269 275 -1
273 -56.5 -143.0 -551.0 270 276 -1
274 -7.0 -167.5 -565.0 271 277 -1
275 -6.0 -168.5 -562.0 272 278 -1
276 -57.0 -142.5 -550.5 273 279 -1
277 -6.5 -167.0 -565.5 274 280 -1
278 -5.5 -168.0 -561.5 275 281 -1
279 -57.0 -143.0 -550.0 276 282 -1
280 -6.5 -166.5 -566.0 277 -1 -1
281 -5.0 -167.5 -561.5 278 283 -1
282 -57.5 -143.0 -549.5 279 284 -1
283 -4.5 -167.5 -561.0 281 285 -1
284 -58.0 -142.5 -549.0 282 286 -1
285 -4.0 -167.0 -560.5 283 287 -1
286 -58.5 -142.5 -548.5 284 288 -1
287 -3.5 -166.5 -560.5 285 289 -1
288 -58.5 -143.0 -548.0 286 290 -1
289 -3.0 -166.0 -560.5 287 291 -1
290 -59.0 -143.0 -547.5 288 292 -1
291 -2.5 -166.0 -560.0 289 293 -1
292 -59.0 -143.5 -547.0 290 294 -1
293 -2.0 -165.5 -559.5 291 295 -1
294 -59.5 -143.5 -546.5 292 296 -1
295 -1.5 -165.5 -559.0 293 297 -1
296 -60.0 -143.5 -546.0 294 298 -1
297 -1.0 -165.0 -558.5 295 299 -1
298 -60.0 -144.0 -545.5 296 300 301
299 -0.5 -165.0 -558.0 297 302 -1
300 -59.5 -144.5 -545.0 298 303 -1
301 -63.5 -141.5 -544.0 298 304 -1
302 0.0 -164.5 -557.5 299 305 -1
303 -59.0 -145.0 -545.0 300 306 -1
304 -64.0 -142.0 -543.5 301 307 -1
305 0.5 -164.0 -557.0 302 308 -1
306 -59.0 -145.5 -545.0 303 309 -1
307 -64.5 -142.0 -543.0 304 310 -1
308 1.0 -163.5 -556.5 305 311 -1
309 -58.5 -146.0 -545.0 306 312 -1
310 -65.0 -142.5 -542.5 307 313 -1
311 1.5 -163.5 -556.0 308 314 -1
312 -58.5 -146.5 -544.5 309 315 -1
313 -65.0 -143.0 -542.0 310 316 -1
314 2.0 -163.0 -555.5 311 317 -1
315 -58.5 -147.0 -544.5 312 318 -1
316 -65.5 -143.0 -541.5 313 319 -1
317 2.5 -162.5 -556.0 314 320 -1
318 -58.5 -147.5 -544.5 315 321 -1
319 -66.0 -143.5 -541.0 316 322 -1
320 3.0 -162.0 -555.5 317 323 -1
321 -58.5 -148.0 -544.5 318 324 -1
322 -66.5 -144.0 -540.5 319 325 326
323 3.0 -161.5 -555.0 320 327 -1
324 -58.5 -148.5 -544.5 321 328 -1
325 -67.0 -144.0 -540.5 322 329 -1
326 -66.0 -144.5 -540.5 322 330 -1
327 3.5 -161.0 -555.0 323 331 -1
328 -58.5 -149.0 -544.5 324 332 -1
329 -67.5 -144.5 -540.0 325 333 -1
330 -65.5 -145.0 -540.5 326 334 -1
331 4.0 -160.5 -555.0 327 335 -1
332 -58.5 -149.5 -544.5 328 336 -1
333 -68.0 -144.5 -540.0 329 337 -1
334 -65.0 -145.0 -540.5 330 338 -1
335 4.0 -160.0 -554.5 331 339 -1
336 -59.0 -150.0 -544.5 332 340 -1
337 -68.5 -145.0 -540.0 333 341 -1
338 -64.5 -145.5 -540.5 334 342 -1
339 4.0 -159.5 -554.5 335 343 -1
340 -59.0 -150.5 -544.5 336 -1 -1
341 -69.0 -145.0 -539.5 337 344 -1
342 -64.0 -146.0 -541.0 338 345 -1
343 4.5 -159.0 -554.0 339 346 -1
344 -69.5 -145.0 -539.5 341 347 -1
345 -64.0 -146.5 -541.0 342 -1 -1
346 4.5 -158.5 -553.5 343 348 -1
347 -70.0 -145.5 -539.5 344 349 -1
348 4.5 -158.0 -553.0 346 350 -1
349 -70.5 -145.5 -539.5 347 351 -1
350 5.0 -157.5 -553.0 348 352 -1
351 -71.0 -145.5 -539.5 349 353 -1
352 5.0 -157.0 -552.5 350 354 -1
353 -72.0 -145.5 -539.5 351 355 356
354 5.5 -156.5 -552.5 352 358 -1
355 -72.5 -146.0 -540.0 353 359 -1
356 -72.5 -146.0 -539.0 353 360 -1
357 -71.0 -144.5 -539.5 353 361 -1
358 5.5 -156.0 -552.5 354 362 -1
359 -72.5 -146.0 -540.5 355 363 -1
360 -73.0 -146.0 -538.5 356 364 -1
361 -70.5 -144.5 -539.5 357 365 -1
362 5.5 -155.5 -552.0 358 366 -1
363 -72.5 -146.0 -541.0 359 367 -1
364 -73.0 -146.0 -538.0 360 368 -1
365 -70.0 -144.0 -540.0 361 369 -1
366 6.0 -155.0 -552.0 362 370 -1
367 -72.0 -146.0 -541.5 363 371 -1
368 -73.5 -145.5 -537.5 364 372 -1
369 -69.5 -143.5 -540.0 365 373 -1
370 6.0 -154.5 -551.5 366 374 -1
371 -72.0 -146.0 -542.0 367 375 -1
372 -74.0 -146.0 -537.0 368 376 -1
373 -69.5 -143.0 -540.5 369 377 -1
374 6.5 -154.0 -551.5 370 378 -1
375 -72.0 -146.0 -542.5 371 379 -1
376 -74.5 -146.0 -536.5 372 380 -1
377 -69.5 -142.5 -540.5 373 381 -1
378 6.5 -153.5 -551.0 374 382 -1
379 -72.0 -146.0 -543.0 375 383 -1
380 -74.5 -146.0 -536.0 376 384 -1
381 -69.5 -142.0 -541.0 377 385 -1
382 7.0 -153.0 -551.0 378 386 -1
383 -71.5 -146.5 -543.5 379 387 -1
384 -75.0 -146.0 -535.5 380 388 -1
385 -69.0 -141.5 -541.5 381 389 -1
386 7.0 -152.5 -550.5 382 390 -1
387 -71.5 -146.5 -544.0 383 391 -1
388 -75.0 -146.0 -535.0 384 392 -1
389 -69.0 -141.5 -542.0 385 393 -1
390 7.0 -152.0 -550.0 386 394 -1
391 -71.5 -146.5 -544.5 387 395 -1
392 -75.0 -146.0 -534.5 388 396 -1
393 -69.0 -141.0 -542.5 389 397 -1
394 7.5 -151.5 -550.0 390 398 -1
395 -71.5 -146.5 -545.0 391 399 -1
396 -75.5 -146.0 -534.0 392 400 -1
397 -69.0 -141.0 -543.0 393 401 -1
398 7.0 -151.0 -549.5 394 402 -1
399 -71.5 -146.5 -545.5 395 403 -1
400 -75.0 -146.5 -533.5 396 404 -1
401 -69.0 -141.0 -543.5 397 405 -1
402 7.5 -150.5 -549.5 398 406 -1
403 -71.0 -146.5 -546.0 399 407 -1
404 -75.0 -146.5 -533.0 400 408 -1
405 -69.0 -141.0 -544.0 401 409 -1
406 7.5 -150.0 -549.5 402 410 -1
407 -71.0 -146.5 -546.5 403 411 -1
408 -75.5 -146.0 -532.5 404 412 413
409 -69.0 -141.0 -544.5 405 415 -1
410 7.5 -149.5 -549.5 406 416 -1
411 -71.0 -146.5 -547.0 407 417 -1
412 -76.0 -145.5 -532.0 408 418 -1
413 -75.0 -148.0 -528.5 408 419 -1
414 -74.0 -147.5 -528.5 408 420 -1
415 -69.0 -141.0 -545.0 409 -1 -1
416 8.0 -149.0 -549.5 410 421 -1
417 -71.0 -146.5 -547.5 411 422 -1
418 -76.5 -145.0 -532.0 412 423 -1
419 -74.5 -148.5 -528.0 413 424 -1
420 -74.0 -147.5 -528.0 414 425 -1
421 8.0 -148.5 -549.5 416 426 -1
422 -70.5 -147.0 -548.0 417 427 -1
423 -77.0 -144.5 -532.0 418 428 -1
424 -74.5 -148.5 -527.5 419 429 -1
425 -73.5 -147.0 -527.5 420 430 -1
426 8.0 -148.0 -549.0 421 431 -1
427 -70.5 -147.0 -548.5 422 432 -1
428 -77.5 -144.0 -532.0 423 433 -1
429 -74.5 -149.0 -527.0 424 434 -1
430 -73.0 -146.5 -527.0 425 435 -1
431 8.0 -147.5 -549.0 426 436 -1
432 -70.5 -147.0 -549.0 427 437 -1
433 -78.0 -143.5 -532.0 428 438 -1
434 -75.0 -149.5 -526.5 429 439 -1
435 -73.0 -147.0 -526.5 430 440 -1
436 8.0 -147.0 -549.0 431 441 -1
437 -70.5 -147.0 -549.5 432 442 -1
438 -78.5 -143.5 -531.5 433 443 -1
439 -75.0 -150.0 -526.0 434 444 -1
440 -72.5 -146.5 -526.0 435 445 -1
441 8.0 -146.5 -549.0 436 446 -1
442 -70.0 -147.5 -550.0 437 447 -1
443 -79.0 -143.0 -531.0 438 448 -1
444 -75.5 -150.5 -525.5 439 449 -1
445 -72.5 -146.5 -525.5 440 450 -1
446 8.0 -146.0 -549.0 441 451 -1
447 -70.0 -148.0 -550.5 442 452 -1
448 -79.5 -142.5 -531.5 443 453 -1
449 -75.5 -151.0 -525.0 444 454 -1
450 -72.5 -146.5 -525.0 445 455 -1
451 8.0 -145.5 -549.0 446 456 -1
452 -70.0 -148.5 -551.0 447 457 -1
453 -80.0 -142.0 -531.5 448 458 -1
454 -75.5 -151.5 -524.5 449 459 -1
455 -72.5 -146.5 -524.5 450 460 -1
456 8.0 -145.0 -549.0 451 461 -1
457 -69.5 -149.0 -551.5 452 462 -1
458 -80.5 -141.5 -531.5 453 463 -1
459 -75.5 -152.0 -524.0 454 464 -1
460 -72.0 -146.5 -524.0 455 465 -1
461 8.0 -144.5 -549.5 456 466 -1
462 -69.0 -149.5 -552.0 457 467 -1
463 -80.5 -141.0 -531.0 458 468 -1
464 -75.5 -152.5 -523.5 459 469 -1
465 -72.5 -146.5 -523.5 460 470 -1
466 8.0 -144.0 -549.5 461 471 -1
467 -69.0 -150.0 -552.0 462 472 -1
468 -81.0 -140.5 -531.5 463 473 -1
469 -75.5 -153.0 -523.0 464 474 -1
470 -72.0 -146.0 -523.0 465 475 -1
471 8.0 -143.5 -549.5 466 476 -1
472 -68.5 -150.5 -552.5 467 477 -1
473 -81.5 -140.5 -531.0 468 478 -1
474 -76.0 -153.5 -523.0 469 479 -1
475 -71.5 -146.0 -522.5 470 480 -1
476 8.0 -143.0 -549.5 471 481 -1
477 -68.5 -151.0 -552.5 472 482 483
478 -82.0 -140.5 -531.0 473 484 -1
479 -76.0 -154.0 -522.5 474 485 -1
480 -71.0 -145.5 -522.0 475 486 -1
481 8.0 -142.5 -549.5 476 487 -1
482 -68.0 -151.5 -552.5 477 488 -1
483 -68.0 -151.0 -553.5 477 489 -1
484 -82.5 -140.5 -530.5 478 490 -1
485 -75.5 -154.0 -522.0 479 491 -1
486 -71.0 -145.0 -521.5 480 492 -1
487 7.5 -142.0 -549.5 481 493 -1
488 -67.5 -152.0 -552.5 482 494 -1
489 -68.0 -151.0 -554.0 483 495 -1
490 -83.0 -140.0 -530.5 484 496 -1
491 -75.5 -154.5 -521.5 485 497 -1
492 -70.5 -144.5 -521.0 486 498 -1
493 8.0 -141.5 -549.5 487 499 -1
494 -67.0 -152.5 -552.5 488 500 -1
495 -67.5 -151.5 -554.5 489 501 -1
496 -83.5 -139.5 -530.5 490 502 -1
497 -75.5 -155.0 -521.0 491 503 -1
498 -70.0 -144.5 -520.5 492 504 -1
499 8.0 -141.0 -550.0 493 505 -1
500 -67.0 -153.0 -553.0 494 506 -1
501 -67.5 -152.0 -555.0 495 507 -1
502 -84.0 -139.5 -530.5 496 508 -1
503 -75.5 -155.5 -521.0 497 509 -1
504 -70.0 -144.0 -520.0 498 510 -1
505 8.0 -140.5 -550.0 499 511 -1
506 -66.5 -153.5 -553.5 500 -1 -1
507 -67.0 -152.5 -555.5 501 512 -1
508 -84.5 -139.0 -530.5 502 513 -1
509 -75.5 -156.0 -520.5 503 514 -1
510 -69.5 -144.0 -519.5 504 515 -1
511 8.0 -140.0 -550.0 505 516 -1
512 -66.5 -153.0 -556.0 507 517 -1
513 -85.0 -139.0 -530.5 508 518 -1
514 -75.5 -156.5 -520.0 509 519 -1
515 -69.0 -144.0 -519.0 510 520 -1
516 8.0 -139.5 -550.0 511 521 -1
517 -66.0 -153.0 -556.5 512 522 -1
518 -85.5 -139.0 -530.5 513 523 -1
519 -75.5 -157.0 -520.0 514 524 -1
520 -68.5 -144.0 -518.5 515 525 -1
521 8.0 -139.0 -550.5 516 526 -1
522 -65.5 -153.5 -556.5 517 527 -1
523 -86.0 -138.5 -530.5 518 528 -1
524 -75.0 -157.5 -519.5 519 529 -1
525 -68.5 -143.5 -518.0 520 530 -1
526 8.0 -138.5 -550.5 521 531 -1
527 -65.0 -154.0 -557.0 522 532 -1
528 -86.5 -138.0 -530.5 523 533 -1
529 -75.0 -158.0 -519.5 524 534 -1
530 -68.0 -143.0 -517.5 525 535 -1
531 8.0 -138.0 -551.0 526 536 -1
532 -64.5 -154.5 -557.5 527 537 -1
533 -87.0 -138.0 -530.5 528 538 -1
534 -75.0 -158.5 -519.0 529 539 -1
535 -67.5 -143.0 -517.0 530 540 -1
536 8.0 -137.5 -551.0 531 541 -1
537 -64.0 -155.0 -557.5 532 542 -1
538 -87.5 -137.5 -530.0 533 543 -1
539 -75.0 -158.5 -518.5 534 544 -1
540 -67.5 -142.5 -516.5 535 545 -1
541 8.0 -137.0 -551.5 536 546 -1
542 -63.5 -155.5 -557.5 537 -1 -1
543 -88.0 -137.0 -530.0 538 547 -1
544 -74.5 -159.0 -518.0 539 548 -1
545 -67.5 -142.0 -516.0 540 549 -1
546 8.0 -136.5 -552.0 541 550 -1
547 -88.5 -136.5 -529.5 543 551 -1
548 -75.0 -159.5 -518.0 544 552 -1
549 -67.0 -142.0 -515.5 545 553 -1
550 8.0 -136.0 -552.5 546 554 -1
551 -89.0 -136.0 -529.5 547 555 -1
552 -74.5 -160.0 -517.5 548 556 -1
553 -66.5 -141.5 -515.0 549 557 -1
554 8.0 -135.5 -553.0 550 558 -1
555 -89.5 -135.5 -530.0 551 559 -1
556 -74.5 -160.5 -517.0 552 560 -1
557 -66.0 -141.0 -514.5 553 561 -1
558 7.5 -135.0 -553.5 554 562 -1
559 -90.0 -135.0 -530.0 555 563 -1
560 -74.0 -161.0 -516.5 556 564 -1
561 -65.5 -141.0 -514.0 557 565 -1
562 7.5 -134.5 -554.0 558 566 -1
563 -90.5 -134.5 -530.0 559 567 -1
564 -74.5 -161.5 -516.5 560 568 -1
565 -65.5 -140.5 -513.5 561 569 -1
566 7.5 -134.5 -554.5 562 570 -1
567 -91.0 -134.0 -529.5 563 571 -1
568 -74.0 -162.0 -516.0 564 572 -1
569 -65.0 -140.0 -513.0 565 573 -1
570 7.5 -134.0 -555.0 566 574 -1
571 -91.5 -133.5 -530.0 567 575 -1
572 -74.0 -162.5 -515.5 568 576 -1
573 -64.5 -139.5 -512.5 569 577 -1
574 8.0 -134.0 -555.5 570 578 -1
575 -91.5 -133.0 -530.0 571 579 -1
576 -74.0 -163.0 -515.0 572 580 -1
577 -64.0 -139.5 -512.0 573 581 -1
578 7.5 -133.5 -556.0 574 582 -1
579 -92.0 -132.5 -530.0 575 583 -1
580 -73.5 -163.5 -514.5 576 584 -1
581 -63.5 -139.0 -511.5 577 585 -1
582 7.5 -133.5 -556.5 578 586 -1
583 -92.5 -132.0 -530.0 579 587 -1
584 -74.0 -164.0 -514.5 580 588 -1
585 -63.5 -138.5 -511.0 581 589 -1
586 7.5 -133.0 -557.0 582 590 -1
587 -93.0 -132.0 -530.0 583 591 -1
588 -73.5 -164.5 -514.0 584 592 -1
589 -63.0 -138.0 -510.5 585 593 -1
590 8.0 -133.0 -557.5 586 594 -1
591 -93.5 -131.5 -530.0 587 595 -1
592 -73.5 -165.0 -514.0 588 596 -1
593 -62.5 -138.0 -510.0 589 597 -1
594 8.0 -132.5 -558.0 590 598 -1
595 -94.0 -131.5 -529.5 591 599 -1
596 -73.0 -165.5 -513.5 592 600 -1
597 -62.0 -137.5 -509.5 593 601 -1
598 8.0 -132.5 -558.5 594 602 -1
599 -94.5 -131.0 -529.5 595 603 -1
600 -73.0 -166.0 -513.5 596 604 -1
601 -61.5 -137.0 -509.0 597 605 -1
602 8.0 -132.5 -559.0 598 606 -1
603 -94.5 -130.5 -530.0 599 607 -1
604 -73.0 -166.5 -513.0 600 608 -1
605 -61.0 -137.0 -508.5 601 609 -1
606 8.0 -132.5 -559.5 602 610 -1
607 -94.5 -130.0 -530.0 603 -1 -1
608 -73.0 -167.0 -512.5 604 611 -1
609 -60.5 -136.5 -508.0 605 612 -1
610 8.0 -132.5 -560.0 606 613 -1
611 -72.5 -167.5 -512.0 608 614 -1
612 -60.0 -136.0 -507.5 609 615 -1
613 8.0 -132.5 -560.5 610 616 -1
614 -73.0 -168.0 -512.0 611 617 -1
615 -60.0 -135.5 -507.0 612 618 -1
616 8.0 -132.5 -561.0 613 619 -1
617 -72.5 -168.5 -511.5 614 620 -1
618 -59.5 -135.0 -506.5 615 621 -1
619 8.0 -132.5 -561.5 616 622 -1
620 -72.5 -169.0 -511.0 617 623 -1
621 -59.0 -135.5 -506.5 618 624 -1
622 8.0 -132.5 -562.0 619 625 -1
623 -72.5 -169.5 -511.0 620 626 -1
624 -58.5 -135.0 -506.0 621 627 -1
625 8.0 -132.5 -562.5 622 628 -1
626 -72.5 -170.0 -510.5 623 629 -1
627 -58.0 -134.5 -505.5 624 630 -1
628 8.0 -132.5 -563.0 625 631 -1
629 -72.5 -170.5 -510.5 626 632 -1
630 -58.0 -134.0 -505.0 627 633 -1
631 8.0 -132.5 -563.5 628 634 -1
632 -72.5 -171.0 -510.5 629 635 -1
633 -57.5 -134.0 -504.5 630 636 -1
634 8.0 -132.5 -564.0 631 637 -1
635 -72.5 -171.5 -510.0 632 638 -1
636 -57.0 -133.5 -504.0 633 639 -1
637 8.0 -132.5 -564.5 634 640 -1
638 -72.5 -172.0 -510.0 635 641 -1
639 -56.5 -133.0 -503.5 636 642 -1
640 8.5 -132.0 -565.0 637 643 -1
641 -72.5 -172.5 -509.5 638 644 -1
642 -56.0 -133.0 -503.0 639 645 -1
643 8.5 -132.0 -565.5 640 646 -1
644 -72.5 -173.0 -509.5 641 647 -1
645 -55.5 -132.5 -502.5 642 648 -1
646 8.5 -132.5 -566.0 643 649 -1
647 -72.0 -173.5 -509.0 644 -1 -1
648 -55.0 -132.5 -502.0 645 650 -1
649 8.5 -132.5 -566.5 646 651 -1
650 -54.5 -132.5 -501.5 648 652 -1
651 8.5 -132.5 -567.0 649 653 -1
652 -54.0 -132.0 -501.0 650 654 -1
653 8.5 -133.0 -567.5 651 655 -1
654 -53.5 -132.0 -500.5 652 656 -1
655 9.0 -132.5 -568.0 653 657 -1
656 -53.0 -132.0 -500.0 654 658 -1
657 8.5 -133.0 -568.5 655 659 -1
658 -52.5 -132.0 -499.5 656 660 -1
659 9.0 -133.0 -569.0 657 661 -1
660 -52.0 -132.0 -499.5 658 662 -1
661 9.0 -133.0 -569.5 659 663 -1
662 -51.5 -132.0 -499.0 660 664 -1
663 9.0 -133.0 -570.0 661 665 -1
664 -51.0 -131.5 -498.5 662 666 -1
665 9.0 -133.5 -570.5 663 667 -1
666 -50.5 -131.5 -498.0 664 668 -1
667 9.0 -134.0 -571.0 665 669 -1
668 -50.0 -131.5 -497.5 666 670 -1
669 9.5 -134.0 -571.5 667 671 -1
670 -49.5 -131.5 -497.0 668 672 -1
671 10.0 -134.0 -572.0 669 673 -1
672 -49.0 -131.5 -497.0 670 674 -1
673 10.0 -134.5 -572.5 671 675 -1
674 -48.5 -131.5 -496.5 672 676 -1
675 10.5 -135.0 -573.0 673 677 -1
676 -48.0 -131.5 -496.5 674 678 -1
677 10.5 -135.5 -573.5 675 679 -1
678 -47.5 -132.0 -496.5 676 680 -1
679 11.0 -136.0 -574.0 677 681 -1
680 -47.0 -132.0 -496.5 678 682 -1
681 11.5 -136.5 -574.5 679 683 -1
682 -46.5 -132.0 -496.5 680 684 -1
683 11.5 -137.0 -574.5 681 685 -1
684 -46.0 -132.0 -497.0 682 686 -1
685 12.0 -137.5 -574.5 683 687 -1
686 -45.5 -132.0 -497.0 684 688 689
687 12.0 -138.0 -574.5 685 691 -1
688 -45.0 -131.5 -497.0 686 692 -1
689 -42.5 -134.0 -497.0 686 693 -1
690 -42.5 -133.0 -497.0 686 694 -1
691 12.5 -138.5 -575.0 687 695 -1
692 -45.0 -131.0 -497.0 688 696 -1
693 -42.0 -134.5 -496.5 689 697 -1
694 -42.0 -132.5 -496.5 690 698 -1
695 13.0 -138.5 -575.5 691 699 -1
696 -45.0 -130.5 -496.5 692 700 -1
697 -41.0 -135.5 -495.5 693 701 -1
698 -41.5 -132.0 -496.0 694 702 -1
699 13.5 -139.0 -575.5 695 703 -1
700 -44.5 -130.0 -496.0 696 704 -1
701 -40.5 -136.0 -495.0 697 705 -1
702 -41.5 -131.5 -495.5 698 706 -1
703 14.0 -139.5 -576.0 699 707 -1
704 -44.5 -130.0 -495.5 700 -1 -1
705 -40.0 -136.0 -494.5 701 708 -1
706 -41.5 -131.5 -495.0 702 -1 -1
707 14.5 -139.5 -576.5 703 709 -1
708 -39.5 -136.5 -494.0 705 710 -1
709 15.0 -140.0 -576.5 707 711 -1
710 -39.0 -137.0 -494.0 708 712 -1
711 15.5 -140.5 -576.5 709 713 -1
712 -38.5 -137.5 -493.5 710 714 -1
713 16.0 -140.5 -577.0 711 715 -1
714 -38.0 -137.5 -493.5 712 716 -1
715 16.5 -141.0 -577.0 713 717 -1
716 -37.5 -138.0 -493.0 714 718 -1
717 17.0 -141.5 -577.0 715 719 -1
718 -37.0 -138.0 -493.0 716 720 -1
719 17.5 -142.0 -577.0 717 721 -1
720 -36.5 -138.0 -492.5 718 722 -1
721 18.0 -142.5 -577.0 719 723 -1
722 -36.0 -138.0 -492.0 720 724 -1
723 18.5 -142.5 -577.0 721 725 -1
724 -35.5 -138.0 -491.5 722 726 -1
725 19.0 -143.0 -577.0 723 727 -1
726 -35.0 -138.5 -491.0 724 728 -1
727 19.5 -143.0 -577.0 725 729 -1
728 -35.0 -139.0 -491.0 726 730 -1
729 20.0 -143.0 -577.5 727 731 -1
730 -35.0 -139.5 -491.0 728 732 -1
731 20.5 -143.0 -577.5 729 733 -1
732 -34.5 -140.0 -490.5 730 734 -1
733 21.0 -143.5 -577.0 731 735 -1
734 -34.0 -140.5 -490.0 732 736 -1
735 21.5 -143.5 -577.0 733 737 -1
736 -33.5 -140.5 -489.5 734 738 -1
737 22.0 -143.5 -577.0 735 739 -1
738 -33.5 -141.0 -489.0 736 740 -1
739 22.5 -144.0 -576.5 737 741 -1
740 -33.0 -141.0 -488.5 738 742 -1
741 23.0 -144.0 -576.5 739 743 -1
742 -32.5 -141.0 -488.0 740 744 -1
743 23.5 -144.0 -576.5 741 745 -1
744 -32.5 -141.0 -487.5 742 746 -1
745 24.0 -144.0 -576.5 743 747 -1
746 -32.5 -141.5 -487.0 744 748 -1
747 24.5 -144.5 -576.0 745 749 -1
748 -32.0 -141.5 -486.5 746 750 -1
749 25.0 -144.5 -576.0 747 751 -1
750 -32.0 -141.5 -486.0 748 752 -1
751 25.5 -144.5 -576.0 749 753 -1
752 -32.0 -141.5 -485.5 750 754 -1
753 26.0 -145.0 -575.5 751 755 -1
754 -32.5 -142.0 -485.0 752 756 -1
755 26.5 -145.5 -575.0 753 757 -1
756 -32.5 -141.5 -484.5 754 758 -1
757 27.0 -146.0 -574.5 755 759 -1
758 -33.0 -141.5 -484.0 756 760 -1
759 27.5 -146.0 -574.0 757 761 -1
760 -33.0 -141.0 -483.5 758 -1 -1
761 28.0 -146.0 -574.0 759 762 -1
762 28.5 -146.0 -573.5 761 763 -1
763 29.0 -146.0 -573.0 762 764 -1
764 29.5 -146.0 -572.5 763 765 -1
765 30.0 -145.5 -572.5 764 766 -1
766 30.5 -145.5 -572.0 765 767 -1
767 30.5 -145.0 -571.5 766 768 -1
768 31.0 -144.5 -571.0 767 769 -1
769 31.0 -144.0 -570.5 768 770 -1
770 31.0 -144.0 -570.0 769 771 -1
771 31.0 -143.5 -569.5 770 772 -1
772 31.0 -143.5 -569.0 771 773 -1
773 31.5 -143.0 -568.5 772 774 -1
774 32.0 -142.5 -568.0 773 775 -1
775 32.0 -142.5 -567.5 774 776 -1
776 32.0 -142.0 -567.0 775 777 -1
777 32.0 -142.0 -566.5 776 778 -1
778 32.0 -141.5 -566.0 777 779 -1
779 32.0 -141.0 -565.5 778 780 -1
780 32.5 -140.5 -565.0 779 781 -1
781 32.5 -140.0 -565.0 780 782 -1
782 32.5 -139.5 -564.5 781 783 -1
783 32.5 -139.0 -564.0 782 784 -1
784 32.0 -138.5 -563.5 783 -1 -1
