0 -51.0 -7.0 -142.0 -1 1 -1
1 -51.0 -7.5 -142.5 0 2 -1
2 -51.0 -8.0 -143.0 1 3 -1
3 -51.0 -8.5 -143.5 2 4 -1
4 -51.0 -9.0 -144.0 3 5 -1
5 -51.0 -9.5 -144.5 4 6 -1
6 -51.0 -10.0 -145.0 5 7 -1
7 -51.0 -10.0 -145.5 6 8 -1
8 -51.0 -10.5 -146.0 7 9 -1
9 -51.0 -11.0 -146.5 8 10 -1
10 -51.0 -11.5 -147.0 9 11 -1
11 -51.0 -12.0 -147.5 10 12 -1
12 -50.5 -12.5 -148.0 11 13 -1
13 -50.5 -13.0 -148.5 12 14 -1
14 -50.5 -13.0 -149.0 13 15 -1
15 -50.5 -13.5 -149.5 14 16 -1
16 -50.5 -14.0 -150.0 15 17 -1
17 -50.5 -14.0 -150.5 16 18 -1
18 -50.5 -14.5 -151.0 17 19 -1
19 -51.0 -15.0 -151.5 18 20 -1
20 -50.5 -15.0 -152.0 19 21 -1
21 -50.5 -15.5 -152.5 20 22 -1
22 -50.5 -16.0 -153.0 21 23 -1
23 -50.0 -16.0 -153.5 22 24 -1
24 -50.0 -16.5 -154.0 23 25 -1
25 -49.5 -16.5 -154.5 24 26 -1
26 -49.5 -17.0 -155.0 25 27 -1
27 -49.5 -17.5 -155.5 26 28 -1
28 -49.5 -18.0 -156.0 27 29 -1
29 -49.0 -18.0 -156.5 28 30 -1
30 -49.5 -18.5 -157.0 29 31 -1
31 -49.5 -19.0 -157.5 30 32 -1
32 -49.5 -19.0 -158.0 31 33 -1
33 -49.5 -19.5 -158.5 32 34 -1
34 -49.5 -20.0 -159.0 33 35 -1
35 -49.5 -20.5 -159.5 34 36 -1
36 -49.5 -21.0 -160.0 35 37 -1
37 -49.5 -21.0 -160.5 36 38 -1
38 -49.0 -21.5 -161.0 37 39 -1
39 -49.0 -22.0 -161.5 38 40 -1
40 -49.0 -22.0 -162.0 39 41 -1
41 -48.5 -22.5 -162.5 40 42 -1
42 -48.5 -23.0 -163.0 41 43 -1
43 -48.5 -23.5 -163.5 42 44 -1
44 -48.5 -23.5 -164.0 43 45 -1
45 -48.5 -24.0 -164.5 44 46 -1
46 -48.5 -24.0 -165.0 45 47 -1
47 -48.5 -24.5 -165.5 46 48 -1
48 -48.0 -24.5 -166.0 47 49 -1
49 -48.0 -25.0 -166.5 48 50 -1
50 -48.0 -25.0 -167.0 49 51 -1
51 -48.0 -25.5 -167.5 50 52 -1
52 -48.0 -26.0 -168.0 51 53 -1
53 -48.0 -26.0 -168.5 52 54 -1
54 -47.5 -26.0 -169.0 53 55 -1
55 -47.0 -26.5 -169.5 54 56 -1
56 -47.0 -27.0 -170.0 55 57 -1
57 -47.0 -27.5 -170.5 56 58 -1
58 -47.0 -28.0 -171.0 57 59 -1
59 -46.5 -28.5 -171.5 58 60 -1
60 -46.0 -29.0 -172.0 59 61 -1
61 -46.5 -29.5 -172.5 60 62 63
62 -47.0 -29.5 -172.0 61 65 -1
63 -44.0 -30.5 -174.0 61 66 -1
64 -43.5 -30.0 -175.0 61 67 -1
65 -47.5 -30.0 -172.0 62 68 -1
66 -44.0 -30.5 -173.5 63 69 -1
67 -43.5 -29.5 -175.5 64 70 -1
68 -48.0 -30.0 -172.0 65 71 -1
69 -43.5 -31.0 -173.0 66 72 -1
70 -43.5 -29.5 -176.0 67 73 -1
71 -48.5 -30.0 -171.5 68 74 -1
72 -43.5 -31.0 -172.5 69 75 -1
73 -43.0 -30.0 -176.5 70 76 -1
74 -49.0 -30.0 -171.5 71 77 -1
75 -43.5 -31.5 -172.0 72 78 -1
76 -43.0 -29.5 -177.0 73 79 -1
77 -49.5 -30.5 -171.5 74 80 -1
78 -43.0 -31.5 -171.5 75 81 -1
79 -43.0 -29.5 -177.5 76 82 -1
80 -50.0 -30.5 -171.5 77 83 -1
81 -42.5 -32.0 -171.0 78 84 -1
82 -43.0 -29.5 -178.0 79 85 -1
83 -50.5 -30.5 -171.5 80 86 -1
84 -42.0 -32.5 -170.5 81 87 -1
85 -43.0 -30.0 -178.5 82 88 -1
86 -51.0 -30.5 -171.5 83 89 -1
87 -41.5 -33.0 -170.0 84 90 -1
88 -42.5 -29.5 -179.0 85 91 -1
89 -51.5 -30.5 -171.5 86 92 -1
90 -41.0 -33.5 -169.5 87 93 -1
91 -42.0 -29.5 -179.5 88 94 -1
92 -52.0 -30.5 -171.0 89 95 -1
93 -41.0 -34.0 -169.5 90 96 -1
94 -42.0 -29.5 -180.0 91 97 -1
95 -52.5 -31.0 -171.5 92 98 -1
96 -41.0 -34.5 -169.0 93 99 -1
97 -41.5 -29.5 -180.5 94 100 -1
98 -53.0 -31.5 -171.5 95 101 -1
99 -40.5 -34.5 -168.5 96 102 -1
100 -41.5 -29.5 -181.0 97 103 -1
101 -53.5 -31.5 -171.5 98 104 -1
102 -40.5 -35.0 -168.0 99 105 -1
103 -41.0 -29.5 -181.5 100 106 -1
104 -54.0 -31.5 -171.5 101 107 -1
105 -40.0 -35.5 -167.5 102 108 -1
106 -41.0 -30.0 -182.0 103 109 -1
107 -54.5 -32.0 -172.0 104 110 -1
108 -40.0 -36.0 -167.0 105 111 -1
109 -40.5 -29.5 -182.5 106 112 -1
110 -55.0 -32.0 -171.5 107 113 -1
111 -39.5 -36.0 -166.5 108 114 -1
112 -40.0 -29.5 -183.0 109 115 -1
113 -55.5 -32.0 -171.5 110 116 -1
114 -39.5 -36.5 -166.0 111 117 -1
115 -40.0 -30.0 -183.5 112 118 -1
116 -56.0 -32.0 -171.5 113 119 -1
117 -39.0 -37.0 -165.5 114 120 -1
118 -39.5 -30.0 -184.0 115 121 -1
119 -56.5 -32.5 -171.5 116 122 -1
120 -38.5 -37.5 -165.0 117 123 -1
121 -39.0 -30.0 -184.5 118 124 -1
122 -57.0 -32.5 -171.5 119 125 -1
123 -38.5 -38.0 -164.5 120 126 -1
124 -39.0 -30.0 -185.0 121 127 -1
125 -57.5 -33.0 -172.0 122 128 -1
126 -38.0 -38.5 -164.5 123 129 -1
127 -38.5 -30.5 -185.5 124 130 -1
128 -58.0 -33.0 -172.0 125 131 -1
129 -38.0 -39.0 -164.0 126 132 -1
130 -38.5 -30.5 -186.0 127 133 -1
131 -58.5 -33.0 -172.0 128 134 -1
132 -38.0 -39.5 -164.0 129 -1 -1
133 -38.0 -30.5 -186.5 130 135 -1
134 -59.0 -33.0 -172.0 131 136 -1
135 -38.5 -31.0 -187.0 133 137 -1
136 -59.5 -33.0 -172.5 134 138 -1
137 -38.0 -31.0 -187.5 135 139 -1
138 -60.0 -33.0 -172.5 136 140 -1
139 -37.5 -31.0 -188.0 137 141 -1
140 -60.5 -33.0 -172.5 138 142 -1
141 -37.0 -31.0 -188.5 139 143 -1
142 -61.0 -32.5 -172.5 140 144 -1
143 -37.0 -31.0 -189.0 141 145 -1
144 -61.5 -33.0 -173.0 142 146 -1
145 -37.0 -31.5 -189.5 143 147 -1
146 -62.0 -32.5 -173.0 144 -1 -1
147 -37.0 -31.5 -190.0 145 148 -1
148 -37.0 -32.0 -190.5 147 149 -1
149 -36.5 -32.0 -191.0 148 150 -1
150 -36.5 -32.5 -191.5 149 151 -1
151 -36.5 -32.5 -192.0 150 152 -1
152 -36.5 -33.0 -192.5 151 153 -1
153 -36.5 -33.0 -193.0 152 154 -1
154 -36.0 -33.0 -193.5 153 155 -1
155 -36.0 -33.0 -194.0 154 156 -1
156 -36.0 -33.5 -194.5 155 157 -1
157 -35.5 -33.5 -195.0 156 158 -1
158 -35.0 -33.5 -195.5 157 159 -1
159 -35.0 -34.0 -196.0 158 160 -1
160 -34.5 -34.0 -196.5 159 161 -1
161 -35.0 -34.5 -197.0 160 162 -1
162 -34.5 -34.5 -197.5 161 163 -1
163 -34.5 -34.5 -198.0 162 164 -1
164 -34.0 -34.5 -198.5 163 165 -1
165 -34.5 -35.0 -199.0 164 166 -1
166 -34.0 -35.0 -199.5 165 167 -1
167 -34.5 -35.5 -200.0 166 168 -1
168 -34.5 -36.0 -200.5 167 169 -1
169 -34.5 -36.0 -201.0 168 170 -1
170 -34.5 -36.0 -201.5 169 171 -1
171 -34.5 -36.5 -202.0 170 172 -1
172 -34.0 -36.0 -202.5 171 173 -1
173 -34.0 -36.0 -203.0 172 174 -1
174 -34.0 -36.0 -203.5 173 175 -1
175 -34.5 -36.5 -204.0 174 176 -1
176 -34.5 -36.5 -204.5 175 177 -1
177 -34.5 -36.5 -205.0 176 178 -1
178 -34.5 -36.5 -205.5 177 179 -1
179 -34.5 -37.0 -206.0 178 180 -1
180 -34.5 -37.0 -206.5 179 181 -1
181 -34.5 -37.0 -207.0 180 182 -1
182 -35.0 -37.5 -207.5 181 183 -1
183 -34.5 -37.5 -208.0 182 184 -1
184 -34.5 -37.5 -208.5 183 185 -1
185 -34.5 -37.5 -209.0 184 186 -1
186 -35.0 -38.0 -209.5 185 187 -1
187 -34.5 -37.5 -210.0 186 188 -1
188 -34.5 -37.5 -210.5 187 189 -1
189 -34.5 -37.5 -211.0 188 190 -1
190 -34.5 -37.5 -211.5 189 191 -1
191 -35.0 -37.5 -212.0 190 192 -1
192 -35.0 -37.5 -212.5 191 193 -1
193 -35.5 -38.0 -213.0 192 194 -1
194 -36.0 -38.5 -213.5 193 195 -1
195 -36.0 -38.5 -214.0 194 196 -1
196 -36.0 -38.0 -214.5 195 197 -1
197 -36.5 -38.5 -215.0 196 198 -1
198 -36.5 -38.5 -215.5 197 199 -1
199 -37.0 -39.0 -216.0 198 200 -1
200 -37.0 -39.5 -216.5 199 201 -1
201 -37.0 -39.5 -217.0 200 202 -1
202 -37.0 -39.5 -217.5 201 203 -1
203 -37.0 -39.5 -218.0 202 204 -1
204 -37.0 -39.5 -218.5 203 205 -1
205 -37.0 -39.5 -219.0 204 206 -1
206 -37.0 -39.5 -219.5 205 207 -1
207 -37.5 -40.0 -220.0 206 208 -1
208 -37.5 -40.0 -220.5 207 209 -1
209 -37.5 -40.0 -221.0 208 210 -1
210 -37.5 -40.0 -221.5 209 211 -1
211 -37.5 -40.0 -222.0 210 212 -1
212 -38.0 -40.5 -222.5 211 213 -1
213 -37.5 -40.0 -223.0 212 214 -1
214 -37.5 -40.0 -223.5 213 215 -1
215 -37.0 -40.0 -224.0 214 216 -1
216 -37.0 -40.0 -224.5 215 217 -1
217 -37.5 -40.5 -225.0 216 218 -1
218 -37.0 -40.0 -225.5 217 219 -1
219 -37.5 -40.5 -226.0 218 220 -1
220 -37.5 -40.5 -226.5 219 221 -1
221 -37.0 -40.5 -227.0 220 222 -1
222 -37.0 -40.5 -227.5 221 223 -1
223 -36.5 -40.0 -228.0 222 224 225
224 -36.0 -39.5 -228.0 223 226 -1
225 -36.5 -41.5 -231.5 223 227 -1
226 -35.5 -39.0 -227.5 224 228 -1
227 -36.5 -41.5 -232.0 225 229 -1
228 -35.0 -38.5 -227.0 226 230 -1
229 -36.0 -41.5 -232.5 227 231 -1
230 -34.5 -38.0 -227.0 228 -1 -1
231 -36.0 -41.5 -233.0 229 232 -1
232 -36.0 -42.0 -233.5 231 233 -1
233 -35.5 -42.0 -234.0 232 234 -1
234 -35.5 -42.0 -234.5 233 235 -1
235 -35.5 -42.5 -235.0 234 236 -1
236 -35.0 -42.5 -235.5 235 237 -1
237 -35.0 -43.0 -236.0 236 238 -1
238 -34.5 -43.5 -236.5 237 239 -1
239 -34.5 -43.5 -237.0 238 240 -1
240 -34.0 -44.0 -237.5 239 241 242
241 -33.5 -44.0 -238.0 240 243 -1
242 -33.0 -45.0 -237.5 240 244 -1
243 -33.5 -44.0 -238.5 241 245 -1
244 -32.5 -45.0 -237.5 242 246 -1
245 -34.0 -43.5 -239.0 243 247 -1
246 -32.0 -45.5 -237.5 244 248 -1
247 -33.5 -43.5 -239.5 245 249 -1
248 -31.5 -46.0 -237.5 246 250 -1
249 -33.5 -43.5 -240.0 247 251 -1
250 -31.0 -46.5 -237.5 248 252 -1
251 -33.5 -43.5 -240.5 249 253 -1
252 -30.5 -47.0 -237.5 250 254 -1
253 -34.0 -43.0 -241.0 251 255 -1
254 -30.0 -47.0 -238.0 252 256 -1
255 -34.0 -43.0 -241.5 253 257 -1
256 -29.5 -47.5 -238.0 254 258 -1
257 -33.5 -43.0 -242.0 255 259 -1
258 -29.0 -48.0 -237.5 256 260 -1
259 -33.5 -43.0 -242.5 257 261 -1
260 -28.5 -48.5 -237.5 258 262 -1
261 -33.5 -42.5 -243.0 259 263 -1
262 -28.0 -48.5 -237.5 260 264 -1
263 -33.5 -42.5 -243.5 261 265 -1
264 -27.5 -48.5 -237.5 262 266 -1
265 -33.5 -42.5 -244.0 263 267 -1
266 -27.0 -48.5 -237.5 264 268 -1
267 -33.5 -42.5 -244.5 265 269 -1
268 -26.5 -49.0 -237.0 266 270 -1
269 -33.5 -42.5 -245.0 267 271 -1
270 -26.0 -48.5 -237.0 268 272 -1
271 -33.0 -42.5 -245.5 269 273 -1
272 -25.5 -48.5 -237.0 270 274 -1
273 -33.0 -42.5 -246.0 271 275 -1
274 -25.0 -49.0 -236.5 272 276 -1
275 -33.0 -42.5 -246.5 273 277 -1
276 -24.5 -49.0 -236.5 274 278 -1
277 -33.0 -42.0 -247.0 275 279 -1
278 -24.0 -49.0 -236.5 276 280 -1
279 -33.0 -42.0 -247.5 277 281 -1
280 -23.5 -49.0 -236.0 278 282 -1
281 -33.0 -42.0 -248.0 279 283 -1
282 -23.0 -49.0 -236.0 280 284 -1
283 -33.0 -42.0 -248.5 281 285 -1
284 -22.5 -49.0 -236.0 282 286 -1
285 -33.0 -42.0 -249.0 283 287 -1
286 -22.0 -49.0 -236.0 284 288 -1
287 -32.5 -42.5 -249.5 285 289 -1
288 -21.5 -49.0 -235.5 286 290 -1
289 -32.5 -42.5 -250.0 287 291 -1
290 -21.0 -49.0 -235.5 288 292 -1
291 -33.0 -42.0 -250.5 289 293 -1
292 -20.5 -49.0 -235.0 290 294 -1
293 -32.5 -42.5 -251.0 291 295 -1
294 -20.0 -49.0 -234.5 292 296 -1
295 -32.5 -42.0 -251.5 293 297 -1
296 -19.5 -49.0 -234.0 294 298 -1
297 -32.5 -42.0 -252.0 295 299 -1
298 -19.0 -49.0 -234.0 296 300 -1
299 -32.0 -42.0 -252.5 297 301 -1
300 -18.5 -49.5 -233.5 298 302 -1
301 -32.0 -42.0 -253.0 299 303 -1
302 -18.0 -50.0 -233.5 300 304 -1
303 -32.0 -42.0 -253.5 301 305 -1
304 -17.5 -50.5 -233.0 302 306 -1
305 -32.0 -42.0 -254.0 303 307 -1
306 -17.5 -51.0 -232.5 304 308 -1
307 -32.0 -41.5 -254.5 305 309 -1
308 -17.0 -51.5 -232.0 306 310 -1
309 -32.0 -41.5 -255.0 307 311 -1
310 -16.5 -52.0 -232.0 308 312 -1
311 -31.5 -41.5 -255.5 309 313 -1
312 -16.0 -52.5 -231.5 310 314 -1
313 -31.5 -41.5 -256.0 311 315 -1
314 -15.5 -53.0 -231.0 312 316 -1
315 -31.5 -41.5 -256.5 313 317 -1
316 -15.0 -53.5 -230.5 314 318 -1
317 -31.5 -41.5 -257.0 315 319 -1
318 -14.5 -54.0 -230.0 316 320 -1
319 -31.5 -41.5 -257.5 317 321 -1
320 -14.0 -54.0 -229.5 318 322 -1
321 -31.0 -41.5 -258.0 319 323 -1
322 -13.5 -54.5 -229.0 320 324 -1
323 -31.0 -41.5 -258.5 321 325 -1
324 -13.0 -54.5 -228.5 322 326 -1
325 -31.0 -41.5 -259.0 323 327 -1
326 -12.5 -54.5 -228.0 324 328 -1
327 -31.0 -41.0 -259.5 325 329 -1
328 -12.0 -55.0 -227.5 326 330 -1
329 -31.0 -41.0 -260.0 327 331 -1
330 -11.5 -55.0 -227.0 328 332 -1
331 -30.5 -41.0 -260.5 329 333 -1
332 -11.0 -55.5 -226.5 330 334 -1
333 -30.5 -41.0 -261.0 331 335 -1
334 -10.5 -55.5 -226.0 332 336 -1
335 -30.5 -41.0 -261.5 333 337 -1
336 -10.5 -55.5 -225.5 334 338 -1
337 -30.5 -41.0 -262.0 335 339 -1
338 -10.0 -55.5 -225.0 336 340 -1
339 -30.5 -41.0 -262.5 337 341 -1
340 -9.5 -55.5 -224.5 338 342 -1
341 -30.0 -40.5 -263.0 339 343 -1
342 -9.0 -55.5 -224.0 340 344 -1
343 -30.0 -41.0 -263.5 341 345 -1
344 -8.5 -55.5 -223.5 342 346 -1
345 -30.0 -41.0 -264.0 343 -1 -1
346 -8.0 -56.0 -223.5 344 347 -1
347 -7.5 -56.0 -223.0 346 348 -1
348 -7.0 -56.0 -222.5 347 349 -1
349 -6.5 -55.5 -222.0 348 350 -1
350 -6.0 -55.5 -221.5 349 351 -1
351 -5.5 -55.5 -221.5 350 352 -1
352 -5.0 -55.5 -221.5 351 353 -1
353 -4.5 -55.5 -221.0 352 354 -1
354 -4.0 -55.0 -220.5 353 355 -1
355 -3.5 -55.0 -220.0 354 356 -1
356 -3.0 -55.0 -220.0 355 357 -1
357 -2.5 -55.0 -219.5 356 358 -1
358 -2.0 -55.0 -219.5 357 359 -1
359 -1.5 -54.5 -219.0 358 360 -1
360 -1.0 -55.0 -219.0 359 361 -1
361 -0.5 -54.5 -218.5 360 362 -1
362 0.0 -54.5 -218.5 361 363 -1
363 0.5 -54.5 -218.0 362 364 -1
364 1.0 -54.5 -218.0 363 365 -1
365 1.5 -54.0 -217.5 364 366 -1
366 2.0 -54.0 -217.5 365 367 -1
367 2.5 -54.5 -218.0 366 368 -1
368 3.0 -54.5 -218.0 367 369 -1
369 3.5 -54.0 -217.5 368 370 -1
370 4.0 -54.0 -217.5 369 371 -1
371 4.5 -54.0 -217.0 370 372 -1
372 5.0 -54.0 -217.0 371 373 -1
373 5.5 -54.0 -217.0 372 374 -1
374 6.0 -54.0 -217.0 373 375 -1
375 6.5 -53.5 -216.5 374 376 -1
376 7.0 -53.5 -216.5 375 377 -1
377 7.5 -53.5 -216.5 376 378 -1
378 8.0 -53.5 -216.5 377 379 -1
379 8.5 -53.5 -216.0 378 380 -1
380 9.0 -53.5 -216.0 379 381 -1
381 9.5 -53.0 -216.0 380 382 -1
382 10.0 -53.0 -216.0 381 383 -1
383 10.5 -53.0 -215.5 382 384 -1
384 11.0 -53.0 -216.0 383 385 -1
385 11.5 -52.5 -215.5 384 386 -1
386 12.0 -52.5 -215.5 385 387 -1
387 12.5 -52.0 -215.5 386 388 -1
388 13.0 -52.0 -215.5 387 389 -1
389 13.5 -52.0 -216.0 388 390 -1
390 14.0 -51.5 -215.5 389 391 -1
391 14.5 -51.0 -215.5 390 392 -1
392 15.0 -51.0 -215.5 391 393 -1
393 15.5 -51.0 -216.0 392 394 -1
394 16.0 -50.5 -216.0 393 395 -1
395 16.5 -50.0 -215.5 394 396 -1
396 17.0 -50.0 -215.5 395 397 -1
397 17.5 -49.5 -215.5 396 398 -1
398 18.0 -49.0 -215.5 397 399 -1
399 18.5 -49.0 -215.5 398 400 -1
400 19.0 -48.5 -215.5 399 401 -1
401 19.5 -48.5 -215.5 400 402 -1
402 20.0 -48.0 -215.5 401 403 -1
403 20.5 -48.0 -215.5 402 404 -1
404 21.0 -47.5 -215.5 403 405 -1
405 21.5 -47.0 -215.0 404 406 -1
406 22.0 -47.0 -215.5 405 407 -1
407 22.5 -46.5 -215.0 406 408 -1
408 23.0 -46.5 -214.5 407 409 -1
409 23.5 -46.5 -215.0 408 410 -1
410 24.0 -46.0 -215.0 409 411 -1
411 24.5 -46.0 -215.0 410 412 -1
412 25.0 -45.5 -215.0 411 413 -1
413 25.5 -45.0 -214.5 412 414 -1
414 26.0 -44.5 -215.0 413 415 -1
415 26.5 -44.5 -215.0 414 416 -1
416 27.0 -44.5 -215.5 415 417 -1
417 27.5 -44.0 -215.5 416 418 -1
418 28.0 -43.5 -215.0 417 419 -1
419 28.5 -43.5 -215.5 418 420 -1
420 29.5 -43.0 -216.5 419 421 -1
421 30.0 -43.0 -216.5 420 422 -1
422 30.5 -42.5 -217.0 421 423 -1
423 31.0 -42.5 -217.0 422 424 -1
424 31.5 -42.0 -217.0 423 425 -1
425 32.0 -41.5 -217.5 424 426 -1
426 32.5 -41.0 -217.5 425 427 -1
427 33.0 -40.5 -217.5 426 428 -1
428 33.5 -40.0 -217.5 427 429 -1
429 33.5 -39.5 -217.0 428 430 -1
430 33.5 -39.0 -216.5 429 431 -1
431 34.0 -38.5 -217.0 430 432 -1
432 34.5 -38.0 -217.5 431 433 -1
433 35.0 -37.5 -218.0 432 434 -1
434 35.5 -37.0 -218.0 433 435 -1
435 36.0 -36.5 -218.0 434 436 -1
436 36.5 -36.0 -218.5 435 437 -1
437 37.0 -35.5 -218.5 436 438 -1
438 37.0 -35.0 -218.5 437 439 -1
439 37.5 -34.5 -218.5 438 440 -1
440 38.0 -34.5 -219.0 439 441 -1
441 38.5 -34.0 -219.0 440 442 -1
442 39.0 -33.5 -219.0 441 443 -1
443 39.5 -33.0 -219.5 442 444 -1
444 39.5 -32.5 -219.0 443 445 -1
445 40.0 -32.0 -219.5 444 446 -1
446 40.0 -31.5 -219.0 445 447 -1
447 40.5 -31.0 -219.0 446 -1 -1
