0 -51.0 -7.0 -142.0 -1 1 -1
1 -50.995793369007814 -7.144888958855306 -142.1478215929667 0 2 -1
2 -50.9913187692333 -7.289246109641356 -142.29602666479445 1 3 -1
3 -50.98664415883911 -7.433145904205949 -142.44466969179402 2 4 -1
4 -50.98176862735168 -7.576588247645229 -142.59374777776554 3 5 -1
5 -50.97669127784656 -7.719573129714429 -142.743257966674 4 6 -1
6 -50.971411227099814 -7.862100625551969 -142.8931972436094 5 7 -1
7 -50.965927605731665 -8.004170896366366 -143.04356253576563 6 8 -1
8 -50.96023955834272 -8.145784190085724 -143.1943507134377 7 9 -1
9 -50.954346243642625 -8.286940841969097 -143.3455585910358 8 10 -1
10 -50.94824678804551 -8.427641172706732 -143.49718302102227 9 11 -1
11 -50.94194025669454 -8.567885427828418 -143.6492209468804 10 12 -1
12 -50.93542598281243 -8.707674500297816 -143.80166875336192 11 13 -1
13 -50.92870318299644 -8.847009082132212 -143.9545230386333 12 14 -1
14 -50.921771088493905 -8.985889955208417 -144.10778035029148 13 15 -1
15 -50.9146289452852 -9.124317991640291 -144.2614371864572 14 16 -1
16 -50.90727601415925 -9.262294154117338 -144.41548999687723 15 17 -1
17 -50.89971128076809 -9.399818881646969 -144.56993571534042 16 18 -1
18 -50.891934147319695 -9.5368935648614 -144.72477047642778 17 19 -1
19 -50.883944063016045 -9.673519747431305 -144.87999032283457 18 20 -1
20 -50.87574034888071 -9.809698759342131 -145.03559151906623 19 21 -1
21 -50.867322001781005 -9.945431321095807 -145.1915708768917 20 22 -1
22 -50.858688445829536 -10.08071910928796 -145.3479244285764 21 23 -1
23 -50.84983928050271 -10.215564215794641 -145.50464790113915 22 24 -1
24 -50.84077366304138 -10.349967885262632 -145.66173776751168 23 25 -1
25 -50.831490735376114 -10.483931405224714 -145.8191904928612 24 26 -1
26 -50.8219903577478 -10.617457574366648 -145.97700133977102 25 27 -1
27 -50.812271552769175 -10.750547567081332 -146.13516694150263 26 28 -1
28 -50.80233377415106 -10.883203491199987 -146.29368320408133 27 29 -1
29 -50.79217683540006 -11.015428219282994 -146.45254546401995 28 30 -1
30 -50.78179936619899 -11.147222370894683 -146.61175089691912 29 31 -1
31 -50.77120167892581 -11.27858991352384 -146.7712940513328 30 32 -1
32 -50.76038261887427 -11.409532029915722 -146.93117172597798 31 33 -1
33 -50.74934207327485 -11.540051975607621 -147.09137912666225 32 34 -1
34 -50.738079272525695 -11.670151814881727 -147.25191243360217 33 35 -1
35 -50.72659389352903 -11.799834522883053 -147.41276716071835 34 36 -1
36 -50.71488532207083 -11.929102593617849 -147.5739392350057 35 37 -1
37 -50.70295325985955 -12.05795917097171 -147.73542412943814 36 38 -1
38 -50.69079701581598 -12.186406743715745 -147.89721785584678 37 39 -1
39 -50.67841654505845 -12.314449038493004 -148.05931553735206 38 40 -1
40 -50.66581085392178 -12.442088138684333 -148.22171356902518 39 41 -1
41 -50.652980234008176 -12.569328488381643 -148.38440663303135 40 42 -1
42 -50.63992358654294 -12.696172131780877 -148.5473912305783 41 43 -1
43 -50.62664106762679 -12.822623386350287 -148.71066223257176 42 44 -1
44 -50.613132211671825 -12.948685537618248 -148.87421531455945 43 45 -1
45 -50.59939633409269 -13.074361575286648 -149.03804640249993 44 46 -1
46 -50.58543362297115 -13.199656029751846 -149.2021503600996 45 47 -1
47 -50.57124340031509 -13.324572031820317 -149.36652309845923 46 48 -1
48 -50.55682534734313 -13.449113387670264 -149.53116008650602 47 49 -1
49 -50.54217950072426 -13.573284538446785 -149.6960563942675 48 50 -1
50 -50.527305327063125 -13.697089058688569 -149.86120774352682 49 51 -1
51 -50.51220243103178 -13.820530822658547 -150.02660968487308 50 52 -1
52 -50.49687091964278 -13.943614554117369 -150.19225722903494 51 53 -1
53 -50.48131054140136 -14.066344463181414 -150.35814578737384 52 54 -1
54 -50.4655206127435 -14.188724172793073 -150.52427120698863 53 55 -1
55 -50.4495013135406 -14.310758687137852 -150.69062844242944 54 56 -1
56 -50.433252506567825 -14.43245257482172 -150.85721278982527 55 57 -1
57 -50.4167740003028 -14.553810381668633 -151.0240196032058 56 58 -1
58 -50.400065306781826 -14.674836293276808 -151.19104451218448 57 59 -1
59 -50.38312647800744 -14.795535337775219 -151.35828263264756 58 60 -1
60 -50.365957484814416 -14.915912472419738 -151.52572917232445 59 61 -1
61 -50.34855819395927 -15.035972561975255 -151.69337944090768 60 62 -1
62 -50.33092848659807 -15.155720548574166 -151.86122873841046 61 63 -1
63 -50.313068073081716 -15.275161208206368 -152.029272508008 62 64 -1
64 -50.29497692241802 -15.394299723471995 -152.1975059731761 63 65 -1
65 -50.276655102942925 -15.513141453124843 -152.36592428828808 64 66 -1
66 -50.25810255195731 -15.631691635350753 -152.5345227228798 65 67 -1
67 -50.23931922063527 -15.749955579731807 -152.70329653998215 66 68 -1
68 -50.22030507392229 -15.867938665998736 -152.8722409966808 67 69 -1
69 -50.20106009043515 -15.98564634276723 -153.04135134464894 68 70 -1
70 -50.181584228049154 -16.10308408697202 -153.21062285389564 69 71 -1
71 -50.1618773711386 -16.220257347791904 -153.38005084426223 70 72 -1
72 -50.14193971047667 -16.33717197250587 -153.54963043523023 71 73 -1
73 -50.12177127801572 -16.453833670842638 -153.71935686285244 72 74 -1
74 -50.10137211891116 -16.570248214911448 -153.8892253599826 73 75 -1
75 -50.08074229143549 -16.68642143786091 -154.0592311566459 74 76 -1
76 -50.059881866895395 -16.80235923252723 -154.22936948038276 75 77 -1
77 -50.03879092955198 -16.91806755007191 -154.39963555656726 76 78 -1
78 -50.017469576544464 -17.033552398609714 -154.5700246086999 77 79 -1
79 -49.99591791781732 -17.14881984182757 -154.74053185867518 78 80 -1
80 -49.974136076051174 -17.263875997594425 -154.91115252702485 79 81 -1
81 -49.952124186597416 -17.378727036563166 -155.0818818331366 80 82 -1
82 -49.92988239741702 -17.493379180764347 -155.25271499544945 81 83 -1
83 -49.907410869023174 -17.607838702192797 -155.4236472316257 82 84 -1
84 -49.88470977442836 -17.722111921387086 -155.59467375870025 83 85 -1
85 -49.86177929909563 -17.83620520600231 -155.76578979320803 84 86 -1
86 -49.83861964089446 -17.950124969376603 -155.93699055128948 85 87 -1
87 -49.815231010061 -18.06387766909171 -156.10827124877565 86 88 -1
88 -49.79161362916315 -18.177469805527753 -156.2796271012525 87 89 -1
89 -49.76776773307016 -18.29090792041266 -156.45105332410583 88 90 -1
90 -49.743693568927156 -18.40419859536638 -156.62254513254712 89 91 -1
91 -49.7193913961346 -18.517348450440156 -156.794097741621 90 92 -1
92 -49.694861486332385 -18.630364142651068 -156.96570636619487 91 93 -1
93 -49.67010412338934 -18.743252364511857 -157.13736622093228 92 94 -1
94 -49.64511960339735 -18.856019842556623 -157.30907252024912 93 95 -1
95 -49.6199082346708 -18.96867333586193 -157.48082047825505 94 96 -1
96 -49.59447033775102 -19.081219634563972 -157.65260530868008 95 97 -1
97 -49.568806245415786 -19.193665558371602 -157.8244222247868 96 98 -1
98 -49.54291630269404 -19.306017955075394 -157.99626643927 97 99 -1
99 -49.516800866885596 -19.41828369905285 -158.16813316414354 98 100 -1
100 -49.49046030758617 -19.530469689769646 -158.3400176106158 99 101 -1
101 -49.463895006717244 -19.64258285027717 -158.51191498895423 100 102 -1
102 -49.43710533844278 -19.754630120412617 -158.68382050864116 101 103 -1
103 -49.410091607716396 -19.866618444059455 -158.8557293756921 102 104 -1
104 -49.382854350947305 -19.978554840885625 -159.0276367920784 103 105 -1
105 -49.35539400009279 -20.09044631373766 -159.19953796244926 104 106 -1
106 -49.32771099965971 -20.202299881441483 -159.37142808972706 105 107 -1
107 -49.29980580676442 -20.314122577276567 -159.54330237492482 106 108 -1
108 -49.27167889119728 -20.425921447446516 -159.71515601695899 107 109 -1
109 -49.243330735492044 -20.53770354954541 -159.88698421245851 108 110 -1
110 -49.21476183499973 -20.649475951020275 -160.0587821555706 109 111 -1
111 -49.185972697966996 -20.761245727629532 -160.23054503776476 110 112 -1
112 -49.156963845618954 -20.873019961897164 -160.4022680476352 111 113 -1
113 -49.127735808290964 -20.98480574190014 -160.57394636980783 112 114 -1
114 -49.098288962242336 -21.096610179576114 -160.7455751436545 113 115 -1
115 -49.068624042254356 -21.208440359403163 -160.91714958334137 114 116 -1
116 -49.03874162269067 -21.320303375566553 -161.08866486393444 115 117 -1
117 -49.008642291367316 -21.432206321185134 -161.260116156674 116 118 -1
118 -48.978326649659046 -21.54415628673931 -161.43149862878954 117 119 -1
119 -48.94779531260923 -21.656160358494514 -161.60280744331948 118 120 -1
120 -48.91704890904282 -21.7682256169202 -161.77403775893728 119 121 -1
121 -48.886088081682516 -21.880359135104094 -161.9451847297846 120 122 -1
122 -48.85491348726769 -21.992567977161897 -162.11624350531235 121 123 -1
123 -48.82352571409742 -22.104859231396127 -162.2872091920732 122 124 -1
124 -48.79192543121399 -22.217239955002988 -162.45807691587316 123 125 -1
125 -48.76011343875473 -22.32971713658364 -162.62884185519937 124 126 -1
126 -48.728090451060254 -22.442297788118058 -162.79949913951864 125 127 -1
127 -48.69585719711622 -22.554988904552822 -162.97004389298897 126 128 -1
128 -48.66341442068502 -22.667797462183213 -163.14047123436785 127 129 -1
129 -48.630762880438674 -22.780730417030785 -163.31077627693517 128 130 -1
130 -48.59790335009268 -22.893794703216837 -163.4809541284312 129 131 -1
131 -48.564836618540845 -23.006997231331386 -163.65099989101077 130 132 -1
132 -48.53156348999029 -23.12034488679852 -163.82090866121433 131 133 -1
133 -48.4980846748775 -23.23384461293844 -163.99067545165346 132 134 -1
134 -48.46440107175284 -23.347503200416433 -164.1602953859048 133 135 -1
135 -48.430513582179906 -23.46132741148318 -164.32976357884203 134 136 -1
136 -48.396423073240015 -23.575324013824922 -164.49907510507768 135 137 -1
137 -48.36213042799833 -23.689499741693083 -164.66822503377924 136 138 -1
138 -48.32763654563597 -23.803861294249376 -164.83720842876062 137 139 -1
139 -48.29294234158044 -23.91841533390867 -165.00602034859597 138 140 -1
140 -48.25804874763415 -24.033168484679802 -165.17465584675722 139 141 -1
141 -48.222956712100775 -24.14812733050479 -165.3431099717759 140 142 -1
142 -48.18766719990894 -24.263298413596807 -165.51137776743005 141 143 -1
143 -48.152181192733046 -24.378688232777442 -165.67945427295658 142 144 -1
144 -48.11649968911094 -24.49430324181348 -165.84733452329039 143 145 -1
145 -48.08062368325984 -24.610149873951816 -166.01501352662945 144 146 -1
146 -48.044554161116835 -24.726234549607945 -166.1824862569065 145 147 -1
147 -48.008292247982205 -24.842563486670347 -166.34974781657863 146 148 -1
148 -47.97183901115762 -24.959142940961204 -166.51679322716285 147 149 -1
149 -47.93519553532856 -25.075979114910847 -166.68361750752504 148 150 -1
150 -47.89836292265466 -25.193078155905148 -166.85021567429123 149 151 -1
151 -47.861342292854204 -25.31044615463713 -167.01658274228953 150 152 -1
152 -47.82413478328239 -25.428089143463353 -167.18271372502295 151 153 -1
153 -47.78674154900316 -25.546013094765794 -167.34860363517367 152 154 -1
154 -47.7491637628542 -25.664223919320026 -167.5142474851394 153 155 -1
155 -47.711402615504404 -25.782727464671016 -167.67964028760161 154 156 -1
156 -47.673459315504054 -25.901529513516504 -167.8447770561266 155 157 -1
157 -47.635335089326645 -26.020635782100015 -168.00965280579936 156 158 -1
158 -47.59703118140265 -26.140051918613445 -168.1742625538905 157 159 -1
159 -47.55854885414425 -26.259783501610933 -168.33860132055648 158 160 -1
160 -47.519889387961136 -26.379836038434703 -168.50266412957342 159 161 -1
161 -47.48105408126683 -26.50021496365396 -168.66644600910445 160 162 -1
162 -47.44204425047507 -26.620925637518045 -168.82994199250066 161 163 -1
163 -47.40286122998618 -26.741973344424903 -168.993147119136 162 164 -1
164 -47.363506372162696 -26.863363291405978 -169.15605643527567 163 165 -1
165 -47.323981047294396 -26.985100606628748 -169.31866499497812 164 166 -1
166 -47.284286643551894 -27.107190337918095 -169.48096786103073 165 167 -1
167 -47.24442453761772 -27.22963751517263 -169.64296005028345 166 168 -1
168 -47.204396098311435 -27.352447147811322 -169.8046365349883 167 169 -1
169 -47.164202841067585 -27.475623877918938 -169.96599254539305 168 170 -1
170 -47.12384622489347 -27.599172419305763 -170.12702318738818 169 171 -1
171 -47.083327726281944 -27.723097398387385 -170.28772358071495 170 172 -1
172 -47.0426488390921 -27.84740335284401 -170.4480888600963 171 173 -1
173 -47.00181107441639 -27.972094730307745 -170.60811417639883 172 174 -1
174 -46.960815960434495 -28.097175887078823 -170.7677946978255 173 175 -1
175 -46.919665042253364 -28.222651086872535 -170.92712561113848 174 176 -1
176 -46.878359764261404 -28.34852480921722 -171.08610184646932 175 177 -1
177 -46.836901724587165 -28.47480109541074 -171.24471865881458 176 178 -1
178 -46.795292606089035 -28.60148369904133 -171.4029714979972 177 179 -1
179 -46.75353401986433 -28.72857650341375 -171.56085563552242 178 180 -1
180 -46.71162759294407 -28.85608329348689 -171.7183663679409 179 181 -1
181 -46.669574921582246 -28.984007890267048 -171.8754988951846 180 182 -1
182 -46.62737748273309 -29.112354426246373 -172.0322480674767 181 183 -1
183 -46.5850371684952 -29.241125762821913 -172.18860982743297 182 184 -1
184 -46.54255566728826 -29.370325283330796 -172.34457958333522 183 185 -1
185 -46.5 -29.5 -172.5 184 186 187
186 -46.34048547436479 -29.518133290587844 -172.5977254958102 185 189 -1
187 -46.30862643381412 -29.57219762739153 -172.60297990140126 185 190 -1
188 -46.658089935987 -29.515666184948856 -172.4334682005649 185 191 -1
189 -46.18262754180965 -29.53579739115081 -172.6981621934431 186 192 -1
190 -46.113835141219994 -29.649347812086535 -172.69529142604623 187 193 -1
191 -46.81679233216931 -29.533637429838734 -172.36903843385505 188 194 -1
192 -46.02656598674174 -29.552957833400725 -172.8014524665469 189 195 -1
193 -45.91595696777387 -29.73164222654078 -172.7758321404782 190 196 -1
194 -46.976041286518544 -29.55391746418945 -172.30667558429616 191 197 -1
195 -45.87246951668029 -29.569573400294317 -172.9077382421294 192 198 -1
196 -45.71551668472347 -29.819211666641035 -172.84341828985407 193 199 -1
197 -47.1357856483658 -29.576449126611262 -172.24638695057038 194 200 -1
198 -45.720527944973746 -29.585598205969127 -173.01716967219983 195 201 -1
199 -45.51322303112378 -29.91208368889027 -172.89691984252013 196 202 -1
200 -47.29597613027345 -29.601172807996374 -172.18817671545193 197 203 -1
201 -45.570909845678344 -29.60099326606034 -173.12984399222532 198 204 -1
202 -45.30996605369954 -30.010158193575695 -172.9353439865983 199 205 -1
203 -47.45656563501476 -29.628027759462928 -172.13204711918283 200 206 -1
204 -45.42385355223019 -29.615701938088744 -173.24593010989366 201 207 -1
205 -45.10678896135881 -30.11319256619687 -172.95792766262446 202 208 -1
206 -47.617508837129556 -29.65694936938098 -172.07799566439564 203 209 -1
207 -45.27956187970063 -29.629678397080795 -173.36552240075244 204 210 -1
208 -44.904831205692794 -30.220802174490103 -172.9642253712789 205 211 -1
209 -47.77876270465839 -29.687871293062756 -172.0260169705572 206 212 -1
210 -45.13830992365736 -29.642859051898945 -173.48877732164394 207 213 -1
211 -44.70525045668539 -30.3324838622731 -172.954155831395 208 214 -1
212 -47.940286622139595 -29.720725992887242 -171.97610323274242 209 215 -1
213 -45.00034608142771 -29.65518876900488 -173.6157864947144 210 216 -1
214 -44.50913448385797 -30.44765101181134 -172.9280259998099 211 217 -1
215 -48.102042456377625 -29.75544517595342 -171.92824464062002 212 218 -1
216 -44.865935653447885 -29.666609233213446 -173.74663218830779 213 219 -1
217 -44.31742446370659 -30.565682919631985 -172.8864906370203 214 220 -1
218 -48.26399443474702 -29.791958622230457 -171.88242797328343 215 221 -1
219 -44.73538823493058 -29.677052112168923 -173.88141060510532 216 222 -1
220 -44.13086338401966 -30.685971685920254 -172.83047977042406 217 223 -1
221 -48.42610931394543 -29.83019531739093 -171.83863768997003 218 224 -1
222 -44.60895227129201 -29.686465514911774 -174.0201258472238 219 225 -1
223 -43.949974216779616 -30.807959387301818 -172.76111016561285 220 226 -1
224 -48.58835641625797 -29.8700840854194 -171.79685660837143 221 227 -1
225 -44.48691614070309 -29.69478812433685 -174.1627942619849 222 228 -1
226 -43.775067673198684 -30.931162302984784 -172.67959236234054 223 229 -1
227 -48.75070757756294 -29.91155351180946 -171.7570657851658 224 230 -1
228 -44.369527698748534 -29.701968908854976 -174.30937094733 225 231 -1
229 -43.60626806827305 -31.055181019480024 -172.58715491854457 226 232 -1
230 -48.913137137045894 -29.954532725186397 -171.71924551075233 227 233 -1
231 -44.2570550909981 -29.707951617681548 -174.4598049291423 228 234 -1
232 -43.44355091679933 -31.17970014263429 -172.48498479323123 229 235 -1
233 -49.07562180010415 -29.998949524100393 -171.6833727769623 230 236 -1
234 -44.149658381578554 -29.712705295616487 -174.61394604294364 231 237 -1
235 -43.28678026660484 -31.30448078966261 -172.37419178359212 232 238 -1
236 -49.23814070150696 -30.04473274146078 -171.64942430982308 233 239 -1
237 -44.04747535682394 -29.716202392105735 -174.77162486448083 234 240 -1
238 -43.1357430098973 -31.429349857691847 -172.25578884304713 235 241 -1
239 -49.400675285212095 -30.091811631014036 -171.61737580463821 236 242 -1
240 -43.95060385909379 -29.71842218574738 -174.93264432121677 237 243 -1
241 -42.990176995668605 -31.554188424061472 -172.13068537471983 238 244 -1
242 -49.563209215499526 -30.14011668848772 -171.58720322426421 239 245 -1
243 -43.859005930311284 -29.719372775414925 -175.09673357810536 240 246 -1
244 -42.8497938525464 -31.67892078434748 -171.99968757132774 241 247 -1
245 -49.72572830406827 -30.18957752000488 -171.55887949340342 242 248 -1
246 -43.772584293253125 -29.719071777478074 -175.26361042154633 243 249 -1
247 -42.71429226034335 -31.803504979325968 -171.86350777936292 244 250 -1
248 -49.88822042510632 -30.240125227652783 -171.5323781219421 245 251 -1
249 -43.69118347964164 -29.717545104990112 -175.43298753009532 246 252 -1
250 -42.58337326407177 -31.92792477054753 -171.72276885032284 247 253 -1
251 -50.050675386842585 -30.29169217846921 -171.5076731059873 248 254 -1
252 -43.614500420654174 -29.714848238993596 -175.60453868851465 249 255 -1
253 -42.45674284057427 -32.05218346278363 -171.57801881154583 250 256 -1
254 -50.213084882669 -30.344210764166917 -171.4847367912519 251 257 -1
255 -43.54217395386733 -29.711044356616593 -175.7779522198228 252 258 -1
256 -42.33411902743506 -32.17629886397998 -171.42973773608955 253 259 -1
257 -50.375442378518805 -30.39761426916762 -171.4635413181762 254 260 -1
258 -43.473785496568524 -29.706203522149334 -175.9529317695023 255 261 -1
259 -42.2152351295849 -32.30029945636341 -171.27834635277014 256 262 -1
260 -50.53774294978233 -30.451837650222153 -171.44406042197014 257 263 -1
261 -43.40879965358609 -29.700419145511034 -176.1291758816952 258 264 -1
262 -42.09983964090519 -32.4242215736348 -171.12421534302163 259 265 -1
263 -50.699983308280565 -30.506815696083205 -171.42626571685284 260 266 -1
264 -43.34664915104634 -29.693786923133263 -176.30641098495246 261 267 -1
265 -41.98769555154322 -32.54810723709373 -170.96767311288815 262 268 -1
266 -50.862161602276906 -30.562484587530935 -171.41012998640707 263 269 -1
267 -43.28671941170417 -29.68640994451348 -176.4843807956266 264 270 -1
268 -41.878582943575424 -32.67200251458822 -170.8090098589929 265 271 -1
269 -51.024277333161095 -30.618781536524754 -171.39562676486753 266 272 -1
270 -43.22836165784965 -29.67839675634863 -176.66284542121096 267 273 -1
271 -41.77229566270909 -32.79595637500039 -170.64848492427546 268 274 -1
272 -51.18633136019785 -30.67564387933164 -171.38272793926512 269 275 -1
273 -43.17090564159686 -29.66985930768876 -176.8415784719781 270 276 -1
274 -41.66864344508856 -32.92001993254487 -170.48632946717643 271 277 -1
275 -51.34832563416276 -30.733010683546826 -171.37140846228928 272 278 -1
276 -43.11366850206336 -29.660912431058165 -177.02036181249207 273 279 -1
277 -41.56744648600194 -33.04424568295584 -170.3227532029273 274 280 -1
278 -51.51026333544798 -30.790820755048436 -171.3616404979167 275 281 -1
279 -43.05596923136928 -29.651673158056074 -177.19898150824645 276 282 -1
280 -41.468538409065175 -33.16868724473307 -170.15794530587402 277 283 -1
281 -51.672148570759674 -30.849014417086988 -171.35339942034705 278 284 -1
282 -42.99714050199837 -29.642257799527474 -177.37722279656137 279 285 -1
283 -41.37176400863146 -33.293399103238464 -169.99207818628832 280 286 -1
284 -51.833986476023654 -30.90753204112238 -171.3466587508878 281 287 -1
285 -42.93653792873561 -29.63278189955374 -177.55486498153084 282 288 -1
286 -41.27697757229368 -33.41843635733495 -169.82531033386618 283 289 -1
287 -51.995783002015315 -30.96631499434629 -171.34139435024443 284 290 -1
288 -42.87367799051173 -29.623356711060342 -177.7317234510775 285 291 -1
289 -41.184042768679554 -33.54385474361182 -169.6577880800904 286 292 -1
290 -52.15754494830401 -31.02530485446199 -171.33758090587685 287 293 -1
291 -42.80854496738 -29.614083168141818 -177.90776564550785 288 294 -1
292 -41.09283119724187 -33.66971051516086 -169.4896477400025 289 295 -1
293 -52.31927981097448 -31.084443865237624 -171.3351951148149 290 296 -1
294 -42.74124960265116 -29.605055489395134 -178.08300553171418 291 297 -1
295 -41.00322225933134 -33.796060644433716 -169.3210170193391 292 298 -1
296 -52.480995779842104 -31.143674491035135 -171.33421270296054 293 299 -1
297 -42.67189117276979 -29.596364194984943 -178.25745635325168 294 300 -1
298 -40.915101860984336 -33.922962775141634 -169.15201669093244 295 301 -1
299 -52.6427016268604 -31.202939594143412 -171.33461140321552 296 302 -1
300 -42.600550080899815 -29.588100184979417 -178.43112673972882 297 303 -1
301 -40.82836180881806 -34.05047532254424 -168.9827618441779 298 304 -1
302 -52.80440667461391 -31.262182225575998 -171.33636792083277 299 305 -1
303 -42.5273262667382 -29.580346670370783 -178.6040354420078 300 306 -1
304 -40.74289924187035 -34.17865761290623 -168.81336303246812 301 307 -1
305 -52.96612072546061 -31.321345553861512 -171.33946108291104 302 308 -1
306 -42.45230230354505 -29.573187008926233 -178.77619650492232 303 309 -1
307 -40.65861671702769 -34.30757051750361 -168.64392738570203 304 310 -1
308 -53.12785399229998 -31.380372911489136 -171.34386858492164 305 311 -1
309 -42.37555891345598 -29.566702244616668 -178.9476249198304 306 312 -1
310 -40.57541964545763 -34.43727531179706 -168.47455962039973 307 313 -1
311 -53.289617077372135 -31.439207444527312 -171.3495702757579 308 314 -1
312 -42.297179509102214 -29.56096842613687 -179.11833844860004 309 315 -1
313 -40.49321817696994 -34.56783539604085 -168.30536295362327 310 316 -1
314 -53.451420856902985 -31.497792428137917 -171.35654492013217 311 317 -1
315 -42.217238420455004 -29.556062136882662 -179.2883522098655 312 318 -1
316 -40.41192530742267 -34.699315585293654 -168.13644002333558 313 319 -1
317 -53.613276505645445 -31.556070679929068 -171.36477319686992 314 320 -1
318 -42.13580969662898 -29.552056867661847 -179.4576822348081 315 321 -1
319 -40.33145663866822 -34.831782326648124 -167.9678936592538 316 322 -1
320 -53.775195352883536 -31.613985013816134 -171.37423508270115 317 323 -1
321 -42.05297128375668 -29.549019373349182 -179.62634734889568 318 324 -1
322 -40.25173047505763 -34.96530461008146 -167.79982805009934 319 325 -1
323 -53.937188908074475 -31.671477676246848 -171.38491178666504 320 326 -1
324 -41.96878040922107 -29.54702820365009 -179.79435713174234 321 327 -1
325 -40.17266648816922 -35.09995283751044 -167.63234898870505 322 328 -1
326 -54.099268761391436 -31.728490516895413 -171.39678469744734 323 329 -1
327 -41.883315965255136 -29.546141868166984 -179.96173214188104 324 330 -1
328 -40.09418659614884 -35.23580117129036 -167.4655658611104 325 331 -1
329 -54.261446494329384 -31.784965074026267 -171.4098351584342 326 332 -1
330 -41.796642350029074 -29.546426136379456 -180.12848634178653 327 333 -1
331 -40.016213156931485 -35.37292498690293 -167.29959101052003 328 334 -1
332 -54.423733784568746 -31.840841595084683 -171.42404621884367 329 335 -1
333 -41.70881637920357 -29.547952436079253 -180.2946297462407 330 336 -1
334 -39.93866985216174 -35.51140365539375 -167.1345421922138 331 337 -1
335 -54.58614205526225 -31.896060535991758 -171.43939948346218 332 338 -1
336 -41.61990576580174 -29.55077749059165 -180.4601781525294 333 339 -1
337 -39.86148078100712 -35.65131980454881 -166.9705431108453 334 340 -1
338 -54.7486827019691 -31.95056089360796 -171.45587812701856 335 341 -1
339 -41.529971835112605 -29.554960995118293 -180.62514401195477 336 342 -1
340 -39.78457004294853 -35.792758754327316 -166.80772389736552 337 343 -1
341 -54.91136692613529 -32.00428066916468 -171.47346562271375 338 344 -1
342 -41.43907353932915 -29.56056244920116 -180.78953827230183 339 345 -1
343 -39.70786172779559 -35.935809974455495 -166.64622323637914 340 346 -1
344 -55.07420553240179 -32.0571575084936 -171.49214482918896 341 347 -1
345 -41.34727672380786 -29.56761783919073 -180.95337641741648 342 348 -1
346 -39.63127946521257 -36.08056673140348 -166.48618931451435 343 349 -1
347 -55.23720904742134 -32.10912757607728 -171.51189942256653 344 350 -1
348 -41.25466366334146 -29.5761099274112 -181.11668624768095 345 351 -1
349 -39.554746158788106 -36.22712636353696 -166.32778138634788 346 352 -1
350 -55.40038760313007 -32.16012567645372 -171.53271342811604 347 353 -1
351 -41.16132199552577 -29.586004341563722 -181.2795016125089 348 354 -1
352 -39.47818367889813 -36.375591124153104 -166.17117213240667 349 355 -1
353 -55.563750795419 -32.21008549194108 -171.5545708085309 350 356 -1
354 -41.067333586432795 -29.597272549653194 -181.44185502366122 351 357 -1
355 -39.401512709683466 -36.526065817263586 -166.01654715500788 352 358 -1
356 -55.727307564338716 -32.25893969350141 -171.5774553143333 353 359 -1
357 -40.97277722973155 -29.609888032839432 -181.60377902698082 354 360 -1
358 -39.32465238423733 -36.678661526099724 -165.8641106903223 355 361 -1
359 -55.8910662043601 -32.306619276113864 -171.6013510053945 356 362 -1
360 -40.87772917922412 -29.623825730782897 -181.76530629998217 357 363 -1
361 -39.24752024212027 -36.83349247440351 -165.7140850083713 358 364 -1
362 -56.055034215139145 -32.353053754188245 -171.62624190809257 359 365 -1
363 -40.78226337951328 -29.639062004748432 -181.92646957278134 360 366 -1
364 -39.17003201162918 -36.990677240677584 -165.566714549292 361 367 -1
365 -56.219218192545505 -32.3981710995143 -171.65211195703313 362 368 -1
366 -40.68645169037582 -29.655574598338625 -182.08730156209927 363 369 -1
367 -39.09210166358455 -37.150337507280035 -165.4222680468156 364 370 -1
368 -56.38362371197671 -32.441897686934226 -171.67894493336948 365 371 -1
369 -40.59036410476034 -29.67334259654833 -182.24783491663467 366 372 -1
370 -39.01364144035454 -37.31259761596162 -165.28104216089517 367 373 -1
371 -56.548255203597876 -32.48415824911353 -171.7067243996434 368 374 -1
372 -40.49406896047291 -29.69234638370458 -182.40810217224032 369 375 -1
373 -38.934562020341126 -37.47758356554839 -165.14336532864422 370 376 -1
374 -56.71311581922606 -32.52487584194261 -171.73543363109647 371 377 -1
375 -40.39763314572862 -29.71256760074367 -182.5681357154635 372 378 -1
376 -38.854773031219025 -37.645420841988745 -165.0096010767275 373 379 -1
377 -56.878207361268174 -32.56397130274482 -171.76505581682522 374 380 -1
378 -40.30112229883591 -29.733989102177965 -182.72796775413138 375 381 -1
379 -38.774183501056456 -37.816232906932015 -164.88015341561874 376 382 -1
380 -57.043529986241865 -32.60136423555007 -171.7955734068963 377 383 -1
381 -40.2046010023477 -29.756594913017075 -182.8876302937666 378 384 -1
382 -38.69270333335438 -37.99013628907821 -164.755468696061 379 385 -1
383 -57.20908208204609 -32.636972848843634 -171.82696819853234 380 386 -1
384 -40.10813297206093 -29.780370185830762 -183.04715511871356 381 387 -1
385 -38.61024436515664 -38.167237813533816 -164.63604202938154 382 388 -1
386 -57.374860233116856 -32.67071292020774 -171.8592217553798 383 389 -1
387 -40.01178124127779 -29.805301158071863 -183.20657377693942 384 390 -1
388 -38.52672245550311 -38.347628636762714 -164.5224207900135 385 391 -1
389 -57.54085899023171 -32.702498079038065 -171.89231511623558 386 392 -1
390 -39.91560834076055 -29.831375109716337 -183.36591756754368 387 393 -1
391 -38.44206049905467 -38.53137613779219 -164.4152058931059 388 394 -1
392 -57.707070429400744 -32.732242321872505 -171.92622772690981 389 395 -1
393 -39.819677031082804 -29.858582371519972 -183.52521750699177 390 396 -1
394 -38.356191712190814 -38.71851568901761 -164.31505430522253 391 397 -1
395 -57.87348449549087 -32.759854928844675 -171.9609394187064 392 398 -1
396 -39.72404936244722 -29.886911079039315 -183.68450451834437 393 399 -1
397 -38.26906365084561 -38.909040770928875 -164.22268036014015 394 400 -1
398 -58.0400881420067 -32.785247316781586 -171.9964277201946 395 401 -1
399 -39.62878723462251 -29.91635050942243 -183.84380913466035 396 402 -1
400 -38.18064455678304 -39.10288756433781 -164.13884443357594 397 403 -1
401 -58.20686571895927 -32.80832687328537 -172.03267010357627 398 404 -1
402 -39.533952902352986 -29.946891659267973 -184.00316156228925 399 405 -1
403 -38.090928235654346 -39.299924231769324 -164.06435060646734 400 406 -1
404 -58.37379841978552 -32.82900094587086 -172.0696424971972 401 407 -1
405 -39.439608960787574 -29.97852636039798 -184.16259170191415 402 408 -1
406 -38.0 -39.5 -164.0 403 -1 -1
407 -58.5408641517161 -32.84717667833651 -172.1073194103243 404 409 -1
408 -39.34581850831807 -30.01124723766352 -184.32212913476687 405 410 -1
409 -58.708037419414694 -32.86275983888426 -172.14567424971426 407 411 -1
410 -39.25264530769142 -30.045047666174842 -184.48180310592386 408 412 -1
411 -58.87528908157073 -32.87565549113116 -172.18467906901128 409 413 -1
412 -39.16015394560716 -30.07992172767344 -184.64164250392037 410 414 -1
413 -59.04258613938774 -32.88576967092876 -172.22430417582768 411 415 -1
414 -39.068409990940445 -30.115864165728524 -184.80167583590895 412 416 -1
415 -59.20989162737771 -32.893009106845476 -172.2645182646927 413 417 -1
416 -38.977480151649175 -30.152870339406654 -184.96193119757098 414 418 -1
417 -59.3771644795286 -32.897281199746715 -172.30528844568911 415 419 -1
418 -38.88743327165452 -30.190937108314397 -185.12243648184634 416 420 -1
419 -59.54435941898508 -32.89849493988991 -172.34658010103345 417 421 -1
420 -38.79833949946259 -30.23006142770359 -185.28321906795688 418 422 -1
421 -59.71142689701485 -32.89656147452585 -172.38835685392618 419 423 -1
422 -38.710268442878025 -30.2702385159518 -185.44430515106203 420 424 -1
423 -59.878313076321916 -32.89139471784851 -172.43058055689738 421 425 -1
424 -38.623292835775466 -30.311465661112422 -185.60572071445966 422 426 -1
425 -60.04495986533334 -32.882911998363994 -172.47321130249858 423 427 -1
426 -38.53748730266511 -30.35374049850776 -185.76749106964948 424 428 -1
427 -60.21130500982317 -32.87103473707266 -172.51620745909483 425 429 -1
428 -38.45292850251972 -30.39706094615462 -185.92964077732697 426 430 -1
429 -60.37728224769829 -32.85568914810844 -172.55952573429929 427 431 -1
430 -38.36969526822546 -30.441425135347945 -186.09219355695592 428 432 -1
431 -60.54282153192515 -32.83680695172151 -172.603121268251 429 433 -1
432 -38.287868740507584 -30.486831335818987 -186.2551721839549 430 434 -1
433 -60.707849325402854 -32.81432608780343 -172.64694775846118 431 435 -1
434 -38.20753249493552 -30.533277874871402 -186.41859837353778 432 436 -1
435 -60.87228897008302 -32.78819141662738 -172.6909576173352 433 437 -1
436 -38.12877266034341 -30.580763049893324 -186.5824926502753 434 438 -1
437 -61.036061130813785 -32.75835539221096 -172.7351021627228 435 439 -1
438 -38.051678026705225 -30.629285033649406 -186.7468742024889 436 440 -1
439 -61.199084312281066 -32.724778692806765 -172.7793318409752 437 441 -1
440 -37.97634014018575 -30.67884177177707 -186.91176072066656 438 442 -1
441 -61.361275445094705 -32.6874307925851 -172.82359648101325 439 443 -1
442 -37.902853382746855 -30.729430871947088 -187.07716821920127 440 444 -1
443 -61.52255053460638 -32.64629045868028 -172.86784557687068 441 445 -1
444 -37.83131503332822 -30.78104948420746 -187.24311084090635 442 446 -1
445 -61.682825239306666 -32.60134572235371 -172.91202858176467 443 447 -1
446 -37.761825307249104 -30.833694172111173 -187.40960064396822 444 448 -1
447 -61.84201504018447 -32.55259247338738 -172.95609513128105 445 449 -1
448 -37.69448733178238 -30.887360766406985 -187.5766473586202 446 450 -1
449 -62.0 -32.5 -173.0 447 -1 -1
450 -37.62936815713233 -30.9420369241833 -187.74424550461214 448 451 -1
451 -37.56640872077474 -30.99768347552367 -187.9123488518984 450 452 -1
452 -37.505515624355986 -31.054253286004073 -188.0809047285516 451 453 -1
453 -37.446594344802314 -31.111700651420108 -188.24986423881572 452 454 -1
454 -37.38954574654366 -31.16997968138878 -188.4191813575771 453 455 -1
455 -37.334266569148355 -31.2290444626582 -188.58881296941473 454 456 -1
456 -37.28064989882802 -31.288849198746323 -188.75871886310847 455 457 -1
457 -37.22859136346735 -31.34935091566302 -188.92886249359083 456 458 -1
458 -37.177972529397465 -31.410501939096196 -189.09920837041795 457 459 -1
459 -37.12867690225337 -31.472256901910555 -189.2697244296334 458 460 -1
460 -37.08058714453268 -31.53457140372879 -189.44038130456855 459 461 -1
461 -37.033584279136356 -31.59740153332198 -189.6111519869777 460 462 -1
462 -36.987549945854255 -31.660704869090907 -189.78201179447308 461 463 -1
463 -36.94236222108653 -31.724438347115207 -189.9529377405346 462 464 -1
464 -36.89789644966424 -31.788558319043528 -190.12390851817696 463 465 -1
465 -36.854029995278474 -31.853022844747954 -190.294904590483 464 466 -1
466 -36.81063992145847 -31.917790416257166 -190.46590772953812 465 467 -1
467 -36.7676031930832 -31.982819914623704 -190.6369007834081 466 468 -1
468 -36.72479735837765 -32.048071377921225 -190.80786725211564 467 469 -1
469 -36.68209815369307 -32.11350311652918 -190.9787914898582 468 470 -1
470 -36.639383363606264 -32.17907487019743 -191.14965816836033 469 471 -1
471 -36.59653136558686 -32.24474654390872 -191.32045209429563 470 472 -1
472 -36.55342128669014 -32.31047814752435 -191.4911579813793 471 473 -1
473 -36.50993316081148 -32.37622973667834 -191.66176022779462 472 474 -1
474 -36.46594668561317 -32.441961220024204 -191.8322423881995 473 475 -1
475 -36.42134426321404 -32.507632424982994 -192.00258764977286 474 476 -1
476 -36.37601038877255 -32.57320327352259 -192.1727783616057 475 477 -1
477 -36.32983050665156 -32.63863351305568 -192.34279558998205 476 478 -1
478 -36.282691866053426 -32.70388271185615 -192.5126191020612 477 479 -1
479 -36.23448373518361 -32.768910237146784 -192.68222720617982 478 480 -1
480 -36.18509763103483 -32.83367524402463 -192.8515966084794 479 481 -1
481 -36.134427565506876 -32.89813667647222 -193.02070228790043 480 482 -1
482 -36.082370308072804 -32.96225328163837 -193.18951739170427 481 483 -1
483 -36.02882566464808 -33.025983638481286 -193.35801315377776 482 484 -1
484 -35.973696771716995 -33.08928620174679 -193.52615883802702 483 485 -1
485 -35.91689040435287 -33.152119362143736 -193.69392170922785 484 486 -1
486 -35.85837068287824 -33.21445279001656 -193.8612816688682 485 487 -1
487 -35.798313636789686 -33.276301233030146 -194.02827674177263 486 488 -1
488 -35.73694263829198 -33.337691588071245 -194.1949630055165 487 489 -1
489 -35.67447468731607 -33.39865139891851 -194.36139973724872 488 490 -1
490 -35.611121356337975 -33.45920860521292 -194.52764878036348 489 491 -1
491 -35.54708979949352 -33.5193913354847 -194.6937740035266 490 492 -1
492 -35.48258379355216 -33.579227732649436 -194.85984082997237 491 493 -1
493 -35.417804800924195 -33.63874580468919 -195.02591582011172 492 494 -1
494 -35.35295304756399 -33.69797329359747 -195.1920662906483 493 495 -1
495 -35.28822861047067 -33.756937556001255 -195.35835995352102 494 496 -1
496 -35.22383251051913 -33.81566544915351 -195.52486455800414 495 497 -1
497 -35.159967806603014 -33.87418321620025 -195.6916475191537 496 498 -1
498 -35.09684068653553 -33.93251636476754 -195.85877551547574 497 499 -1
499 -35.03466154881101 -33.9906895329933 -196.02631403822923 498 500 -1
500 -34.97364606713073 -34.04872633716693 -196.19432687420968 499 501 -1
501 -34.91401622647486 -34.106649195168345 -196.3628755032823 500 502 -1
502 -34.8560013153775 -34.164479119961825 -196.53201839147482 501 503 -1
503 -34.7998388538571 -34.222235477562656 -196.70181016029434 502 504 -1
504 -34.745775430106 -34.27993570423448 -196.87230061335603 503 505 -1
505 -34.69406741153878 -34.33759497829829 -197.0435336027349 504 506 -1
506 -34.64498148720302 -34.39522584296221 -197.21554572009782 505 507 -1
507 -34.598794989068814 -34.45283777816455 -197.38836480214292 506 508 -1
508 -34.55579592972373 -34.51043672172404 -197.56200824674235 507 509 -1
509 -34.516242761841134 -34.568021929314206 -197.73647320944744 508 510 -1
510 -34.480157118733096 -34.625573187512124 -197.91169960409633 509 511 -1
511 -34.447441812864206 -34.6830646117734 -198.08760612678742 510 512 -1
512 -34.417979982350126 -34.74047253836593 -198.26411403625332 511 513 -1
513 -34.3916548927878 -34.79777526670356 -198.44115127349846 512 514 -1
514 -34.36835341292956 -34.85495264401309 -198.61865244618429 513 515 -1
515 -34.34794083213724 -34.91198713739848 -198.79655503062077 514 516 -1
516 -34.33026936668115 -34.96886389172196 -198.97480136405568 515 517 -1
517 -34.315200670825945 -35.02556939033206 -199.15334128083754 516 518 -1
518 -34.30259582156897 -35.0820916840626 -199.3321302377486 517 519 -1
519 -34.29228806659693 -35.138422684507184 -199.51112678856754 518 520 -1
520 -34.28412630464129 -35.19455482041279 -199.69029663138554 519 521 -1
521 -34.27796306250214 -35.25048146349376 -199.86961071973246 520 522 -1
522 -34.2736255955535 -35.30620009786278 -200.04904310867084 521 523 -1
523 -34.27095709255325 -35.36170795072337 -200.22857352567922 522 524 -1
524 -34.26980264704828 -35.41700297358597 -200.40818583737178 523 525 -1
525 -34.26999009412652 -35.472086754062914 -200.58786675348614 524 526 -1
526 -34.2713603080631 -35.52696004867884 -200.76760703574678 525 527 -1
527 -34.27375359250328 -35.58162429877959 -200.94740037624328 526 528 -1
528 -34.27700090331933 -35.63608377065344 -201.12724252178077 527 529 -1
529 -34.2809419478267 -35.690341508231626 -201.30713182878375 528 530 -1
530 -34.28543295832866 -35.744396012600056 -201.48706945009798 529 531 -1
531 -34.290412816344706 -35.79822347701532 -201.6670622622498 530 532 -1
532 -34.295851395121005 -35.85179075948783 -201.84711941078382 531 533 -1
533 -34.30171731565889 -35.90506496424583 -202.02725008302718 532 534 -1
534 -34.30797682301941 -35.95801515597877 -202.20746302628976 533 535 -1
535 -34.314599925504275 -36.01060729304531 -202.38776779843474 534 536 -1
536 -34.32155471455972 -36.0628086259743 -202.5681736191579 535 537 -1
537 -34.32880825874025 -36.11458804793924 -202.74868922833093 536 538 -1
538 -34.336330484795006 -36.16590999198072 -202.9293244425191 537 539 -1
539 -34.344088877857004 -36.216742309469346 -203.110088064831 538 540 -1
540 -34.35205112683164 -36.26705317308218 -203.29098865161367 539 541 -1
541 -34.36018676420462 -36.316804594796515 -203.47203618038142 540 542 -1
542 -34.36846275221334 -36.365966010718395 -203.65323844267377 541 543 -1
543 -34.37684722438688 -36.4145032650197 -203.83460390144907 542 544 -1
544 -34.38530852779176 -36.46237719139588 -204.0161420068224 543 545 -1
545 -34.393813824745955 -36.50955802759514 -204.1978594085057 544 546 -1
546 -34.40233088305781 -36.55600698430605 -204.3797647005765 545 547 -1
547 -34.41082696280133 -36.60168816604774 -204.56186528230378 546 548 -1
548 -34.41926952761545 -36.64656910469591 -204.74416721781088 547 549 -1
549 -34.42762476680928 -36.69060510213843 -204.92667909701524 548 550 -1
550 -34.43586027815315 -36.733766844810596 -205.1094051153874 549 551 -1
551 -34.44394196040826 -36.776012196724274 -205.292352013042 550 552 -1
552 -34.45183609332207 -36.81730356187724 -205.47552474173028 551 553 -1
553 -34.45950931525289 -36.85760513732958 -205.65892714163869 552 554 -1
554 -34.466925698660006 -36.89687107481615 -205.84256458418025 553 555 -1
555 -34.47405304400164 -36.93507078604644 -206.02643818632066 554 556 -1
556 -34.480853386966245 -36.97215317572494 -206.21055271693544 555 557 -1
557 -34.487294732862054 -37.00808809102017 -206.39490750683353 556 558 -1
558 -34.49333885912954 -37.04282564818961 -206.57950506116492 557 559 -1
559 -34.49895235729204 -37.07633103491538 -206.76434378165155 558 560 -1
560 -34.50409723151215 -37.10855653875493 -206.94942351959162 559 561 -1
561 -34.50873888043403 -37.13946407219735 -207.13474116466926 560 562 -1
562 -34.512839242397256 -37.169006726419184 -207.32029399938048 561 563 -1
563 -34.51636307233858 -37.1971448929474 -207.50607680088498 562 564 -1
564 -34.51931976041979 -37.22385973489156 -207.6920795411432 563 565 -1
565 -34.521940985923784 -37.249273042764756 -207.878269743104 564 566 -1
566 -34.524523134371144 -37.27353859746034 -208.0646136385843 565 567 -1
567 -34.5273635353125 -37.296822102032635 -208.25107907194698 566 568 -1
568 -34.530764222278975 -37.31927997479393 -208.43763635755727 567 569 -1
569 -34.53501885647292 -37.3410803562373 -208.6242540399685 568 570 -1
570 -34.54043617579339 -37.36238132939501 -208.8108991397394 569 571 -1
571 -34.54730136295946 -37.3833500372839 -208.9975340563808 570 572 -1
572 -34.55592794377935 -37.404146403838794 -209.1841149187802 571 573 -1
573 -34.56659114124665 -37.42493295922608 -209.37059128955573 572 574 -1
574 -34.57959977828545 -37.44586990187539 -209.556901571138 573 575 -1
575 -34.59521897703399 -37.46711294340463 -209.74297611665267 574 576 -1
576 -34.61374490986122 -37.48881885314296 -209.9287298657715 575 577 -1
577 -34.63542293307117 -37.511133783278126 -210.1140694376946 576 578 -1
578 -34.6605318954053 -37.53420747894288 -210.29888183154864 577 579 -1
579 -34.68927910785688 -37.558170578469884 -210.48304936835353 578 580 -1
580 -34.72192549033303 -37.5831637531709 -210.66642790207868 579 581 -1
581 -34.758632162190494 -37.6092979880799 -210.84887665401368 580 582 -1
582 -34.79958405952901 -37.636686626898985 -211.0302343249465 581 583 -1
583 -34.84471198221968 -37.665366656117286 -211.21039796752257 582 584 -1
584 -34.893620890939296 -37.6952784965569 -211.38937131991588 583 585 -1
585 -34.94593411026191 -37.726367715231774 -211.5671782651337 584 586 -1
586 -35.001300085952906 -37.75858749048436 -211.74385660262385 585 587 -1
587 -35.05937399078737 -37.791891774254836 -211.91946168682395 586 588 -1
588 -35.11982788758595 -37.82623831992443 -212.0940602910324 587 589 -1
589 -35.182357193724414 -37.86159187943981 -212.26772480388652 588 590 -1
590 -35.246672554834184 -37.89792142051569 -212.44053381327453 589 591 -1
591 -35.312498357322106 -37.935199851195016 -212.6125705068497 590 592 -1
592 -35.37957113384942 -37.97340373701449 -212.7839213687729 591 593 -1
593 -35.44763791013017 -38.01251301817383 -212.95467512712437 592 594 -1
594 -35.516454527139935 -38.05251073102297 -213.12492190815388 593 595 -1
595 -35.585783961644026 -38.093382735706925 -213.29475255630126 594 596 -1
596 -35.655394659483086 -38.135117449821955 -213.46425808204987 595 597 -1
597 -35.72505888991085 -38.177705586326866 -213.63352920273164 596 598 -1
598 -35.794551125121465 -38.22113989261669 -213.8026559441066 597 599 -1
599 -35.863646446664845 -38.26541488652251 -213.9717272727212 598 600 -1
600 -35.932117373052996 -38.3105281524746 -214.1408309548815 599 601 -1
601 -35.99973584271567 -38.35647565790151 -214.3100528892126 600 602 -1
602 -36.06626998931081 -38.403255031921795 -214.47947644936912 601 603 -1
603 -36.131486690750066 -38.450863561764876 -214.64918089895906 602 604 -1
604 -36.19525796735119 -38.49926537520635 -214.81920994825987 603 605 -1
605 -36.25757369375196 -38.548388232346056 -214.98957159565816 604 606 -1
606 -36.31843016815558 -38.598157377662965 -215.16027286682527 605 607 -1
607 -36.377823744235656 -38.64849740780357 -215.33132166882731 606 608 -1
608 -36.43575077057595 -38.69933222502906 -215.50272672785232 607 609 -1
609 -36.49220753277541 -38.7505849827333 -215.67449752375825 608 610 -1
610 -36.54719019831898 -38.80217802355238 -215.84664422119351 609 611 -1
611 -36.60069476430968 -38.854032810605915 -216.0191775969744 610 612 -1
612 -36.6527170081603 -38.9060698524363 -216.19210896333715 611 613 -1
613 -36.70325244135126 -38.9582086222439 -216.36545008661898 612 614 -1
614 -36.75229626637456 -39.01036747205552 -216.5392131008594 613 615 -1
615 -36.799843337003644 -39.06246354251323 -216.7134104157557 614 616 -1
616 -36.84588391315483 -39.11441202363911 -216.8880559004113 615 617 -1
617 -36.89041505394676 -39.16612727481695 -217.06316136424624 616 618 -1
618 -36.93343088082157 -39.217522159920065 -217.23873928190037 617 619 -1
619 -36.97492450802703 -39.26850788444837 -217.41480212304555 618 620 -1
620 -37.014888558689734 -39.31899394871821 -217.59136206172522 619 621 -1
621 -37.05331514991226 -39.36888805010198 -217.76843083507111 620 622 -1
622 -37.09018856997414 -39.41809231833314 -217.94602208563578 621 623 -1
623 -37.12550469181199 -39.466511981056094 -218.1241446412797 622 624 -1
624 -37.15925579926503 -39.514049395169685 -218.30280737566065 623 625 -1
625 -37.19143193007021 -39.5606039924983 -218.48201862193952 624 626 -1
626 -37.22201117302336 -39.606064466241705 -218.66178941154706 625 627 -1
627 -37.25099239107868 -39.65033159398333 -218.84212176065114 626 628 -1
628 -37.278365054097755 -39.693298419884265 -219.02301901216825 627 629 -1
629 -37.304104144634984 -39.73484275191183 -219.2044873658205 628 630 -1
630 -37.32820841355883 -39.77486077913418 -219.38652223923427 629 631 -1
631 -37.350661816596876 -39.813233672694224 -219.56912149360411 630 632 -1
632 -37.37144498103724 -39.84983599591862 -219.75228101723738 631 633 -1
633 -37.39055599419995 -39.88455920997237 -219.93598761404752 632 634 -1
634 -37.407964441703434 -39.91725986632547 -220.12023368174354 633 635 -1
635 -37.42367567539603 -39.94783500279312 -220.3049964253042 634 636 -1
636 -37.437657631843884 -39.976132583514804 -220.49026016340625 635 637 -1
637 -37.44991670030257 -40.00205028213518 -220.67599341178533 636 638 -1
638 -37.46044231135636 -40.02554127138025 -220.86215542375413 637 639 -1
639 -37.469292431275065 -40.04678278327236 -221.04867474247482 638 640 -1
640 -37.47650368284763 -40.065936945063626 -221.2354906565393 639 641 -1
641 -37.48213373134944 -40.083195145187865 -221.42254571350293 640 642 -1
642 -37.48623562981625 -40.09874379773743 -221.60979055439563 641 643 -1
643 -37.48886005402939 -40.11276912061797 -221.797182340182 642 644 -1
644 -37.490073542736006 -40.125474093306984 -221.9846828744247 643 645 -1
645 -37.48992462873282 -40.137046281703974 -222.1722607406972 644 646 -1
646 -37.48848119698903 -40.14769082649849 -222.3598881475598 645 647 -1
647 -37.485802925527786 -40.157606089281444 -222.54754205733184 646 648 -1
648 -37.48194635624509 -40.16699098598893 -222.73520280320838 647 649 -1
649 -37.476980998411605 -40.17604993378474 -222.92285356405617 648 650 -1
650 -37.47096301051606 -40.18498349293697 -223.11047957360012 649 651 -1
651 -37.463958068198515 -40.19399491295213 -223.29806762041164 650 652 -1
652 -37.45603148164853 -40.20328523924231 -223.48560538094006 651 653 -1
653 -37.44723944223593 -40.213060818350876 -223.6730798672099 652 654 -1
654 -37.437652616910675 -40.22351965897974 -223.86047846115497 653 655 -1
655 -37.427331645963534 -40.23486558910471 -224.04778637428913 654 656 -1
656 -37.416260603727146 -40.24717451914045 -224.2349906216518 655 657 -1
657 -37.40416061366054 -40.26008264678152 -224.42209077227915 656 658 -1
658 -37.39067926677504 -40.273135807673526 -224.60908621453763 657 659 -1
659 -37.375481950808954 -40.28587662969469 -224.79597123175677 658 660 -1
660 -37.35822845697048 -40.297850648400434 -224.9827279354387 659 661 -1
661 -37.33857091839482 -40.3085961092387 -225.16932108072206 660 662 -1
662 -37.31619536460833 -40.317668656244145 -225.35569604527953 661 663 -1
663 -37.29075928192326 -40.32460434500944 -225.54176909366288 662 664 -1
664 -37.26196738419859 -40.32896881422248 -225.72742967628182 663 665 -1
665 -37.229524868065475 -40.3303270894247 -225.91253270270923 664 666 -1
666 -37.19315529402678 -40.32825505172264 -226.0968964597582 665 667 -1
667 -37.152639547094964 -40.32237677593895 -226.28031004127544 666 668 -1
668 -37.107756628719514 -40.3123116080569 -226.4625197924511 667 669 -1
669 -37.05837317026912 -40.297760890984286 -226.6432552574151 668 670 -1
670 -37.00438143490478 -40.27845151626445 -226.82221754720015 669 671 -1
671 -36.94571658792601 -40.25415352220702 -226.9990881066471 670 672 -1
672 -36.882408619163044 -40.22474027213538 -227.17356393479943 671 673 -1
673 -36.81451548696884 -40.190120678069846 -227.34533923922962 672 674 -1
674 -36.74214918614072 -40.1502700730395 -227.51412842613084 673 675 -1
675 -36.66547130905694 -40.10522935472382 -227.6796778437138 674 676 -1
676 -36.58468628830561 -40.05510123199009 -227.84177608356256 675 677 -1
677 -36.5 -40.0 -228.0 676 678 679
678 -36.34455277043728 -39.84455277043729 -228.0583815137919 677 680 -1
679 -36.52255513873084 -40.11196611987384 -228.23869648116622 677 681 -1
680 -36.18390524233067 -39.68390524233065 -228.06457055049725 678 682 -1
681 -36.54108117533224 -40.22058326614171 -228.47927770577056 679 683 -1
682 -36.027133223672955 -39.527133223672955 -228.0143667907031 680 684 -1
683 -36.55544052195928 -40.325846094796304 -228.7216280926308 681 685 -1
684 -35.8812935517999 -39.3812935517999 -227.9182303564651 682 686 -1
685 -36.56549735584233 -40.427763253716456 -228.96561963308068 683 687 -1
686 -35.747115336226855 -39.24711533622686 -227.7923028454433 684 688 -1
687 -36.57112452984586 -40.52636497261312 -229.2111112259402 685 689 -1
688 -35.621421599702835 -39.12142159970284 -227.64979037844205 686 690 -1
689 -36.57220437072552 -40.62170440560829 -229.45794983157217 687 691 -1
690 -35.49999999999999 -38.99999999999999 -227.49999999999994 688 692 -1
691 -36.568629514969004 -40.71385901918426 -229.70597164824068 689 693 -1
692 -35.37857840029714 -38.87857840029714 -227.35020962155787 690 694 -1
693 -36.56030555601353 -40.802933093791985 -229.9550030037539 691 695 -1
694 -35.25288466377311 -38.752884663773116 -227.20769715455663 692 696 -1
695 -36.54715159621546 -40.889058578943605 -230.20486197967932 693 697 -1
696 -35.11870644820007 -38.61870644820007 -227.0817696435348 694 698 -1
697 -36.529102346696526 -40.972396726063955 -230.4553598178993 695 699 -1
698 -34.97286677632702 -38.47286677632702 -226.98563320929685 696 700 -1
699 -36.506108046334816 -41.05313817833375 -230.70630271643887 697 701 -1
700 -34.81609475766932 -38.316094757669326 -226.9354294495027 698 702 -1
701 -36.47813700103621 -41.13150419445375 -230.95749333590834 699 703 -1
702 -34.655447229562704 -38.155447229562704 -226.94161848620806 700 704 -1
703 -36.445174754471815 -41.2077457658866 -231.20873255419187 701 705 -1
704 -34.5 -38.0 -227.0 702 -1 -1
705 -36.40722458548526 -41.28214325718602 -231.4598208399722 703 706 -1
706 -36.36430874720716 -41.35500586753375 -231.71055954067225 705 707 -1
707 -36.316468462274514 -41.42667011849714 -231.96075198553316 706 708 -1
708 -36.26376292384949 -41.49749787841314 -232.2102040973025 707 709 -1
709 -36.206269958443585 -41.567874493276115 -232.45872484555696 708 710 -1
710 -36.1440859243677 -41.63820626554484 -232.70612636064752 709 711 -1
711 -36.07732534731807 -41.70891760345606 -232.9522236603948 710 712 -1
712 -36.006121077225956 -41.78044781223896 -233.19683422752956 711 713 -1
713 -35.93062386037542 -41.853247615486616 -233.43977717541816 712 714 -1
714 -35.851002666677196 -41.927775185978255 -233.6808725054152 713 715 -1
715 -35.76744479192043 -42.00449169734503 -233.91994029778928 714 716 -1
716 -35.680155351462886 -42.08385687451213 -234.156799618654 715 717 -1
717 -35.5893576083923 -42.16632367437352 -234.3912680447394 716 718 -1
718 -35.49529269843133 -42.252332715920936 -234.6231613036369 717 719 -1
719 -35.39821883656668 -42.34230680073268 -234.8522930358559 718 720 -1
720 -35.298410579920414 -42.43664492873575 -235.07847527916422 719 721 -1
721 -35.196157575616844 -42.53571629553999 -235.30151946606117 720 722 -1
722 -35.09176279654734 -42.63985436978471 -235.52123804684905 721 723 -1
723 -34.98554004799949 -42.74935179512927 -235.7374464035732 722 724 -1
724 -34.87781107577063 -42.864455746484936 -235.94996540686054 723 725 -1
725 -34.76890214804961 -42.985364242675466 -236.15862433779003 724 726 -1
726 -34.65914026087682 -43.11222314551419 -236.36326436378548 725 727 -1
727 -34.548848867176666 -43.2451258442447 -236.56374114920862 726 728 -1
728 -34.438343760895854 -43.38411303383988 -236.7599281910151 727 729 -1
729 -34.327928930058434 -43.52917432487053 -236.95171954070253 728 730 -1
730 -34.21789281124077 -43.68025235735025 -237.1390311122458 729 731 -1
731 -34.10850489445915 -43.837245359385086 -237.3218033190042 730 732 -1
732 -34.0 -44.0 -237.5 731 733 734
733 -33.98929259372767 -43.9576444634998 -237.66206640223615 732 735 -1
734 -33.84375558419119 -44.127316639841 -237.4938914421586 732 736 -1
735 -33.978459811941995 -43.91584247419257 -237.82432609902457 733 737 -1
736 -33.68880587367797 -44.25627009350383 -237.4898984608379 734 738 -1
737 -33.96740131456784 -43.874594136987305 -237.9867122111182 735 739 -1
738 -33.535021047921106 -44.38665650603179 -237.48788718701104 736 740 -1
739 -33.95611811092451 -43.83389459047513 -238.14922129333573 737 741 -1
740 -33.38229290271211 -44.51829471058141 -237.4877263070764 738 742 -1
741 -33.94461121580235 -43.79373894236874 -238.3118499544824 739 743 -1
742 -33.230505487931445 -44.651007861073495 -237.48928362556535 740 744 -1
743 -33.93288164899795 -43.75412227118463 -238.47459485733833 741 745 -1
744 -33.079535797898416 -44.784622947756866 -237.49242630046334 742 746 -1
745 -33.92093043485878 -43.71503962789442 -238.63745271861052 743 747 -1
746 -32.929254361043895 -44.918970164271784 -237.49702094584723 744 748 -1
747 -33.908758481875125 -43.676486323830694 -238.8004203670474 745 749 -1
748 -32.77952573370264 -45.05388214439063 -237.50293361305512 746 750 -1
749 -33.89636685441166 -43.63845727888682 -238.96349460731156 747 751 -1
750 -32.63020890696965 -45.18919308274611 -237.51002966149025 748 752 -1
751 -33.883756670536826 -43.600947272373176 -239.1266722760302 749 753 -1
752 -32.4811576391555 -45.32473775017084 -237.5181735297061 750 754 -1
753 -33.87092896836668 -43.563951260850075 -239.2899503044072 751 755 -1
754 -32.33222072962504 -45.46035041095439 -237.52722841682734 752 756 -1
755 -33.85788478844828 -43.52746418108326 -239.45332567683627 753 757 -1
756 -32.183242252927634 -45.59586364652851 -237.53705588380325 754 758 -1
757 -33.844625173364165 -43.491480951502055 -239.61679543066444 755 759 -1
758 -32.03406177532941 -45.73110708796244 -237.5475153836321 756 760 -1
759 -33.83115102364036 -43.455996806113575 -239.7803567155984 757 761 -1
760 -31.88451457932102 -45.86590605833493 -237.55846372968853 758 762 -1
761 -33.8174634279738 -43.42100652596367 -239.94400665174422 759 763 -1
762 -31.73443192554748 -46.000080125725276 -237.5697545117717 760 764 -1
763 -33.80356352790876 -43.38650476122563 -240.1077423929488 761 765 -1
764 -31.58364138599677 -46.1334415684488 -237.5812374706358 762 766 -1
765 -33.78945237037869 -43.35248637061765 -240.27156118541438 763 767 -1
766 -31.431967287232435 -46.265793756528915 -237.592757843705 764 768 -1
767 -33.77513100253206 -43.3189462012835 -240.43546032672947 765 769 -1
768 -31.27923130791628 -46.39692945759084 -237.60415569759536 766 770 -1
769 -33.76060032556485 -43.28587941788686 -240.5994372180896 767 771 -1
770 -31.12525333407885 -46.526629146192946 -237.6152652633491 768 772 -1
771 -33.74586140090869 -43.25328080889698 -240.76348924882004 769 773 -1
772 -30.96986300371452 -46.65467206695484 -237.6259136108255 770 774 -1
773 -33.73091539986218 -43.22114490994203 -240.9276138216123 771 775 -1
774 -30.812919213221285 -46.780858271446114 -237.63591923681048 772 776 -1
775 -33.71576336717172 -43.18946653370664 -241.09180843552227 773 777 -1
776 -30.654286062797183 -46.90497799703367 -237.6450918306098 774 778 -1
777 -33.70040631282729 -43.1582405604455 -241.25607064956458 775 779 -1
778 -30.49381889041749 -47.026790474915025 -237.6532249007921 776 780 -1
779 -33.68484504120573 -43.127462308062874 -241.4203981333182 777 781 -1
780 -30.33141483666921 -47.1460850488585 -237.6601253389622 778 782 -1
781 -33.669080857400466 -43.097125989686845 -241.58478844471045 779 783 -1
782 -30.166965029838725 -47.26261880467059 -237.6655867663016 780 784 -1
783 -33.653114799055096 -43.067226401340086 -241.74923927699484 781 785 -1
784 -30.00036252262784 -47.376120545503056 -237.66938928034193 782 786 -1
785 -33.636947850866115 -43.03775844528742 -241.91374838489807 783 787 -1
786 -29.83151024445223 -47.486295222251364 -237.67130156452652 784 788 -1
787 -33.620580815056016 -43.008717400908516 -242.07831361666243 785 789 -1
788 -29.66037260769477 -47.59290082718532 -237.6711272815527 786 790 -1
789 -33.60401499658316 -42.980097470320665 -242.24293272592175 787 791 -1
790 -29.48689996888699 -47.69563204155534 -237.66863918498746 788 792 -1
791 -33.587251421883046 -42.951893448606924 -242.4076035919241 789 793 -1
792 -29.311060437743993 -47.79415807492708 -237.66360024482884 790 794 -1
793 -33.57029091840447 -42.92410053819756 -242.57232418664663 791 795 -1
794 -29.132903368374603 -47.888241916426686 -237.65583795121285 792 796 -1
795 -33.55313453891633 -42.89671346121462 -242.73709246586944 793 797 -1
796 -28.95245472834958 -47.977546112993956 -237.64512645713958 794 798 -1
797 -33.53578345611 -42.869726693217736 -242.90190640285897 795 799 -1
798 -28.769801751807737 -48.06179361384802 -237.63128543234146 796 800 -1
799 -33.51823859433766 -42.84313521879857 -243.0667640728944 797 801 -1
800 -28.585080984772073 -48.14076690276348 -237.61418010111913 798 802 -1
801 -33.50050075715375 -42.81693425590746 -243.2316636152753 799 803 -1
802 -28.398417052549135 -48.214148714216364 -237.59362257968704 800 804 -1
803 -33.48257123389289 -42.791118039228394 -243.3966031067519 801 805 -1
804 -28.210042734803302 -48.28189273205214 -237.56960448475039 802 806 -1
805 -33.464450967837216 -42.76568150316605 -243.5615807409246 803 807 -1
806 -28.0202554074877 -48.34423806169034 -237.54230338030195 804 808 -1
807 -33.44614066485053 -42.740620040778765 -243.72659479316982 805 809 -1
808 -27.829318675399765 -48.4014235040424 -237.51188913325382 806 810 -1
809 -33.427641652547194 -42.715927817941484 -243.89164346017026 807 811 -1
810 -27.637473965773367 -48.45373473965635 -237.4785502888162 808 812 -1
811 -33.40895481729172 -42.69159987082437 -244.05672506249988 809 813 -1
812 -27.44493449081497 -48.50148859849947 -237.4424851502386 810 814 -1
813 -33.39008091523645 -42.667631475716355 -244.22183797666892 811 815 -1
814 -27.251876995021867 -48.54495990460776 -237.40385922530288 812 816 -1
815 -33.37102123594673 -42.64401688637424 -244.38698052922337 813 817 -1
816 -27.05845312136738 -48.584418064558584 -237.36282823080793 814 818 -1
817 -33.35177653537117 -42.620751376181225 -244.5521511706713 815 819 -1
818 -26.864791480818795 -48.62010759119509 -237.31952711987753 816 820 -1
819 -33.332347763889324 -42.597829843399516 -244.71734835501047 817 821 -1
820 -26.67100300406213 -48.65229454106326 -237.27409873976373 818 822 -1
821 -33.31273609896033 -42.575246770122206 -244.88257054273308 819 823 -1
822 -26.47718002251838 -48.681235498060175 -237.22667609747776 820 824 -1
823 -33.292942095151304 -42.552997785250184 -245.04781631221658 821 825 -1
824 -26.283399103057793 -48.70716492317987 -237.17737508342393 822 826 -1
825 -33.27296703655241 -42.53107717982563 -245.21308418138997 823 827 -1
826 -26.089723841085956 -48.73030814501331 -237.12630269103977 824 828 -1
827 -33.25281173665 -42.5094801079524 -245.378372763021 825 829 -1
828 -25.89620663658497 -48.7508817057149 -237.0735575212184 826 830 -1
829 -33.232477021173395 -42.488201694288186 -245.54368069862898 827 831 -1
830 -25.702890264041823 -48.76909390530336 -237.01923031407466 828 832 -1
831 -33.21196410178164 -42.46723638709995 -245.70900662370448 829 833 -1
832 -25.509809250405908 -48.78514550121399 -236.96340448883197 830 834 -1
833 -33.191273419662906 -42.446579982909014 -245.87434928123622 831 835 -1
834 -25.316991078350743 -48.79923053025438 -236.90615667807566 832 836 -1
835 -33.17040636512505 -42.42622663138757 -246.03970735667357 833 837 -1
836 -25.124457233639795 -48.81153722912896 -236.84755724701836 834 838 -1
837 -33.14936350254955 -42.40617190947484 -246.20507964079854 835 839 -1
838 -24.93222411585728 -48.82224903755995 -236.78767079191346 836 840 -1
839 -33.1281459280496 -42.38641048787754 -246.37046491004742 837 841 -1
840 -24.74030383158245 -48.83154567488242 -236.7265566145109 838 842 -1
841 -33.106754441891646 -42.36693754168856 -246.53586199440323 839 843 -1
842 -24.548704888586553 -48.839604287010665 -236.664269171633 840 844 -1
843 -33.085189912213266 -42.3477481320182 -246.70126974720696 841 845 -1
844 -24.357433890208416 -48.846597757830274 -236.600854972304 842 846 -1
845 -33.0634533094446 -42.328837159480045 -246.86668704547432 843 847 -1
846 -24.1664937859837 -48.85270384334641 -236.53636090821897 844 848 -1
847 -33.04154533816586 -42.31019995521453 -247.03211280828654 845 849 -1
848 -23.975885150644764 -48.8581020415627 -236.47083136268313 846 850 -1
849 -33.01946707513812 -42.29183126215778 -247.19754596477932 847 851 -1
850 -23.7856077194691 -48.862972867928065 -236.404305370429 848 852 -1
851 -32.997219123976876 -42.27372657141502 -247.3629854912794 849 853 -1
852 -23.595660241778905 -48.86750150017251 -236.33681909400417 850 854 -1
853 -32.97480260584739 -42.25588057445936 -247.52843037163538 851 855 -1
854 -23.406040963311547 -48.871879590430375 -236.26840619011512 852 856 -1
855 -32.95221808414919 -42.23828882262649 -247.69387963335646 853 857 -1
856 -23.21674973492658 -48.87630853599245 -236.19909395909409 854 858 -1
857 -32.929466664442636 -42.22094605155824 -247.859332315341 855 859 -1
858 -23.027791441488414 -48.88100477940787 -236.12889664486823 856 860 -1
859 -32.90654892880337 -42.20384778341361 -248.0247874924221 857 861 -1
860 -22.839222804908534 -48.8861849418321 -236.05769328803453 858 862 -1
861 -32.88346590910175 -42.18698888308219 -248.1902442568552 859 863 -1
862 -22.651158679675742 -48.892078433995906 -235.9852230267671 860 864 -1
863 -32.860218263117666 -42.170364764438595 -248.3557017289275 861 865 -1
864 -22.463730513679344 -48.89893096514307 -235.91120694839958 862 866 -1
865 -32.83680689287162 -42.15397049619907 -248.5211590507436 863 867 -1
866 -22.277071106627798 -48.906978022202395 -235.83539130190155 864 868 -1
867 -32.81323258700938 -42.13780131509503 -248.6866153879594 865 869 -1
868 -22.091353699114432 -48.916500735480334 -235.75746397135075 866 870 -1
869 -32.789496063463915 -42.12185255782254 -248.85206992740706 867 871 -1
870 -21.90673714622049 -48.92773571694555 -235.67718590783045 868 872 -1
871 -32.765598295043915 -42.10611922528885 -249.0175218816185 869 873 -1
872 -21.723431040963888 -48.94097168268174 -235.59425518810642 870 874 -1
873 -32.741539763272165 -42.09059697599072 -249.18297047560674 871 875 -1
874 -21.541637289239457 -48.956454743365526 -235.5084368357748 872 876 -1
875 -32.71732161081259 -42.07528060967372 -249.3484149696995 873 877 -1
876 -21.3615823036164 -48.9744356151061 -235.41949781608136 874 878 -1
877 -32.69294422959681 -42.0601659004675 -249.51385462529527 875 879 -1
878 -21.18352916254996 -48.99518116631887 -235.32719610357435 876 880 -1
879 -32.66840868110181 -42.04524777785964 -249.67928874337065 877 881 -1
880 -21.00769950534019 -49.01887339740887 -235.23140874962036 878 882 -1
881 -32.643715595066226 -42.03052172261629 -249.8447166307633 879 883 -1
882 -20.834263165079907 -49.045763119681986 -235.13216423218813 880 884 -1
883 -32.6188656662327 -42.015983135089435 -250.0101376142987 881 885 -1
884 -20.6632091883626 -49.07605305501054 -235.02981329905404 882 886 -1
885 -32.593859862160805 -42.00162710450379 -250.1755510527311 883 887 -1
886 -20.494517748700392 -49.109944074975616 -234.92470670890106 884 888 -1
887 -32.56869854347228 -41.98744943099253 -250.3409562921872 885 889 -1
888 -20.328200061499203 -49.14768745820396 -234.81715836770013 886 890 -1
889 -32.543382779287086 -41.9734451078271 -250.506352733398 887 891 -1
890 -20.164196242925286 -49.18941159464221 -234.707547028419 888 892 -1
891 -32.517913187244446 -41.959609653647135 -250.6717397703857 889 893 -1
892 -20.002528678644246 -49.23537856669584 -234.59617632989634 890 894 -1
893 -32.49229035151337 -41.94593862000341 -250.83711680984175 891 895 -1
894 -19.84313417018949 -49.28568330183113 -234.48341315073137 892 896 -1
895 -32.46651522906097 -41.93242717152473 -251.00248329982838 893 897 -1
896 -19.68602806642527 -49.34055306017299 -234.36957262452952 894 898 -1
897 -32.44058830139737 -41.919070979979004 -251.16783867138605 895 899 -1
898 -19.53115932926266 -49.40006416681214 -234.25500075389803 896 900 -1
899 -32.414510339960124 -41.90586542120993 -251.33318239093418 897 901 -1
900 -19.378548583868046 -49.46441883993649 -234.1400182066186 898 902 -1
901 -32.38828216967296 -41.89280583581832 -251.49851394539837 899 903 -1
902 -19.228143846254206 -49.53363815720908 -234.024954727404 900 904 -1
903 -32.36190421594881 -41.87988795421087 -251.66383280279348 901 905 -1
904 -19.079982784465084 -49.60791346821054 -233.91013358021982 902 906 -1
905 -32.335377329564196 -41.867107108034965 -251.82913848051547 903 907 -1
906 -18.93402378381332 -49.68722924864985 -233.7958654150191 904 908 -1
907 -32.30870225852575 -41.85445874409349 -251.99443050216837 905 909 -1
908 -18.790273709777697 -49.771649281570085 -233.68245714535297 906 910 -1
909 -32.281879422967485 -41.84193860155903 -252.15970837300506 907 911 -1
910 -18.648748386821982 -49.861160297815616 -233.5701592737541 908 912 -1
911 -32.25490965152151 -41.82954206929659 -252.32497164953307 909 913 -1
912 -18.509372801027776 -49.9553046672385 -233.45896561943812 910 914 -1
913 -32.22779366724234 -41.81726464542808 -252.49021989165766 911 915 -1
914 -18.37207797704909 -50.05364694886466 -233.34881982972252 912 916 -1
915 -32.200531932742265 -41.80510204222239 -252.65545264352647 913 917 -1
916 -18.23678487188602 -50.15578758388475 -233.23965649838286 914 918 -1
917 -32.17312515931683 -41.79304977813955 -252.82066948636523 915 919 -1
918 -18.103403524160484 -50.26135289426196 -233.1314012390026 916 920 -1
919 -32.14557409394214 -41.78110336213055 -252.98587001750593 917 921 -1
920 -17.97181408502191 -50.36995878184417 -233.02396304528412 918 922 -1
921 -32.117879286479976 -41.76925845756565 -253.15105382279233 919 923 -1
922 -17.841907292826626 -50.48127636491767 -232.91725417910064 920 924 -1
923 -32.09004124182722 -41.75751075695098 -253.3162204917458 921 925 -1
924 -17.713570459935028 -50.59499993495239 -232.8111837593943 922 926 -1
925 -32.06206077673824 -41.745855753448524 -253.4813696614902 923 927 -1
926 -17.586689144154374 -50.710845171606394 -232.70565894684952 924 928 -1
927 -32.03393850219001 -41.734289093096294 -253.64650095451444 925 929 -1
928 -17.46114844827429 -50.828547245179315 -232.60058586182092 926 930 -1
929 -32.00567483757456 -41.722806538812776 -253.81161397696573 927 931 -1
930 -17.336834003929994 -50.947858881133634 -232.49587027474482 928 932 -1
931 -31.97727050835012 -41.71140367598917 -253.9767083827772 929 933 -1
932 -17.21363269252339 -51.06854843908698 -232.39141810618028 930 934 -1
933 -31.948726178102273 -41.70007614368531 -254.14178382709486 931 935 -1
934 -17.091433150911634 -51.190398041120886 -232.28713577037624 932 936 -1
935 -31.92004243746441 -41.68881963204767 -254.30683996344104 933 937 -1
936 -16.970126103939265 -51.31320177074761 -232.18293039251034 934 938 -1
937 -31.89121965173737 -41.677629941360614 -254.47187642027365 935 939 -1
938 -16.84960456024196 -51.436763953759396 -232.07870992593885 936 940 -1
939 -31.862258615573406 -41.666502673104986 -254.63689289388665 937 941 -1
940 -16.72976390245552 -51.56089752481702 -231.9743831922187 938 942 -1
941 -31.833159917607702 -41.65543354268844 -254.80188905887158 939 943 -1
942 -16.61050514411507 -51.68542391436289 -231.8698578835329 940 944 -1
943 -31.803924129238517 -41.64441828147872 -254.96686459371355 941 945 -1
944 -16.49172492623639 -51.81016495252929 -231.76504398050463 942 946 -1
945 -31.77455163137744 -41.63345269267865 -255.13181915314945 943 947 -1
946 -16.373324060684087 -51.93494916512724 -231.65985293239973 944 948 -1
947 -31.745043150160903 -41.622532460629984 -255.29675245040883 945 949 -1
948 -16.255206876040216 -52.05960887937145 -231.55419641190838 946 950 -1
949 -31.71539927073605 -41.61165333577405 -255.4616641830673 947 951 -1
950 -16.137279801847953 -52.18397806082785 -231.4479866587143 948 952 -1
951 -31.685620546445584 -41.60081108768333 -255.62655404872373 949 953 -1
952 -16.01945125918497 -52.30789107964806 -231.34113638972386 950 954 -1
953 -31.65570743711314 -41.590001513897334 -255.79142173387612 951 955 -1
954 -15.901631061486244 -52.431176629290434 -231.233553717013 952 956 -1
955 -31.625660475733376 -41.579220395834795 -255.95626694076003 953 957 -1
956 -15.7837297141068 -52.5536631190889 -231.1251505494515 954 958 -1
957 -31.59548030894829 -41.56846350402709 -256.1210893951078 955 959 -1
958 -15.66566120743464 -52.67518279688388 -231.0158452323062 956 960 -1
959 -31.56516747328965 -41.55772664315165 -256.2858888079849 957 961 -1
960 -15.547341466372266 -52.79556007893121 -230.90555224226654 958 962 -1
961 -31.53472250131327 -41.54700562608668 -256.4506648929575 959 963 -1
962 -15.428688366600563 -52.91461419342762 -230.7941866455314 960 964 -1
963 -31.50414581082694 -41.536296280085075 -256.61541734555016 961 965 -1
964 -15.309621878903783 -53.0321581502748 -230.6816642903885 962 966 -1
965 -31.473437978683254 -41.52559442211562 -256.78014589200234 963 967 -1
966 -15.190059838491548 -53.14798277283369 -230.56789172400244 964 968 -1
967 -31.442599589261906 -41.51489588321923 -256.9448502627493 965 969 -1
968 -15.06992888794025 -53.26189204647451 -230.45279294878384 966 970 -1
969 -31.411631159946005 -41.504196507459454 -257.1095301780205 967 971 -1
970 -14.949158812853117 -53.37368006175646 -230.33629239427387 968 972 -1
971 -31.380533204561484 -41.493492146129 -257.27418535887966 969 973 -1
972 -14.827681527353555 -53.483126045799864 -230.21831335964427 970 974 -1
973 -31.349306184299135 -41.48277865248928 -257.43881551722353 971 975 -1
974 -14.705433213054013 -53.58999889247803 -230.09878254765394 972 976 -1
975 -31.317950553022428 -41.472051879782846 -257.6034203637741 973 977 -1
976 -14.582355102732372 -53.694056710061176 -229.9776310060047 974 978 -1
977 -31.286466920630954 -41.46130770768308 -257.7679996407735 975 979 -1
978 -14.458396929119257 -53.795054832279995 -229.8547993532524 976 980 -1
979 -31.25485578750239 -41.45054201476259 -257.93255306938977 977 981 -1
980 -14.333555656058998 -53.89287551496259 -229.7303014713 978 982 -1
981 -31.223117650897056 -41.43975068586432 -258.0970803700146 979 983 -1
982 -14.207862086026125 -53.98750635161738 -229.60420576767117 980 984 -1
983 -31.191253005047848 -41.428929611914114 -258.26158126194736 981 985 -1
984 -14.081355574255898 -54.0789747365889 -229.47659850701345 982 986 -1
985 -31.159262290753677 -41.418074674476514 -258.42605545222995 983 987 -1
986 -13.954071087103529 -54.16730164472159 -229.34755981677492 984 988 -1
987 -31.127145965665097 -41.407181760678554 -258.5905026498563 985 989 -1
988 -13.82604178398982 -54.25251079792775 -229.21716859074044 986 990 -1
989 -31.094904600230496 -41.39624680163659 -258.7549225869396 987 991 -1
990 -13.697299542316534 -54.33463094681448 -229.08550344858932 988 992 -1
991 -31.06253867740934 -41.385265710997 -258.919314975283 989 993 -1
992 -13.567874811764465 -54.41369553713701 -228.95264242636208 990 994 -1
993 -31.03004867759702 -41.37423440756862 -259.0836795240414 991 995 -1
994 -13.43779649120874 -54.48974236310322 -228.81866269941503 992 996 -1
995 -30.997435078719697 -41.363148815145635 -259.24801593941504 993 997 -1
996 -13.307091827561209 -54.56281321322732 -228.68364033839836 994 998 -1
997 -30.964698356329556 -41.35200486233235 -259.41232392434483 995 999 -1
998 -13.17578633551727 -54.632953513967536 -228.54765009816012 996 1000 -1
999 -30.93183891010183 -41.34079844233398 -259.57660316071946 997 1001 -1
1000 -13.04390373692031 -54.70021197585632 -228.4107652389302 998 1002 -1
1001 -30.898857246282052 -41.329525505474784 -259.7408533517704 999 1003 -1
1002 -12.911465918258353 -54.76464024626647 -228.27305737868204 1000 1004 -1
1003 -30.86575387524677 -41.31818201505347 -259.9050741985439 1001 1005 -1
1004 -12.778492904671527 -54.826292572374506 -228.13459637519978 1002 1006 -1
1005 -30.832529263950722 -41.30676391739717 -260.0692653879107 1003 1007 -1
1006 -12.64500284876899 -54.88522547730259 -227.99545023609807 1004 1008 -1
1007 -30.799183877464476 -41.295267162797956 -260.23342660197466 1005 1009 -1
1008 -12.511012032522054 -54.94149745185944 -227.85568505484036 1006 1010 -1
1009 -30.76571817907438 -41.283687705353366 -260.3975575177749 1007 1011 -1
1010 -12.376534880514138 -54.995168663768965 -227.71536497067154 1008 1012 -1
1011 -30.73213263038324 -41.27202150281001 -260.56165780698865 1009 1013 -1
1012 -12.241583982872552 -55.04630068578492 -227.5745521503184 1010 1014 -1
1013 -30.69842769141165 -41.260264516410224 -260.7257271356353 1011 1015 -1
1014 -12.106170126283752 -55.094956243644305 -227.43330678930096 1012 1016 -1
1015 -30.6646037357369 -41.248412639875625 -260.8897651410889 1013 1017 -1
1016 -11.97030203186945 -55.14119740812518 -227.29168691761018 1014 1018 -1
1017 -30.630661297061142 -41.23646189823311 -261.05377149690037 1015 1019 -1
1018 -11.83398603146685 -55.185083608825806 -227.1497483898948 1016 1020 -1
1019 -30.59660084208109 -41.224408271135346 -261.2177458531959 1017 1021 -1
1020 -11.697228992938284 -55.22668646244943 -227.00754670066854 1018 1022 -1
1021 -30.562422825455968 -41.21224773247945 -261.38168785040625 1019 1023 -1
1022 -11.560034894980479 -55.26607122264186 -226.865134491459 1020 1024 -1
1023 -30.528127700782104 -41.199976258938186 -261.5455971218352 1021 1025 -1
1024 -11.422406141760417 -55.30330334633366 -226.72256266238927 1022 1026 -1
1025 -30.49371592069872 -41.18758982982851 -261.7094732933679 1023 1027 -1
1026 -11.28434361503853 -55.33844836098687 -226.579880449589 1024 1028 -1
1027 -30.45918793699448 -41.175084426984135 -261.87331598318 1025 1029 -1
1028 -11.145846726434998 -55.37157175012376 -226.43713550981423 1026 1030 -1
1029 -30.424544200714703 -41.16245603463228 -262.0371248014472 1027 1031 -1
1030 -11.006913469176732 -55.40273885626515 -226.29437401104371 1028 1032 -1
1031 -30.389785162269405 -41.14970063927484 -262.2008993500554 1029 1033 -1
1032 -10.867540468772427 -55.4320148003496 -226.1516407279711 1030 1034 -1
1033 -30.354911208614965 -41.136814155319044 -262.3646392030116 1031 1035 -1
1034 -10.727723032164771 -55.45946441667522 -226.00897914145975 1032 1036 -1
1035 -30.319922838230724 -41.12379262579363 -262.52834395910327 1033 1037 -1
1036 -10.587455195004699 -55.48515220239621 -225.8664315411652 1034 1038 -1
1037 -30.284820516061597 -41.110632061518274 -262.69201319837913 1035 1039 -1
1038 -10.44672976677827 -55.50914228061727 -225.72403913066404 1036 1040 -1
1039 -30.24960469102078 -41.097328457086036 -262.8556464866618 1037 1041 -1
1040 -10.305538373595416 -55.531498376152285 -225.58184213454982 1038 1042 -1
1041 -30.214275811938233 -41.083877808835126 -263.0192433800414 1039 1043 -1
1042 -10.163871498522314 -55.55228380305003 -225.43987990707055 1040 1044 -1
1043 -30.178834327673194 -41.070276114759075 -263.1828034245892 1041 1045 -1
1044 -10.021718519403384 -55.57156146303372 -225.29819104198722 1042 1046 -1
1045 -30.143280687227026 -41.05651937442186 -263.3463261560704 1043 1047 -1
1046 -9.879067744017329 -55.589393851381786 -225.1568134832689 1044 1048 -1
1047 -30.107615339857176 -41.04260358887868 -263.50981109965784 1045 1049 -1
1048 -9.735906009774366 -55.60583549865105 -225.01578421177248 1046 1050 -1
1049 -30.07183873519156 -41.02852476060211 -263.6732577696464 1047 1051 -1
1050 -9.592215309296215 -55.62089822797425 -224.87513941127503 1048 1052 -1
1051 -30.03595132334376 -41.014278893413994 -263.8366656691671 1049 1053 -1
1052 -9.44798045463316 -55.63459124530062 -224.7349122360572 1050 1054 -1
1053 -30.0 -41.0 -264.0 1051 -1 -1
1054 -9.303184212086855 -55.64691806738045 -224.59513763060477 1052 1055 -1
1055 -9.15780907604395 -55.6578813464724 -224.45585120042074 1054 1056 -1
1056 -9.011837312039887 -55.66748298334479 -224.31708925688622 1055 1057 -1
1057 -8.865250960511663 -55.67572413407853 -224.17888889313892 1056 1058 -1
1058 -8.718031842099982 -55.68260521668913 -224.041288061589 1057 1059 -1
1059 -8.57016156474281 -55.68812591766585 -223.9043256532154 1058 1060 -1
1060 -8.421621532821364 -55.692285198539196 -223.76804157877368 1059 1061 -1
1061 -8.272392958641 -55.695081302603114 -223.63247685203237 1060 1062 -1
1062 -8.122456876554162 -55.69651176193362 -223.49767367513616 1061 1063 -1
1063 -7.971794160055929 -55.69657340486299 -223.3636755261757 1062 1064 -1
1064 -7.820385542211466 -55.695262364087164 -223.2305272490179 1063 1065 -1
1065 -7.6682116398024505 -55.69257408560405 -223.09827514542323 1064 1066 -1
1066 -7.515252981610328 -55.688503338702226 -222.96696706944303 1065 1067 -1
1067 -7.36149004128587 -55.68304422724296 -222.8366525240508 1066 1068 -1
1068 -7.206903275287169 -55.67619020250371 -222.70738275991653 1067 1069 -1
1069 -7.051473166402143 -55.66793407787791 -222.57921087618027 1068 1070 -1
1070 -6.895179314820674 -55.65826650455045 -222.45219323781788 1069 1071 -1
1071 -6.737998977709299 -55.64717370117817 -222.32639188625438 1070 1072 -1
1072 -6.579916542108413 -55.634652426738526 -222.20186152314415 1071 1073 -1
1073 -6.420913118165805 -55.62069309098781 -222.0786638717639 1072 1074 -1
1074 -6.260970168687889 -55.60528558033186 -221.95686304013915 1073 1075 -1
1075 -6.1000695998932475 -55.58841929200804 -221.83652562695008 1074 1076 -1
1076 -5.938193862331845 -55.570083173142436 -221.71772082607302 1075 1077 -1
1077 -5.775324736672235 -55.55026380166971 -221.60052273730292 1076 1078 -1
1078 -5.611436819693581 -55.52893573743903 -221.4850221671271 1077 1079 -1
1079 -5.446524397390394 -55.506100989793936 -221.3712815977875 1078 1080 -1
1080 -5.280582513141396 -55.481760891410886 -221.259365133694 1079 1081 -1
1081 -5.113647700676204 -55.455978908584804 -221.14926257043507 1080 1082 -1
1082 -4.945757338218407 -55.42882469402576 -221.04095727291556 1081 1083 -1
1083 -4.776967901280164 -55.40040019562176 -220.9343892060044 1082 1084 -1
1084 -4.607327701880702 -55.370799932696826 -220.82950522423133 1083 1085 -1
1085 -4.436875951770263 -55.34011050186949 -220.72626261955153 1084 1086 -1
1086 -4.26565289902349 -55.30842486188986 -220.62460930745226 1085 1087 -1
1087 -4.093707667183163 -55.27585094357119 -220.52446681835838 1086 1088 -1
1088 -3.9210753555707454 -55.24248268106293 -220.42577826901802 1087 1089 -1
1089 -3.7477902048809675 -55.20841754786784 -220.32848160483104 1088 1090 -1
1090 -3.573896076367542 -55.17376552072501 -220.23248725471754 1089 1091 -1
1091 -3.399421752200792 -55.138624209609105 -220.13773137260347 1090 1092 -1
1092 -3.224400702710164 -55.10309847377154 -220.0441340573293 1091 1093 -1
1093 -3.0488694984114737 -55.06729553382024 -219.95160365969497 1092 1094 -1
1094 -2.872850793745398 -55.03131730095807 -219.86007261390316 1093 1095 -1
1095 -2.696379836335861 -54.99527159751743 -219.76944329863778 1094 1096 -1
1096 -2.519484847709992 -54.95926337949789 -219.67962931503098 1095 1097 -1
1097 -2.3421886597414847 -54.923400688244875 -219.59055114531282 1096 1098 -1
1098 -2.1645248365405525 -54.88778686363742 -219.50210783682672 1097 1099 -1
1099 -1.986515734494065 -54.852531856491794 -219.41421673643168 1098 1100 -1
1100 -1.8081901010820736 -54.817740694774706 -219.32678365098616 1099 1101 -1
1101 -1.6295765960878736 -54.783515857264135 -219.23971542704822 1100 1102 -1
1102 -1.4506982065397978 -54.74997491871896 -219.15292533900106 1101 1103 -1
1103 -1.271587839012951 -54.71721078982782 -219.06631720727208 1102 1104 -1
1104 -1.0922719137722101 -54.685337922625784 -218.9798019711842 1103 1105 -1
1105 -0.9127811080556185 -54.65446056877324 -218.89328845923814 1104 1106 -1
1106 -0.7331481148486606 -54.62467306911586 -218.80668808318606 1105 1107 -1
1107 -0.5534036930284743 -54.59610314574603 -218.71990899415923 1106 1108 -1
1108 -0.37358473001501197 -54.568830360249756 -218.63286756252265 1107 1109 -1
1109 -0.19372330709996358 -54.5429629427295 -218.54548564408339 1108 1110 -1
1110 -0.013714086581735313 -54.51850556893028 -218.45800196194648 1109 1111 -1
1111 0.1667247485499706 -54.49531283621994 -218.371060910395 1110 1112 -1
1112 0.3479023300347092 -54.47327161525607 -218.28536655820903 1111 1113 -1
1113 0.5301091595423275 -54.45224579207414 -218.20162322399372 1112 1114 -1
1114 0.713636733059091 -54.43211880579395 -218.12058942640257 1113 1115 -1
1115 0.8987734529391802 -54.41278124875635 -218.04310520496114 1114 1116 -1
1116 1.0857590943332542 -54.39411519091019 -217.9700265351619 1115 1117 -1
1117 1.2748314055418961 -54.37601835180311 -217.90238247793022 1116 1118 -1
1118 1.4661416137148684 -54.35838092707826 -217.84123207458836 1117 1119 -1
1119 1.6597598306015022 -54.3410987657289 -217.78773385884105 1118 1120 -1
1120 1.8556798422950092 -54.32407535295462 -217.7433237171129 1119 1121 -1
1121 2.0536701354524753 -54.30721228071055 -217.70927838174302 1120 1122 -1
1122 2.253287471956376 -54.29042777725873 -217.68657576542353 1121 1123 -1
1123 2.4537334554159775 -54.27366150587148 -217.67274133478028 1122 1124 -1
1124 2.6544449241113903 -54.25682828261918 -217.66346089736655 1123 1125 -1
1125 2.855145473407609 -54.23981771794246 -217.65426600192123 1124 1126 -1
1126 3.0555683302493826 -54.22252186667484 -217.64074873839644 1125 1127 -1
1127 3.255195470397983 -54.20485861268214 -217.6187757777147 1126 1128 -1
1128 3.4535047484240984 -54.186754808737824 -217.5872479386098 1127 1129 -1
1129 3.650356208571979 -54.16810320544152 -217.54784651766312 1128 1130 -1
1130 3.8458493002439713 -54.14879296369342 -217.50243711169855 1129 1131 -1
1131 4.040206216085711 -54.12870210205707 -217.4526824503121 1130 1132 -1
1132 4.233720373340968 -54.107683616007364 -217.40009858351155 1131 1133 -1
1133 4.426679996537413 -54.08563656047437 -217.3459204278339 1132 1134 -1
1134 4.619154844476541 -54.06253979338172 -217.29046971044852 1133 1135 -1
1135 4.811170831298618 -54.038382218929534 -217.23389136099686 1134 1136 -1
1136 5.002765672433035 -54.01317647460311 -217.1763504667149 1135 1137 -1
1137 5.193964444071696 -53.98689899169663 -217.11797740213117 1136 1138 -1
1138 5.384807409036939 -53.95956363394223 -217.05892958719608 1137 1139 -1
1139 5.575324291872405 -53.93115128562896 -216.99933951921506 1138 1140 -1
1140 5.765552296365449 -53.90166406572762 -216.93935004327778 1139 1141 -1
1141 5.955524735571102 -53.871089440892725 -216.87909557740267 1140 1142 -1
1142 6.145276803813382 -53.83942104715702 -216.81871179055426 1141 1143 -1
1143 6.334842840767106 -53.80665012661817 -216.75833197542707 1142 1144 -1
1144 6.524256470140955 -53.77276450785323 -216.69808935691128 1143 1145 -1
1145 6.713551249540897 -53.737757089332796 -216.63811525620847 1144 1146 -1
1146 6.9027591375749875 -53.70161196415426 -216.5785433061921 1145 1147 -1
1147 7.091911634336207 -53.664322285299534 -216.51950338129674 1146 1148 -1
1148 7.281038529977392 -53.62586986755227 -216.46113122974893 1147 1149 -1
1149 7.4701682871647614 -53.586247463944524 -216.40355640468917 1148 1150 -1
1150 7.659327752017618 -53.545435452192294 -216.3469180046619 1149 1151 -1
1151 7.848541443467853 -53.50342630259809 -216.29134627616418 1150 1152 -1
1152 8.037832334871837 -53.46019919745689 -216.23698502745208 1151 1153 -1
1153 8.227219992490769 -53.415747221599865 -216.1839654534296 1152 1154 -1
1154 8.416722512076763 -53.37004804737839 -216.13243805956213 1153 1155 -1
1155 8.606353291907393 -53.32309703068369 -216.08253391160642 1154 1156 -1
1156 8.796124383609047 -53.274869571498485 -216.03441277342452 1155 1157 -1
1157 8.986037841336369 -53.22536663529357 -215.98818608578082 1156 1158 -1
1158 9.176090250946384 -53.174562538816886 -215.94398714681918 1157 1159 -1
1159 9.366271055317762 -53.122466992219856 -215.90189430374085 1158 1160 -1
1160 9.556570361947887 -53.06904956814979 -215.86205469847627 1159 1161 -1
1161 9.746970591677167 -53.014329271900024 -215.8245333834748 1160 1162 -1
1162 9.937454588382064 -52.958271447150096 -215.78949445550222 1161 1163 -1
1163 10.127997752222441 -52.90090033382544 -215.75699599045893 1162 1164 -1
1164 10.318573930991993 -52.84219080738494 -215.72719395716098 1163 1165 -1
1165 10.509151572497068 -52.78215994177041 -215.70016379772096 1164 1166 -1
1166 10.699695198775432 -52.72079806546092 -215.67603946782282 1165 1167 -1
1167 10.890164990675277 -52.65811493335169 -215.65491752108068 1166 1168 -1
1168 11.080516892139862 -52.59411758112302 -215.63690314189972 1167 1169 -1
1169 11.270701272762444 -52.52880921168863 -215.6221159241828 1168 1170 -1
1170 11.460666963744599 -52.46221370437388 -215.6106270350578 1169 1171 -1
1171 11.650349873675948 -52.39433070920816 -215.60248536296046 1170 1172 -1
1172 11.839688649045447 -52.32520163053842 -215.59736857057715 1171 1173 -1
1173 12.02862024425248 -52.25481971895258 -215.59500698694453 1172 1174 -1
1174 12.21711145286214 -52.18322686757223 -215.59501841276784 1173 1175 -1
1175 12.405120068448113 -52.110405922107574 -215.59713085397752 1174 1176 -1
1176 12.592636087116208 -52.03639485209863 -215.6009763291893 1175 1177 -1
1177 12.779633285359182 -51.96117033153547 -215.60627577192082 1176 1178 -1
1178 12.966116308465715 -51.88476462137882 -215.6126843464514 1177 1179 -1
1179 13.152070878578538 -51.807153422088675 -215.61991374980153 1178 1180 -1
1180 13.337507666534107 -51.72836053841303 -215.62764471520455 1179 1181 -1
1181 13.522421196375392 -51.648367479218656 -215.6355817226853 1180 1182 -1
1182 13.706820154201385 -51.56718625121037 -215.64342556179 1181 1183 -1
1183 13.890704919098793 -51.484811109054405 -215.6508823051443 1182 1184 -1
1184 14.074075574565638 -51.4012405333259 -215.65766499938857 1183 1185 -1
1185 14.256942062364606 -51.316510186782246 -215.66362038091842 1184 1186 -1
1186 14.439304374764678 -51.230643474739054 -215.66869489707048 1185 1187 -1
1187 14.621182165930056 -51.1437075887297 -215.6728751646869 1186 1188 -1
1188 14.80258022276474 -51.05573562056709 -215.67612133485557 1187 1189 -1
1189 14.983508570858515 -50.96677165339446 -215.67840302510993 1188 1190 -1
1190 15.163981385843261 -50.87686753816601 -215.6796994803413 1189 1191 -1
1191 15.344001134047208 -50.786050741951165 -215.67996429026073 1190 1192 -1
1192 15.5235829635953 -50.69437404727618 -215.67917995879594 1191 1193 -1
1193 15.702737454890663 -50.60188034913013 -215.67732001207966 1192 1194 -1
1194 15.881466060056791 -50.508595597830855 -215.6743339484347 1193 1195 -1
1195 16.0597853609916 -50.414573788426225 -215.6702118478698 1194 1196 -1
1196 16.237703703963817 -50.31985329903823 -215.66492348040555 1195 1197 -1
1197 16.415222821518682 -50.224461898731576 -215.6584183266884 1196 1198 -1
1198 16.592357547712805 -50.128449544963246 -215.65068671485713 1197 1199 -1
1199 16.769115841184835 -50.03185366341129 -215.6417080202099 1198 1200 -1
1200 16.945505741680186 -49.93470074944357 -215.63156740858997 1199 1201 -1
1201 17.121551144479547 -49.83702887110591 -215.6204693131081 1200 1202 -1
1202 17.297274105104087 -49.73886769304885 -215.60860327702036 1201 1203 -1
1203 17.47269509725227 -49.64023997343816 -215.59615131992754 1202 1204 -1
1204 17.647840190778243 -49.54117351326187 -215.5833041204748 1203 1205 -1
1205 17.822736833668635 -49.441696043144525 -215.5702494426458 1204 1206 -1
1206 17.99741029546413 -49.34183023867727 -215.55717142558314 1205 1207 -1
1207 18.17188545419999 -49.2415970242637 -215.5442582446864 1206 1208 -1
1208 18.346190790916634 -49.14102467390528 -215.53169360241412 1207 1209 -1
1209 18.520351317810185 -49.04013689136903 -215.5196615161485 1208 1210 -1
1210 18.694389499366732 -48.93895410408854 -215.50835940913024 1209 1211 -1
1211 18.868329397636217 -48.837505210627725 -215.497967885359 1210 1212 -1
1212 19.042191479995214 -48.735817048478175 -215.48867209869584 1211 1213 -1
1213 19.215987941871997 -48.63391846954873 -215.48052176947968 1212 1214 -1
1214 19.38971935507873 -48.53184883592692 -215.47315955801687 1213 1215 -1
1215 19.563388112213094 -48.42964683060129 -215.46616263715973 1214 1216 -1
1216 19.736997751815288 -48.32734822140765 -215.4591108006927 1215 1217 -1
1217 19.91055192955324 -48.22499027782494 -215.4515740541494 1216 1218 -1
1218 20.084052352376947 -48.12261223613056 -215.44313158736264 1217 1219 -1
1219 20.257494801815085 -48.02025597654264 -215.43334643855752 1218 1220 -1
1220 20.430867722839448 -47.917968771992975 -215.4217770426015 1219 1221 -1
1221 20.604150814381164 -47.81580236503409 -215.4080104579141 1220 1222 -1
1222 20.777309561563953 -47.71381835272099 -215.3915898968337 1221 1223 -1
1223 20.95029521658333 -47.612086343044155 -215.37208020626548 1222 1224 -1
1224 21.123044310008538 -47.51068259828462 -215.3490835266667 1223 1225 -1
1225 21.295468272332084 -47.40970229468215 -215.322130294304 1224 1226 -1
1226 21.46746310608481 -47.30924494992168 -215.2908373406006 1225 1227 -1
1227 21.638963258411632 -47.20938628877287 -215.25520616786235 1226 1228 -1
1228 21.81008132052411 -47.11010518476291 -215.21626655975072 1227 1229 -1
1229 21.981022792705314 -47.011318888298284 -215.17533807060278 1228 1230 -1
1230 22.152019097894733 -46.91293358834443 -215.1336772147634 1229 1231 -1
1231 22.32332439174075 -46.814855590547666 -215.09256640872115 1230 1232 -1
1232 22.49518020346307 -46.71698610982188 -215.05330345068148 1231 1233 -1
1233 22.66780927477645 -46.619251439911295 -215.0172365019897 1232 1234 -1
1234 22.84130327970476 -46.5216577324668 -214.98516002138064 1233 1235 -1
1235 23.01559490741622 -46.42429118616426 -214.95694829115428 1234 1236 -1
1236 23.190634771110403 -46.327248382228035 -214.93250278416127 1235 1237 -1
1237 23.3663562284178 -46.2306124144493 -214.9115889044779 1236 1238 -1
1238 23.54272209182469 -46.134475535709825 -214.89407189926345 1237 1239 -1
1239 23.719684978693373 -46.03891203641401 -214.87972341203894 1238 1240 -1
1240 23.897192913348324 -45.94394951026234 -214.86844305493574 1239 1241 -1
1241 24.075177595393153 -45.84956848639403 -214.86020430390624 1240 1242 -1
1242 24.253564451126707 -45.75573579597577 -214.8549322515214 1241 1243 -1
1243 24.432288315630696 -45.66242622199252 -214.85260798164 1242 1244 -1
1244 24.611279546426463 -45.569603111079694 -214.85316368726316 1243 1245 -1
1245 24.790471109029415 -45.47722650933068 -214.85652354526871 1244 1246 -1
1246 24.96979991164816 -45.385257866092715 -214.86263595178877 1245 1247 -1
1247 25.149203533073035 -45.2936536614567 -214.87143607160363 1246 1248 -1
1248 25.32862173141488 -45.202364014577654 -214.88282723813612 1247 1249 -1
1249 25.507997696320956 -45.11133941966399 -214.89673031294998 1248 1250 -1
1250 25.68727619645444 -45.02052857487275 -214.9130757955071 1249 1251 -1
1251 25.866404827794756 -44.92987555909138 -214.93177194272258 1250 1252 -1
1252 26.045335008665145 -44.83932232765668 -214.95271722944764 1251 1253 -1
1253 26.224020175448516 -44.74880983141834 -214.97582011522164 1252 1254 -1
1254 26.402389970613903 -44.65829021396276 -215.00121476981337 1253 1255 -1
1255 26.580293327180247 -44.56775423595225 -215.02963436801903 1254 1256 -1
1256 26.75754577072605 -44.47721459168602 -215.06184576391735 1255 1257 -1
1257 26.933924686068835 -44.38670422152982 -215.09860341937485 1256 1258 -1
1258 27.10916910514205 -44.29627934972517 -215.14061492010813 1257 1259 -1
1259 27.282962308465407 -44.206023793498524 -215.1885879813623 1258 1260 -1
1260 27.454974391125617 -44.11604459609401 -215.2430508039774 1259 1261 -1
1261 27.624872042281154 -44.026458686855705 -215.30436639017506 1260 1262 -1
1262 27.79253259394232 -43.93726818920313 -215.37209149767807 1261 1263 -1
1263 27.958093345554776 -43.848357899225135 -215.44514730090668 1262 1264 -1
1264 28.121715287005213 -43.75959118783741 -215.52261792604907 1263 1265 -1
1265 28.283599606647762 -43.67081215637363 -215.60364678294303 1264 1266 -1
1266 28.443965486828176 -43.581852686047306 -215.68745223886359 1265 1267 -1
1267 28.603050095574584 -43.49253779667274 -215.77329856183945 1266 1268 -1
1268 28.76104252308521 -43.40269762767239 -215.86060223919455 1267 1269 -1
1269 28.918083834244264 -43.31221696139587 -215.94895460077143 1268 1270 -1
1270 29.074273931098684 -43.220965332893726 -216.03802032491427 1269 1271 -1
1271 29.229733112540064 -43.12882765959669 -216.1274519450873 1270 1272 -1
1272 29.384573099607373 -43.03568555649821 -216.2169172873674 1271 1273 -1
1273 29.538891798177122 -42.9413938107922 -216.30607833417213 1272 1274 -1
1274 29.692801659525536 -42.84584661041646 -216.39460690618378 1273 1275 -1
1275 29.846397984146908 -42.74890881802455 -216.48216246445728 1274 1276 -1
1276 29.999772460063216 -42.65044019452268 -216.5683878936151 1275 1277 -1
1277 30.153013457453834 -42.55033268081669 -216.6529465654209 1276 1278 -1
1278 30.306197469992558 -42.4484324785633 -216.7354408971868 1277 1279 -1
1279 30.45939320193693 -42.34462781536878 -216.81550175695466 1278 1280 -1
1280 30.61265670358024 -42.238794197157155 -216.89272471732943 1279 1281 -1
1281 30.766031132490124 -42.13079439725664 -216.96665624255354 1280 1282 -1
1282 30.919540268348342 -42.02054642672066 -217.03689553510196 1281 1283 -1
1283 31.073192047386044 -41.9079073261981 -217.1028985531164 1282 1284 -1
1284 31.226965980415308 -41.792837978887476 -217.1642583252963 1283 1285 -1
1285 31.38081887297854 -41.675222006204976 -217.2203625035273 1284 1286 -1
1286 31.53467376856705 -41.55506333170342 -217.270779362133 1285 1287 -1
1287 31.68841970750627 -41.43231236001758 -217.3148831703806 1286 1288 -1
1288 31.841910164805487 -41.3070202784635 -217.35220011978234 1287 1289 -1
1289 31.994958137341772 -41.17924191010927 -217.38217525654792 1288 1290 -1
1290 32.147336322479454 -41.049086922272615 -217.40429453610952 1289 1291 -1
1291 32.298791339091395 -40.91673425055941 -217.4181685781098 1290 1292 -1
1292 32.44901516620109 -40.78236791699822 -217.4232872928094 1291 1293 -1
1293 32.59771832888204 -40.64627822774069 -217.41949334038858 1292 1294 -1
1294 32.74454014557429 -40.50873309336023 -217.40638735770287 1293 1295 -1
1295 32.889191700755426 -40.370086953458625 -217.384027710809 1294 1296 -1
1296 33.03133543873952 -40.23067592666059 -217.35230119400595 1295 1297 -1
1297 33.17073243918739 -40.09082877443577 -217.3115645669306 1296 1298 -1
1298 33.30761488105643 -39.9505370370481 -217.26430116306562 1297 1299 -1
1299 33.44254545626073 -39.80946166237828 -217.21384377217097 1298 1300 -1
1300 33.57613589325796 -39.667151671561484 -217.1632862340644 1299 1301 -1
1301 33.70896951236998 -39.523144613018665 -217.11563945213194 1300 1302 -1
1302 33.84152173548759 -39.377067358079586 -217.07391593332136 1301 1303 -1
1303 33.974076674716414 -39.22871637318827 -217.04128048045794 1302 1304 -1
1304 34.106635034920814 -39.07819548654568 -217.02107581012797 1303 1305 -1
1305 34.23879999393622 -38.926070743974876 -217.0167115383963 1304 1306 -1
1306 34.36967000761546 -38.77351182584103 -217.0314941488583 1305 1307 -1
1307 34.49791036088691 -38.62227261037511 -217.06749122991448 1306 1308 -1
1308 34.622582740849595 -38.47368837000565 -217.12234459518587 1307 1309 -1
1309 34.74369085795935 -38.32797887158833 -217.1912120498665 1308 1310 -1
1310 34.86170521644824 -38.184775307458494 -217.27003986344286 1309 1311 -1
1311 34.97729274242777 -38.04342869538672 -217.35555520768503 1310 1312 -1
1312 35.09123450446401 -37.90313537489196 -217.4449377139853 1311 1313 -1
1313 35.20428557794297 -37.76307860641967 -217.53581428528562 1312 1314 -1
1314 35.31719881962045 -37.62240969936182 -217.62591135422173 1313 1315 -1
1315 35.43073307210007 -37.48026446911913 -217.71284572806272 1314 1316 -1
1316 35.54539718837719 -37.33608249280643 -217.7947945461708 1315 1317 -1
1317 35.6611734595012 -37.189958157255134 -217.8715784405202 1316 1318 -1
1318 35.77795621055813 -37.04210635244223 -217.94337159089986 1317 1319 -1
1319 35.895644530656945 -36.892745833982985 -218.0104080668826 1318 1320 -1
1320 36.014145253774075 -36.74209460994181 -218.07297888833793 1319 1321 -1
1321 36.13337522012221 -36.59036628205827 -218.13142835034074 1320 1322 -1
1322 36.25326276328489 -36.43776747161591 -218.1861500178471 1321 1323 -1
1323 36.37374841676412 -36.28449638056831 -218.23758274917392 1322 1324 -1
1324 36.494784865649194 -36.1307424780063 -218.28620703322977 1323 1325 -1
1325 36.616336184204094 -35.976687262918475 -218.33254183555346 1324 1326 -1
1326 36.73837640021571 -35.82250603471401 -218.37714205166256 1325 1327 -1
1327 36.8608931051028 -35.668373229244914 -218.4205897741977 1326 1328 -1
1328 36.98386929978366 -35.51446377745041 -218.46352872164454 1327 1329 -1
1329 37.107292491641765 -35.36095499366042 -218.50661882354436 1328 1330 -1
1330 37.23115497126531 -35.20804568715104 -218.55056978692824 1329 1331 -1
1331 37.35543134709739 -35.055935430593884 -218.59609445618838 1330 1332 -1
1332 37.48008676232274 -34.90469569659049 -218.64344735031418 1331 1333 -1
1333 37.60508227802866 -34.75420966962615 -218.69228313294866 1332 1334 -1
1334 37.7303793378305 -34.604323584379586 -218.74218061900808 1333 1335 -1
1335 37.85594561025555 -34.45487533377721 -218.79271128974835 1334 1336 -1
1336 37.981749503141934 -34.30568705780059 -218.84341907363094 1335 1337 -1
1337 38.10775685274695 -34.15657039902987 -218.8938312685036 1336 1338 -1
1338 38.23393451629473 -34.00732913074572 -218.94344162592176 1337 1339 -1
1339 38.36023962969071 -33.85776305037072 -218.99173043882212 1338 1340 -1
1340 38.48662176671715 -33.70767396932665 -219.0381569681135 1339 1341 -1
1341 38.61301823032652 -33.556866829711275 -219.0821513494044 1340 1342 -1
1342 38.73934853198063 -33.40514932656846 -219.12309636283797 1341 1343 -1
1343 38.86551182446466 -33.252356839063765 -219.16039036041056 1342 1344 -1
1344 38.99138317932912 -33.09834640837731 -219.19340832428364 1343 1345 -1
1345 39.116809549183536 -32.943005792842854 -219.2215134092223 1344 1346 -1
1346 39.24160754558084 -32.78626318413444 -219.24407315722453 1345 1347 -1
1347 39.3655627746816 -32.628094986930684 -219.2604745580374 1346 1348 -1
1348 39.48843147488438 -32.46853209574808 -219.27014228752347 1347 1349 -1
1349 39.609945022236104 -32.307663592305765 -219.27255934083834 1348 1350 -1
1350 39.72980822548464 -32.14563218871639 -219.2672497091988 1349 1351 -1
1351 39.84772714961533 -31.982643631958844 -219.25388291429246 1350 1352 -1
1352 39.96341551102051 -31.818947935348834 -219.23224663255812 1351 1353 -1
1353 40.0766053999934 -31.65482546768085 -219.20224558953117 1352 1354 -1
1354 40.18702791942107 -31.49057446764103 -219.16381619749825 1353 1355 -1
1355 40.29449232351574 -31.326500068100096 -219.11713391070387 1354 1356 -1
1356 40.398831411902535 -31.162894288247024 -219.06240670971954 1355 1357 -1
1357 40.5 -31.0 -219.0 1356 -1 -1
