0 -30.0 -163.5 -479.5 -1 1 -1
1 -30.0 -163.5 -479.0 0 2 -1
2 -29.5 -163.5 -478.5 1 3 -1
3 -30.0 -163.5 -478.0 2 4 -1
4 -30.0 -163.5 -477.5 3 5 -1
5 -30.0 -163.5 -477.0 4 6 -1
6 -30.0 -163.0 -476.5 5 7 -1
7 -30.0 -163.0 -476.0 6 8 -1
8 -30.0 -163.0 -475.5 7 9 -1
9 -29.5 -163.0 -475.0 8 10 -1
10 -30.0 -162.5 -474.5 9 11 -1
11 -30.0 -162.5 -474.0 10 12 -1
12 -30.0 -162.5 -473.5 11 13 -1
13 -30.0 -162.5 -473.0 12 14 -1
14 -30.0 -162.5 -472.5 13 15 -1
15 -30.0 -162.5 -472.0 14 16 -1
16 -30.0 -162.0 -471.5 15 17 -1
17 -30.0 -162.0 -471.0 16 18 -1
18 -29.5 -162.0 -470.5 17 19 -1
19 -29.5 -162.0 -470.0 18 20 -1
20 -29.0 -162.0 -469.5 19 21 -1
21 -29.0 -162.0 -469.0 20 22 -1
22 -29.0 -162.0 -468.5 21 23 -1
23 -29.0 -161.5 -468.0 22 24 -1
24 -29.0 -161.5 -467.5 23 25 -1
25 -28.5 -161.5 -467.0 24 26 -1
26 -28.5 -161.5 -466.5 25 27 -1
27 -28.5 -161.0 -466.0 26 28 -1
28 -28.5 -161.0 -465.5 27 29 -1
29 -28.0 -161.0 -465.0 28 30 -1
30 -28.0 -161.0 -464.5 29 31 -1
31 -28.0 -160.5 -464.0 30 32 -1
32 -28.0 -160.0 -463.5 31 33 -1
33 -27.5 -160.0 -463.0 32 34 -1
34 -28.0 -159.5 -462.5 33 35 -1
35 -27.5 -159.5 -462.0 34 36 -1
36 -27.5 -159.0 -461.5 35 37 -1
37 -27.5 -158.5 -461.0 36 38 -1
38 -27.0 -158.5 -460.5 37 39 -1
39 -27.0 -158.0 -460.0 38 40 -1
40 -26.5 -158.0 -459.5 39 41 -1
41 -26.5 -157.5 -459.0 40 42 -1
42 -26.0 -157.0 -458.5 41 43 -1
43 -25.5 -157.0 -458.0 42 44 -1
44 -25.0 -156.5 -457.5 43 45 -1
45 -25.0 -156.5 -457.0 44 46 -1
46 -24.5 -156.0 -456.5 45 47 -1
47 -24.0 -155.5 -456.5 46 48 -1
48 -23.5 -155.5 -456.0 47 49 -1
49 -23.0 -155.0 -455.5 48 50 51
50 -22.5 -154.5 -455.0 49 52 -1
51 -23.5 -154.0 -455.0 49 53 -1
52 -22.0 -154.5 -455.0 50 54 -1
53 -23.5 -153.5 -454.5 51 55 -1
54 -21.5 -155.0 -455.5 52 56 -1
55 -23.5 -153.0 -454.0 53 57 -1
56 -21.0 -155.0 -455.5 54 58 -1
57 -23.5 -152.5 -453.5 55 59 -1
58 -20.5 -155.5 -455.5 56 60 -1
59 -23.5 -152.0 -453.0 57 61 -1
60 -20.0 -155.5 -455.5 58 62 -1
61 -23.5 -151.5 -452.5 59 63 -1
62 -19.5 -155.5 -455.5 60 64 -1
63 -23.5 -151.0 -452.0 61 65 -1
64 -19.0 -155.5 -455.5 62 66 -1
65 -23.5 -150.5 -451.5 63 67 -1
66 -18.5 -155.5 -455.0 64 68 -1
67 -23.5 -150.5 -451.0 65 69 -1
68 -18.0 -156.0 -455.5 66 70 -1
69 -23.5 -150.0 -450.5 67 71 -1
70 -17.5 -156.0 -455.5 68 72 -1
71 -23.5 -150.0 -450.0 69 73 -1
72 -17.0 -156.5 -455.5 70 74 -1
73 -23.0 -149.5 -449.5 71 75 -1
74 -16.5 -156.5 -455.5 72 76 -1
75 -23.5 -149.0 -449.0 73 77 -1
76 -16.0 -156.0 -455.0 74 78 -1
77 -24.0 -149.0 -449.0 75 79 -1
78 -15.5 -156.5 -455.5 76 80 -1
79 -24.5 -148.5 -448.5 77 81 -1
80 -15.0 -156.5 -455.5 78 82 -1
81 -24.5 -148.0 -448.0 79 83 -1
82 -14.5 -156.5 -455.5 80 84 -1
83 -25.0 -147.5 -447.5 81 85 -1
84 -14.0 -157.0 -455.5 82 86 -1
85 -25.5 -147.0 -447.0 83 87 -1
86 -13.5 -157.0 -456.0 84 88 -1
87 -26.0 -146.5 -446.5 85 89 -1
88 -13.0 -157.0 -456.0 86 90 -1
89 -26.5 -146.0 -446.0 87 91 -1
90 -12.5 -157.5 -456.5 88 92 -1
91 -27.0 -145.5 -445.5 89 93 -1
92 -12.0 -157.5 -457.0 90 94 -1
93 -27.5 -145.5 -445.0 91 95 -1
94 -11.5 -158.0 -457.5 92 96 -1
95 -28.0 -145.5 -445.0 93 97 -1
96 -11.0 -158.5 -458.0 94 98 -1
97 -28.5 -145.0 -444.5 95 99 -1
98 -10.5 -159.0 -458.5 96 100 -1
99 -29.0 -144.5 -444.0 97 101 -1
100 -10.0 -159.5 -458.5 98 102 -1
101 -29.5 -144.0 -443.5 99 103 -1
102 -9.5 -160.0 -459.0 100 104 -1
103 -30.0 -143.5 -443.0 101 105 -1
104 -9.0 -160.5 -459.0 102 106 -1
105 -30.5 -143.0 -442.5 103 107 -1
106 -8.5 -161.5 -459.5 104 108 109
107 -30.5 -143.0 -442.0 105 110 -1
108 -9.0 -162.0 -460.0 106 111 -1
109 -8.0 -161.5 -459.5 106 112 -1
110 -31.5 -142.0 -441.0 107 113 -1
111 -9.0 -162.5 -460.0 108 114 -1
112 -7.5 -161.5 -459.5 109 115 -1
113 -31.5 -141.5 -440.5 110 116 -1
114 -9.0 -163.0 -459.5 111 117 -1
115 -7.0 -162.0 -459.5 112 118 -1
116 -32.0 -141.0 -440.0 113 119 -1
117 -9.5 -163.5 -459.5 114 120 -1
118 -6.5 -162.5 -459.5 115 121 -1
119 -32.5 -141.0 -440.0 116 122 -1
120 -10.0 -164.0 -459.5 117 123 -1
121 -6.0 -163.0 -459.5 118 124 -1
122 -33.0 -140.5 -439.5 119 125 -1
123 -10.5 -164.5 -459.0 120 -1 -1
124 -5.5 -163.5 -460.0 121 126 -1
125 -33.5 -140.5 -439.0 122 127 -1
126 -5.0 -164.0 -460.0 124 128 -1
127 -34.0 -140.5 -439.0 125 129 -1
128 -4.5 -164.5 -460.0 126 130 -1
129 -34.5 -140.5 -439.0 127 131 -1
130 -4.0 -164.5 -459.5 128 132 -1
131 -35.0 -140.0 -438.5 129 133 -1
132 -3.5 -165.0 -459.5 130 134 135
133 -35.5 -140.0 -438.0 131 139 -1
134 -3.0 -164.5 -459.5 132 140 -1
135 2.0 -169.5 -457.5 132 141 -1
136 2.0 -168.5 -458.0 132 142 -1
137 -1.5 -168.0 -459.0 132 143 -1
138 -0.5 -167.5 -459.0 132 144 -1
139 -36.0 -140.0 -437.5 133 145 -1
140 -3.0 -164.0 -459.5 134 146 -1
141 2.0 -170.0 -457.0 135 147 -1
142 2.5 -168.5 -457.5 136 148 -1
143 -2.0 -168.0 -459.0 137 149 -1
144 0.0 -167.0 -459.0 138 150 -1
145 -36.5 -140.0 -437.5 139 151 -1
146 -2.5 -163.5 -459.0 140 152 -1
147 2.5 -170.5 -456.5 141 153 -1
148 3.0 -168.0 -457.0 142 154 -1
149 -2.5 -168.0 -459.0 143 155 -1
150 0.0 -166.5 -459.0 144 156 -1
151 -37.0 -140.5 -437.5 145 157 -1
152 -2.5 -163.0 -459.0 146 158 -1
153 2.5 -171.0 -456.0 147 159 -1
154 3.5 -167.5 -457.0 148 160 -1
155 -3.0 -168.5 -459.0 149 161 -1
156 0.0 -166.0 -459.0 150 162 -1
157 -37.5 -140.5 -437.0 151 163 -1
158 -2.5 -162.5 -458.5 152 164 -1
159 3.0 -171.0 -455.5 153 165 -1
160 4.0 -167.5 -456.5 154 166 -1
161 -3.5 -168.5 -459.0 155 167 -1
162 0.0 -165.5 -459.0 156 168 -1
163 -38.0 -141.0 -437.0 157 169 -1
164 -2.5 -162.0 -458.5 158 170 -1
165 3.5 -171.0 -455.0 159 171 -1
166 4.5 -167.0 -456.0 160 172 -1
167 -4.0 -169.0 -459.0 161 173 -1
168 0.0 -165.0 -459.0 162 174 -1
169 -38.5 -141.0 -436.5 163 175 -1
170 -2.5 -161.5 -458.0 164 176 -1
171 4.0 -171.5 -454.5 165 177 -1
172 5.0 -166.5 -456.0 166 178 -1
173 -4.5 -169.5 -458.5 167 179 -1
174 0.0 -164.5 -459.0 168 180 -1
175 -39.0 -141.0 -436.0 169 181 -1
176 -2.0 -161.0 -457.5 170 182 -1
177 4.0 -171.5 -454.0 171 183 -1
178 5.5 -166.0 -455.5 172 184 -1
179 -5.0 -170.0 -458.0 173 185 -1
180 0.0 -164.0 -458.5 174 186 -1
181 -39.0 -141.0 -435.5 175 187 -1
182 -2.0 -161.0 -457.0 176 -1 -1
183 4.5 -171.0 -453.5 177 188 -1
184 6.0 -166.0 -455.5 178 189 -1
185 -5.5 -170.0 -458.0 179 190 -1
186 0.0 -163.5 -458.5 180 191 -1
187 -39.5 -141.0 -435.0 181 192 -1
188 5.0 -170.5 -453.0 183 193 -1
189 6.5 -165.5 -455.5 184 -1 -1
190 -6.0 -170.0 -457.5 185 194 -1
191 0.0 -163.0 -458.0 186 195 -1
192 -39.5 -140.5 -434.5 187 196 -1
193 5.5 -170.0 -452.5 188 197 -1
194 -6.5 -170.5 -457.0 190 198 -1
195 0.5 -162.5 -458.0 191 199 -1
196 -40.0 -141.0 -434.0 192 200 -1
197 6.0 -170.0 -452.0 193 201 -1
198 -7.0 -170.5 -456.5 194 202 -1
199 0.5 -162.0 -457.5 195 203 -1
200 -40.0 -141.5 -434.0 196 204 -1
201 6.0 -170.0 -451.5 197 205 -1
202 -7.5 -170.5 -456.0 198 206 -1
203 0.5 -161.5 -457.5 199 207 -1
204 -40.5 -142.0 -433.5 200 208 -1
205 6.5 -169.5 -451.0 201 209 -1
206 -8.0 -170.5 -455.5 202 210 -1
207 0.5 -161.0 -457.0 203 211 -1
208 -41.0 -141.5 -433.0 204 212 -1
209 7.0 -169.5 -450.5 205 213 -1
210 -8.5 -170.5 -455.0 206 214 -1
211 1.0 -160.5 -456.5 207 215 -1
212 -41.0 -142.0 -432.5 208 216 -1
213 7.5 -169.0 -450.0 209 217 -1
214 -8.5 -170.5 -454.5 210 218 -1
215 1.0 -160.5 -456.0 211 -1 -1
216 -41.0 -142.5 -432.0 212 219 -1
217 8.0 -168.5 -449.5 213 220 -1
218 -9.0 -170.5 -454.0 214 221 -1
219 -41.5 -142.0 -431.5 216 222 -1
220 8.0 -169.0 -449.0 217 223 -1
221 -9.5 -170.0 -453.5 218 224 -1
222 -42.0 -142.0 -431.0 219 225 -1
223 8.5 -168.5 -448.5 220 226 -1
224 -9.5 -170.0 -453.0 221 227 -1
225 -42.0 -142.5 -430.0 222 228 -1
226 8.5 -168.5 -448.0 223 229 -1
227 -9.5 -170.0 -452.5 224 230 -1
228 -42.5 -142.0 -429.5 225 231 -1
229 8.5 -168.5 -447.5 226 232 -1
230 -9.5 -170.0 -452.0 227 233 -1
231 -42.5 -142.5 -429.0 228 234 -1
232 8.5 -169.0 -447.0 229 235 -1
233 -9.5 -169.5 -451.5 230 -1 -1
234 -42.5 -142.5 -428.5 231 236 -1
235 9.0 -168.5 -446.5 232 237 -1
236 -43.0 -142.0 -428.0 234 238 -1
237 9.5 -168.0 -446.0 235 239 -1
238 -43.0 -142.0 -427.5 236 240 -1
239 10.0 -168.0 -445.5 237 241 -1
240 -43.0 -142.5 -427.0 238 242 -1
241 10.5 -167.5 -445.0 239 243 -1
242 -43.5 -142.0 -426.5 240 244 -1
243 11.0 -167.0 -444.5 241 245 -1
244 -44.0 -141.5 -427.0 242 246 -1
245 11.5 -166.5 -444.0 243 247 -1
246 -44.5 -141.0 -426.5 244 248 -1
247 12.0 -166.5 -443.5 245 249 -1
248 -44.5 -141.0 -426.0 246 250 -1
249 12.0 -166.0 -443.0 247 251 -1
250 -44.5 -141.0 -425.5 248 252 -1
251 12.5 -165.5 -442.5 249 253 -1
252 -44.5 -141.0 -425.0 250 254 -1
253 12.5 -165.5 -442.0 251 255 -1
254 -44.5 -141.5 -424.5 252 256 -1
255 12.0 -165.5 -441.5 253 257 -1
256 -45.0 -141.0 -424.0 254 258 -1
257 12.0 -165.0 -441.0 255 259 -1
258 -45.0 -140.5 -423.5 256 260 -1
259 12.0 -164.5 -440.5 257 261 -1
260 -45.0 -140.5 -423.0 258 262 -1
261 12.0 -164.0 -440.0 259 263 -1
262 -45.0 -140.5 -422.5 260 264 -1
263 11.5 -163.5 -439.5 261 265 -1
264 -45.0 -141.0 -422.0 262 266 -1
265 12.0 -163.0 -439.5 263 267 -1
266 -45.0 -141.0 -421.5 264 268 -1
267 12.0 -162.5 -439.5 265 269 -1
268 -45.5 -140.5 -421.0 266 270 -1
269 12.0 -162.0 -439.5 267 271 -1
270 -45.5 -140.0 -420.5 268 272 -1
271 12.0 -161.5 -439.0 269 273 -1
272 -45.5 -140.5 -420.0 270 274 -1
273 11.5 -161.0 -438.5 271 275 -1
274 -46.0 -140.0 -419.5 272 276 -1
275 12.0 -160.5 -438.5 273 277 -1
276 -46.0 -140.0 -419.0 274 278 -1
277 12.0 -160.0 -438.5 275 279 -1
278 -46.5 -139.5 -418.5 276 280 -1
279 12.5 -159.5 -438.5 277 281 -1
280 -46.5 -139.0 -418.0 278 282 283
281 12.5 -159.0 -438.5 279 284 -1
282 -47.0 -138.5 -418.0 280 285 -1
283 -46.5 -139.5 -417.5 280 286 -1
284 12.5 -158.5 -438.5 281 287 -1
285 -47.0 -138.0 -418.0 282 288 -1
286 -46.0 -140.0 -417.0 283 289 -1
287 12.5 -158.0 -438.5 284 290 -1
288 -47.5 -137.5 -418.0 285 291 -1
289 -46.0 -140.0 -416.5 286 292 -1
290 13.0 -157.5 -438.0 287 293 -1
291 -47.5 -137.0 -418.0 288 294 -1
292 -45.5 -140.5 -416.0 289 295 -1
293 13.0 -157.0 -438.0 290 296 -1
294 -48.0 -136.5 -418.0 291 297 -1
295 -45.5 -140.5 -415.5 292 298 -1
296 13.5 -156.5 -437.5 293 299 -1
297 -48.0 -136.0 -418.0 294 300 -1
298 -45.5 -140.5 -415.0 295 301 -1
299 13.5 -156.0 -437.5 296 302 -1
300 -48.5 -135.5 -417.5 297 303 -1
301 -45.0 -141.0 -414.5 298 304 -1
302 13.0 -155.5 -438.0 299 305 -1
303 -49.0 -135.0 -417.5 300 306 -1
304 -45.0 -141.0 -414.0 301 307 -1
305 13.0 -155.0 -438.0 302 308 -1
306 -49.5 -134.5 -417.0 303 309 -1
307 -44.5 -141.5 -413.5 304 310 -1
308 13.0 -154.5 -438.0 305 311 -1
309 -50.0 -134.0 -416.5 306 312 -1
310 -44.5 -141.5 -413.0 307 313 -1
311 13.5 -154.0 -438.0 308 314 -1
312 -50.5 -134.0 -416.0 309 315 -1
313 -44.0 -142.0 -412.5 310 316 -1
314 13.5 -153.5 -438.0 311 317 -1
315 -51.0 -133.5 -415.5 312 318 -1
316 -44.0 -142.0 -412.0 313 319 -1
317 13.5 -153.0 -438.5 314 320 -1
318 -51.5 -133.0 -415.0 315 321 -1
319 -44.5 -142.0 -411.5 316 322 -1
320 13.5 -152.5 -438.5 317 323 -1
321 -52.0 -133.0 -414.5 318 324 -1
322 -44.0 -142.0 -411.0 319 325 -1
323 13.5 -152.0 -438.5 320 326 -1
324 -52.5 -133.0 -414.5 321 327 -1
325 -44.0 -142.5 -410.5 322 328 329
326 13.5 -151.5 -438.5 323 330 -1
327 -53.0 -132.5 -414.0 324 331 -1
328 -44.5 -142.5 -410.0 325 332 -1
329 -43.5 -142.5 -410.0 325 333 -1
330 14.0 -151.0 -438.5 326 334 -1
331 -53.5 -132.0 -413.5 327 335 -1
332 -44.5 -142.5 -409.5 328 336 -1
333 -43.0 -142.0 -410.0 329 337 -1
334 14.0 -150.5 -438.5 330 338 -1
335 -54.0 -132.0 -413.5 331 339 -1
336 -44.5 -143.0 -409.0 332 340 -1
337 -42.5 -142.0 -410.0 333 341 -1
338 14.0 -150.0 -438.5 334 342 -1
339 -54.5 -132.0 -413.5 335 343 -1
340 -45.0 -143.0 -408.5 336 344 -1
341 -42.0 -141.5 -409.5 337 345 -1
342 14.0 -149.5 -439.0 338 346 -1
343 -55.0 -131.5 -413.0 339 347 -1
344 -45.5 -143.0 -408.0 340 348 -1
345 -41.5 -141.0 -409.5 341 349 -1
346 14.5 -149.0 -439.0 342 350 -1
347 -55.5 -131.0 -412.5 343 351 -1
348 -46.0 -143.5 -407.5 344 352 -1
349 -41.0 -140.5 -409.0 345 353 -1
350 14.5 -148.5 -439.0 346 354 -1
351 -56.0 -131.0 -412.0 347 355 -1
352 -46.5 -144.0 -407.0 348 356 -1
353 -40.5 -140.5 -408.5 349 357 -1
354 14.5 -148.0 -439.5 350 358 -1
355 -56.0 -130.5 -411.5 351 359 -1
356 -46.5 -144.0 -406.5 352 360 -1
357 -40.5 -140.0 -408.0 353 361 -1
358 14.5 -147.5 -440.0 354 362 -1
359 -56.5 -130.0 -411.0 355 363 -1
360 -46.5 -144.5 -406.0 356 364 -1
361 -40.0 -140.0 -407.5 357 365 -1
362 15.0 -147.0 -440.0 358 366 -1
363 -56.5 -129.5 -410.5 359 367 -1
364 -47.0 -145.0 -405.5 360 368 -1
365 -39.5 -139.5 -407.0 361 369 -1
366 15.0 -146.5 -440.5 362 370 -1
367 -57.0 -129.5 -410.0 363 371 -1
368 -47.5 -145.5 -405.0 364 372 -1
369 -39.0 -139.0 -406.5 365 373 -1
370 15.5 -146.0 -440.5 366 374 -1
371 -57.5 -129.0 -409.5 367 375 -1
372 -48.0 -146.0 -404.5 368 376 -1
373 -38.5 -139.0 -406.0 369 377 -1
374 15.5 -145.5 -441.0 370 378 -1
375 -58.0 -129.0 -409.0 371 379 -1
376 -47.5 -146.5 -404.0 372 380 -1
377 -38.5 -138.5 -405.5 373 381 -1
378 15.5 -145.0 -441.5 374 382 -1
379 -58.5 -129.0 -409.0 375 383 -1
380 -48.0 -147.0 -403.5 376 384 -1
381 -38.0 -138.5 -405.0 377 385 -1
382 15.5 -144.5 -442.0 378 386 -1
383 -59.0 -129.0 -408.5 379 387 -1
384 -48.0 -147.0 -403.0 380 388 -1
385 -38.0 -138.0 -404.5 381 389 -1
386 15.5 -144.0 -442.5 382 390 -1
387 -59.5 -129.0 -408.0 383 391 -1
388 -48.0 -147.5 -402.5 384 392 -1
389 -38.0 -137.5 -404.0 385 393 -1
390 16.0 -143.5 -442.5 386 394 -1
391 -60.0 -129.0 -407.5 387 395 -1
392 -48.5 -148.0 -402.5 388 396 -1
393 -37.5 -137.5 -403.5 389 397 -1
394 16.5 -143.0 -442.5 390 398 -1
395 -60.5 -129.0 -407.5 391 399 -1
396 -48.5 -148.5 -402.0 392 400 -1
397 -37.5 -137.0 -403.0 393 401 -1
398 16.5 -142.5 -443.0 394 402 -1
399 -61.0 -129.0 -407.0 395 403 -1
400 -48.5 -149.0 -401.5 396 404 -1
401 -37.0 -137.0 -402.5 397 405 -1
402 16.5 -142.0 -443.5 398 406 -1
403 -61.5 -129.0 -407.0 399 407 -1
404 -48.5 -149.5 -401.0 400 408 -1
405 -36.5 -136.5 -402.0 401 409 -1
406 17.0 -141.5 -443.0 402 410 -1
407 -62.0 -129.0 -406.5 403 411 -1
408 -48.5 -150.0 -400.5 404 412 -1
409 -36.5 -136.5 -401.5 405 413 -1
410 17.0 -141.0 -443.5 406 414 -1
411 -62.5 -128.5 -406.0 407 415 -1
412 -48.5 -150.5 -400.0 408 416 -1
413 -36.5 -136.0 -401.0 409 417 -1
414 17.5 -140.5 -443.5 410 418 -1
415 -63.0 -128.5 -405.5 411 419 -1
416 -48.5 -151.0 -399.5 412 420 -1
417 -36.0 -135.5 -400.5 413 421 -1
418 17.5 -140.0 -444.0 414 422 -1
419 -63.5 -128.5 -405.0 415 423 -1
420 -48.0 -151.5 -399.0 416 424 -1
421 -35.5 -135.0 -400.0 417 425 -1
422 18.0 -139.5 -444.0 418 426 -1
423 -64.0 -128.5 -405.0 419 427 -1
424 -48.5 -152.0 -398.5 420 428 -1
425 -35.5 -134.5 -399.5 421 429 -1
426 18.0 -139.0 -444.5 422 430 -1
427 -64.5 -128.5 -404.5 423 431 -1
428 -48.5 -152.5 -398.0 424 432 -1
429 -35.0 -134.0 -399.0 425 433 -1
430 18.5 -138.5 -444.5 426 434 -1
431 -65.0 -128.0 -404.0 427 435 -1
432 -48.5 -153.0 -397.5 428 -1 -1
433 -35.0 -133.5 -398.5 429 436 -1
434 18.5 -138.0 -445.0 430 437 -1
435 -65.5 -128.0 -403.5 431 438 -1
436 -35.0 -133.5 -398.0 433 439 -1
437 19.0 -137.5 -444.5 434 440 -1
438 -66.0 -128.0 -403.0 435 441 -1
439 -34.5 -133.0 -397.5 436 442 -1
440 19.0 -137.0 -445.0 437 443 -1
441 -66.5 -128.0 -403.0 438 444 -1
442 -34.5 -132.5 -397.0 439 445 -1
443 19.5 -136.5 -445.0 440 446 -1
444 -67.0 -128.0 -402.5 441 447 -1
445 -34.0 -132.0 -397.0 442 448 -1
446 20.0 -136.0 -445.5 443 449 -1
447 -67.5 -128.0 -402.5 444 450 -1
448 -34.0 -131.5 -396.5 445 451 -1
449 20.0 -135.5 -445.5 446 452 -1
450 -68.0 -128.5 -402.0 447 453 -1
451 -33.5 -131.0 -396.0 448 454 -1
452 20.5 -135.0 -445.5 449 455 -1
453 -68.5 -129.0 -401.5 450 -1 -1
454 -33.5 -130.5 -395.5 451 456 -1
455 21.0 -134.5 -445.5 452 457 -1
456 -33.0 -130.0 -395.0 454 458 -1
457 21.5 -134.0 -446.0 455 459 -1
458 -33.0 -129.5 -394.5 456 460 -1
459 22.0 -133.5 -446.0 457 461 -1
460 -32.5 -129.0 -394.0 458 462 -1
461 22.5 -133.0 -446.5 459 463 -1
462 -32.0 -128.5 -393.5 460 464 -1
463 23.0 -133.0 -446.0 461 465 -1
464 -32.0 -128.0 -393.0 462 466 -1
465 23.5 -132.5 -446.0 463 467 -1
466 -31.5 -128.0 -392.5 464 468 -1
467 24.0 -132.5 -446.0 465 469 -1
468 -31.5 -127.5 -392.0 466 470 -1
469 24.5 -132.0 -446.5 467 471 -1
470 -31.0 -127.0 -391.5 468 472 -1
471 25.0 -131.5 -446.5 469 473 -1
472 -31.0 -126.5 -391.0 470 474 -1
473 25.5 -131.5 -446.0 471 475 -1
474 -30.5 -126.5 -390.5 472 476 -1
475 26.0 -131.5 -446.5 473 477 -1
476 -30.0 -126.5 -390.0 474 478 -1
477 26.5 -131.5 -446.5 475 479 -1
478 -30.0 -126.0 -389.5 476 480 -1
479 27.0 -131.5 -446.5 477 481 -1
480 -30.0 -126.0 -389.0 478 482 -1
481 27.5 -131.5 -446.5 479 483 -1
482 -29.5 -126.0 -388.5 480 484 -1
483 28.0 -131.0 -446.5 481 485 -1
484 -29.5 -125.5 -388.0 482 486 -1
485 28.5 -131.5 -446.5 483 487 -1
486 -29.0 -125.5 -387.5 484 488 -1
487 29.0 -131.0 -447.0 485 489 -1
488 -29.0 -125.0 -387.0 486 490 -1
489 29.5 -131.0 -447.0 487 491 -1
490 -29.0 -125.0 -386.5 488 492 -1
491 30.0 -131.5 -446.5 489 493 -1
492 -29.0 -124.5 -386.0 490 494 -1
493 30.5 -131.5 -446.5 491 495 -1
494 -29.0 -124.5 -385.5 492 496 -1
495 31.0 -131.5 -447.0 493 497 -1
496 -29.0 -124.5 -385.0 494 498 -1
497 31.5 -131.5 -447.0 495 499 -1
498 -29.0 -124.0 -384.5 496 -1 -1
499 32.0 -131.5 -447.0 497 500 -1
500 32.5 -131.5 -447.0 499 501 -1
501 33.0 -131.5 -447.0 500 502 -1
502 33.5 -131.5 -447.0 501 503 -1
503 34.0 -131.5 -446.5 502 504 -1
504 34.5 -131.5 -447.0 503 505 -1
505 35.0 -132.0 -446.5 504 506 -1
506 35.5 -132.0 -446.5 505 507 -1
507 36.0 -132.0 -447.0 506 508 -1
508 36.5 -132.5 -447.0 507 509 -1
509 37.0 -132.5 -447.0 508 510 -1
510 37.5 -132.5 -447.0 509 511 -1
511 38.0 -133.0 -447.0 510 512 -1
512 38.5 -133.5 -447.0 511 513 -1
513 39.0 -133.5 -447.5 512 514 -1
514 39.5 -133.5 -448.0 513 515 -1
515 40.0 -134.0 -448.0 514 516 -1
516 40.5 -134.5 -448.5 515 517 -1
517 41.0 -134.5 -448.5 516 518 -1
518 41.5 -135.0 -449.0 517 519 -1
519 42.0 -135.5 -449.5 518 520 -1
520 42.5 -136.0 -450.0 519 521 -1
521 43.0 -136.0 -450.0 520 522 -1
522 43.5 -136.0 -450.5 521 523 -1
523 44.0 -136.5 -451.0 522 524 -1
524 44.5 -136.5 -451.0 523 525 -1
525 45.0 -137.0 -451.5 524 526 -1
526 45.5 -137.0 -452.0 525 527 -1
527 46.0 -137.5 -452.0 526 528 -1
528 46.5 -137.5 -452.5 527 529 -1
529 47.0 -138.0 -453.0 528 530 -1
530 47.5 -138.0 -453.5 529 531 -1
531 47.5 -138.5 -454.0 530 532 -1
532 48.0 -138.5 -454.5 531 533 -1
533 48.5 -139.0 -455.0 532 534 -1
534 48.5 -139.0 -455.5 533 535 -1
535 49.0 -139.5 -456.0 534 536 -1
536 49.5 -139.5 -456.5 535 537 -1
537 49.5 -139.5 -457.0 536 538 -1
538 49.5 -140.0 -457.5 537 539 -1
539 49.5 -140.5 -458.0 538 540 -1
540 50.0 -140.0 -458.5 539 541 -1
541 50.5 -140.0 -459.0 540 542 -1
542 50.5 -140.5 -459.5 541 543 -1
543 50.5 -140.5 -460.0 542 544 -1
544 50.5 -141.0 -460.5 543 545 -1
545 51.0 -140.5 -461.0 544 546 -1
546 51.0 -141.0 -461.5 545 547 -1
547 51.0 -141.0 -462.0 546 548 -1
548 51.5 -141.0 -462.5 547 549 -1
549 51.5 -141.0 -463.0 548 550 -1
550 51.5 -141.0 -463.5 549 551 -1
551 51.5 -141.0 -464.0 550 552 -1
552 51.5 -141.0 -464.5 551 553 -1
553 51.5 -141.0 -465.0 552 554 -1
554 52.0 -141.0 -465.5 553 555 -1
555 52.0 -141.0 -466.0 554 556 -1
556 52.0 -140.5 -466.5 555 557 -1
557 52.5 -140.5 -467.0 556 558 -1
558 53.0 -140.5 -467.5 557 559 -1
559 53.0 -140.0 -468.0 558 560 -1
560 53.5 -139.5 -468.5 559 561 -1
561 54.0 -139.0 -469.0 560 562 -1
562 54.5 -138.5 -469.5 561 563 -1
563 55.0 -138.0 -469.5 562 564 -1
564 55.0 -137.5 -470.0 563 565 -1
565 55.5 -137.0 -470.5 564 566 -1
566 56.0 -136.5 -471.0 565 567 -1
567 56.5 -136.0 -471.0 566 568 -1
568 56.5 -135.5 -471.0 567 569 -1
569 56.5 -135.0 -470.5 568 570 -1
570 56.5 -134.5 -470.5 569 571 -1
571 57.0 -134.0 -470.5 570 572 -1
572 57.0 -133.5 -470.0 571 573 -1
573 57.5 -133.0 -470.0 572 574 -1
574 58.0 -132.5 -470.0 573 575 -1
575 58.0 -132.0 -469.5 574 576 -1
576 58.0 -131.5 -469.0 575 577 -1
577 58.5 -131.0 -469.0 576 578 -1
578 58.5 -130.5 -468.5 577 579 -1
579 59.0 -130.0 -468.0 578 580 -1
580 59.5 -129.5 -468.0 579 581 -1
581 59.5 -129.0 -467.5 580 582 -1
582 60.0 -128.5 -467.0 581 583 -1
583 60.5 -128.0 -466.5 582 584 -1
584 61.0 -127.5 -466.0 583 585 -1
585 61.0 -127.0 -465.5 584 586 -1
586 61.5 -126.5 -465.0 585 587 -1
587 62.0 -126.0 -464.5 586 588 -1
588 62.0 -125.5 -464.0 587 589 -1
589 62.5 -125.0 -463.5 588 590 -1
590 63.0 -124.5 -463.0 589 591 -1
591 63.5 -124.0 -462.5 590 592 -1
592 64.0 -124.0 -462.0 591 593 -1
593 64.5 -123.5 -461.5 592 594 -1
594 65.0 -123.0 -461.0 593 -1 -1
