0 -58.5 3.5 -264.5 -1 1 -1
1 -58.0 3.5 -265.0 0 2 -1
2 -57.5 3.0 -264.5 1 3 -1
3 -57.0 3.0 -264.5 2 4 -1
4 -56.5 3.0 -264.5 3 5 -1
5 -56.0 2.5 -264.5 4 6 -1
6 -55.5 2.5 -264.5 5 7 -1
7 -55.0 2.0 -264.5 6 8 -1
8 -54.5 2.0 -264.5 7 9 -1
9 -54.0 1.5 -265.0 8 10 -1
10 -53.5 1.5 -264.5 9 11 -1
11 -53.0 1.0 -265.0 10 12 -1
12 -52.5 1.0 -265.0 11 13 -1
13 -52.0 0.5 -265.0 12 14 -1
14 -51.5 0.5 -265.0 13 15 -1
15 -51.0 0.5 -265.0 14 16 -1
16 -50.5 0.0 -265.0 15 17 -1
17 -50.0 0.0 -265.0 16 18 -1
18 -49.5 0.0 -265.0 17 19 -1
19 -49.0 -0.5 -265.5 18 20 -1
20 -48.5 -0.5 -265.5 19 21 -1
21 -48.0 -0.5 -265.5 20 22 -1
22 -47.5 -1.0 -265.5 21 23 -1
23 -47.0 -1.0 -265.5 22 24 -1
24 -46.5 -1.0 -265.5 23 25 -1
25 -46.0 -1.5 -265.5 24 26 -1
26 -45.5 -1.5 -265.5 25 27 -1
27 -45.0 -1.5 -265.5 26 28 -1
28 -44.5 -1.5 -266.0 27 29 -1
29 -44.0 -1.5 -266.0 28 30 -1
30 -43.5 -2.0 -266.0 29 31 -1
31 -43.0 -2.0 -266.0 30 32 -1
32 -42.5 -2.0 -266.0 31 33 -1
33 -42.0 -2.0 -265.5 32 34 -1
34 -41.5 -2.5 -266.0 33 35 -1
35 -41.0 -2.5 -266.0 34 36 -1
36 -40.5 -3.0 -266.0 35 37 -1
37 -40.0 -3.5 -266.0 36 38 -1
38 -39.5 -4.0 -266.0 37 39 -1
39 -39.0 -4.0 -265.5 38 40 41
40 -38.5 -4.5 -266.0 39 42 -1
41 -38.5 -4.5 -265.0 39 43 -1
42 -38.0 -5.0 -266.5 40 44 -1
43 -38.0 -5.0 -264.5 41 45 -1
44 -38.0 -5.0 -267.0 42 46 -1
45 -38.0 -5.0 -264.0 43 47 -1
46 -38.0 -4.5 -267.5 44 48 -1
47 -38.0 -5.0 -263.5 45 49 -1
48 -38.0 -4.5 -268.0 46 50 -1
49 -38.0 -5.0 -263.0 47 51 -1
50 -37.5 -5.0 -268.5 48 52 -1
51 -37.5 -5.5 -262.5 49 53 -1
52 -37.5 -5.0 -269.0 50 54 -1
53 -38.0 -5.5 -262.0 51 55 -1
54 -37.0 -5.0 -269.5 52 56 -1
55 -37.5 -5.5 -261.5 53 57 -1
56 -36.5 -5.5 -270.0 54 58 -1
57 -37.5 -5.5 -261.0 55 59 -1
58 -36.5 -5.0 -270.5 56 60 -1
59 -37.0 -6.0 -260.5 57 61 -1
60 -36.0 -5.5 -271.0 58 62 -1
61 -37.0 -6.5 -260.0 59 63 -1
62 -35.5 -5.5 -271.5 60 64 -1
63 -37.0 -6.5 -259.5 61 65 -1
64 -35.0 -5.5 -272.0 62 66 -1
65 -37.0 -6.5 -259.0 63 67 -1
66 -34.5 -5.5 -272.5 64 68 -1
67 -36.5 -6.5 -258.5 65 69 -1
68 -34.5 -5.5 -273.0 66 70 -1
69 -36.0 -7.0 -258.0 67 71 -1
70 -34.0 -5.5 -273.5 68 72 -1
71 -35.5 -7.0 -257.5 69 73 -1
72 -33.5 -5.5 -274.0 70 74 -1
73 -35.5 -7.0 -257.0 71 75 -1
74 -33.0 -5.5 -274.5 72 76 -1
75 -35.0 -7.5 -256.5 73 77 -1
76 -32.5 -5.5 -275.0 74 78 -1
77 -34.5 -7.5 -256.0 75 79 -1
78 -32.0 -5.5 -275.5 76 80 -1
79 -34.5 -8.0 -255.5 77 81 -1
80 -31.5 -5.5 -276.0 78 82 -1
81 -34.0 -8.0 -255.0 79 83 -1
82 -31.0 -5.5 -276.5 80 84 -1
83 -34.0 -8.5 -254.5 81 85 -1
84 -30.5 -5.5 -277.0 82 86 -1
85 -33.5 -8.5 -254.0 83 87 -1
86 -30.0 -5.5 -277.5 84 88 -1
87 -33.0 -9.0 -253.5 85 89 -1
88 -29.5 -5.5 -278.0 86 90 -1
89 -32.5 -9.5 -253.5 87 91 -1
90 -29.0 -5.5 -278.5 88 92 -1
91 -32.0 -9.5 -253.0 89 93 -1
92 -28.5 -5.5 -279.0 90 94 -1
93 -31.5 -9.5 -252.5 91 95 -1
94 -28.0 -5.5 -279.5 92 96 -1
95 -31.0 -9.5 -252.5 93 97 -1
96 -27.5 -5.5 -280.0 94 98 -1
97 -30.5 -10.0 -252.5 95 99 -1
98 -27.0 -5.5 -280.5 96 100 -1
99 -30.0 -10.5 -252.0 97 101 -1
100 -26.5 -5.5 -281.0 98 102 -1
101 -29.5 -10.5 -251.5 99 103 -1
102 -26.0 -5.5 -281.5 100 104 -1
103 -29.0 -10.5 -251.0 101 105 -1
104 -25.5 -5.5 -282.0 102 106 -1
105 -28.5 -11.0 -251.0 103 107 -1
106 -25.5 -5.5 -282.5 104 108 -1
107 -28.0 -11.0 -250.5 105 109 -1
108 -25.0 -5.5 -283.0 106 110 -1
109 -27.5 -11.0 -250.0 107 111 -1
110 -24.5 -5.0 -283.5 108 112 -1
111 -27.0 -11.5 -249.5 109 113 -1
112 -24.0 -5.0 -284.0 110 114 -1
113 -26.5 -12.0 -249.5 111 115 -1
114 -24.0 -5.0 -284.5 112 116 -1
115 -26.0 -12.0 -249.0 113 117 -1
116 -23.5 -5.0 -285.0 114 118 -1
117 -25.5 -12.5 -248.5 115 119 -1
118 -23.0 -4.5 -285.5 116 120 -1
119 -25.0 -13.0 -248.0 117 121 -1
120 -22.5 -4.5 -286.0 118 122 -1
121 -24.5 -13.0 -247.5 119 123 -1
122 -22.5 -4.5 -286.5 120 124 -1
123 -24.0 -13.5 -247.0 121 125 -1
124 -22.0 -4.5 -287.0 122 126 -1
125 -24.0 -14.0 -247.0 123 127 -1
126 -22.0 -4.5 -287.5 124 128 -1
127 -23.5 -14.5 -246.5 125 129 -1
128 -22.0 -4.5 -288.0 126 130 -1
129 -23.0 -15.0 -246.0 127 -1 -1
130 -21.5 -4.5 -288.5 128 131 -1
131 -21.0 -4.5 -289.0 130 132 -1
132 -21.0 -4.0 -289.5 131 133 -1
133 -20.5 -4.0 -290.0 132 134 -1
134 -20.5 -4.0 -290.5 133 135 -1
135 -20.0 -4.0 -291.0 134 136 -1
136 -19.5 -4.0 -291.5 135 137 -1
137 -19.5 -4.0 -292.0 136 138 -1
138 -19.0 -4.0 -292.5 137 139 -1
139 -18.5 -4.0 -293.0 138 140 -1
140 -18.0 -4.0 -293.5 139 141 -1
141 -17.5 -4.0 -294.0 140 142 -1
142 -17.5 -4.5 -294.5 141 143 -1
143 -17.5 -4.5 -295.0 142 144 -1
144 -17.0 -4.5 -295.5 143 145 -1
145 -16.5 -4.5 -296.0 144 146 -1
146 -16.0 -4.5 -296.5 145 147 -1
147 -15.5 -4.5 -297.0 146 148 -1
148 -15.5 -5.0 -297.5 147 149 -1
149 -15.5 -5.5 -298.0 148 150 -1
150 -15.0 -5.5 -298.5 149 151 -1
151 -14.5 -6.0 -299.0 150 152 -1
152 -14.0 -6.5 -299.5 151 153 -1
153 -13.5 -6.5 -300.0 152 154 -1
154 -13.0 -7.0 -300.5 153 155 -1
155 -12.5 -7.5 -301.0 154 156 -1
156 -12.0 -7.5 -301.5 155 157 -1
157 -12.0 -8.0 -302.0 156 158 -1
158 -11.5 -8.0 -302.5 157 159 -1
159 -11.0 -8.5 -303.0 158 160 -1
160 -10.5 -9.0 -303.5 159 161 -1
161 -10.0 -9.5 -303.5 160 162 -1
162 -9.5 -10.0 -304.0 161 163 -1
163 -9.5 -10.0 -304.5 162 164 -1
164 -9.0 -10.0 -305.0 163 165 -1
165 -8.5 -10.5 -305.0 164 166 -1
166 -8.0 -11.0 -305.5 165 167 -1
167 -7.5 -12.0 -306.0 166 168 169
168 -7.5 -12.5 -306.5 167 170 -1
169 -7.0 -11.5 -305.5 167 171 -1
170 -7.0 -13.0 -307.0 168 172 -1
171 -6.5 -11.5 -305.5 169 173 -1
172 -7.0 -13.0 -307.5 170 174 -1
173 -6.0 -11.5 -305.5 171 175 -1
174 -7.0 -13.5 -308.0 172 176 -1
175 -5.5 -11.5 -305.5 173 177 -1
176 -7.0 -14.0 -308.5 174 178 -1
177 -5.0 -11.5 -305.0 175 179 -1
178 -6.5 -14.5 -309.0 176 180 -1
179 -4.5 -12.0 -304.5 177 181 -1
180 -6.5 -15.0 -309.5 178 182 -1
181 -4.0 -12.0 -304.5 179 183 -1
182 -6.5 -15.5 -310.0 180 184 -1
183 -3.5 -11.5 -304.0 181 185 -1
184 -6.5 -16.0 -310.5 182 186 -1
185 -3.0 -12.0 -303.5 183 187 -1
186 -6.5 -16.0 -311.0 184 188 -1
187 -2.5 -12.0 -303.5 185 189 -1
188 -6.5 -16.5 -311.5 186 190 -1
189 -2.0 -12.0 -303.0 187 191 -1
190 -6.5 -17.0 -312.0 188 192 -1
191 -2.0 -11.5 -302.5 189 193 -1
192 -6.0 -17.0 -312.5 190 194 -1
193 -1.5 -12.0 -302.0 191 195 -1
194 -6.5 -17.5 -313.0 192 196 -1
195 -1.0 -12.0 -302.0 193 197 -1
196 -6.5 -18.0 -313.5 194 198 -1
197 -0.5 -11.5 -301.5 195 199 -1
198 -6.5 -18.5 -314.0 196 200 -1
199 0.0 -12.0 -301.0 197 201 -1
200 -7.0 -18.5 -314.5 198 202 -1
201 0.5 -12.0 -301.0 199 203 -1
202 -7.0 -18.5 -315.0 200 204 -1
203 1.0 -12.0 -301.0 201 205 -1
204 -7.0 -19.0 -315.5 202 206 -1
205 1.5 -11.5 -300.5 203 207 -1
206 -7.0 -19.5 -316.0 204 208 -1
207 2.0 -11.5 -300.5 205 209 -1
208 -7.5 -19.5 -316.5 206 210 -1
209 2.5 -12.0 -300.0 207 211 -1
210 -7.5 -20.0 -317.0 208 212 -1
211 3.0 -12.0 -300.0 209 213 -1
212 -7.5 -20.5 -317.5 210 214 -1
213 3.5 -11.5 -300.0 211 215 -1
214 -7.5 -20.5 -318.0 212 216 -1
215 4.0 -11.5 -300.0 213 217 -1
216 -8.0 -20.5 -318.5 214 218 -1
217 4.5 -11.5 -300.0 215 219 -1
218 -8.0 -20.5 -319.0 216 220 -1
219 5.0 -11.5 -299.5 217 221 -1
220 -8.0 -21.0 -319.5 218 222 -1
221 5.5 -11.5 -299.5 219 223 -1
222 -8.0 -21.0 -320.0 220 224 -1
223 6.0 -11.5 -299.0 221 225 -1
224 -8.0 -21.0 -320.5 222 226 -1
225 6.5 -11.5 -299.0 223 227 -1
226 -8.0 -21.0 -321.0 224 228 -1
227 7.0 -11.5 -298.5 225 229 -1
228 -8.0 -21.0 -321.5 226 230 -1
229 7.5 -11.5 -298.5 227 231 -1
230 -8.5 -21.0 -322.0 228 232 -1
231 8.0 -11.0 -298.5 229 233 -1
232 -8.5 -21.0 -322.5 230 -1 -1
233 8.5 -11.5 -298.0 231 234 -1
234 9.0 -11.0 -297.5 233 235 -1
235 9.5 -11.0 -297.0 234 236 -1
236 10.0 -11.0 -297.0 235 237 -1
237 10.5 -10.5 -297.0 236 238 -1
238 11.0 -10.5 -296.5 237 239 -1
239 11.5 -10.0 -296.0 238 240 -1
240 12.0 -10.0 -295.5 239 241 -1
241 12.5 -10.0 -295.5 240 242 -1
242 13.0 -9.5 -295.0 241 243 -1
243 13.5 -9.5 -295.0 242 244 -1
244 14.0 -9.5 -294.5 243 245 -1
245 14.5 -9.0 -294.0 244 246 247
246 14.0 -8.5 -293.5 245 248 -1
247 15.0 -9.0 -294.0 245 249 -1
248 14.0 -8.5 -293.0 246 250 -1
249 15.5 -9.0 -294.0 247 251 -1
250 13.5 -8.5 -292.5 248 252 -1
251 16.0 -9.0 -294.0 249 253 -1
252 13.0 -8.0 -292.0 250 254 -1
253 16.5 -8.5 -294.0 251 255 -1
254 12.5 -8.0 -291.5 252 256 -1
255 17.0 -8.5 -293.5 253 257 -1
256 12.0 -7.5 -291.0 254 258 -1
257 17.5 -8.5 -293.5 255 259 -1
258 12.0 -7.5 -290.5 256 260 -1
259 18.0 -8.0 -293.5 257 261 -1
260 12.0 -7.0 -290.0 258 262 -1
261 18.5 -8.0 -293.0 259 263 -1
262 11.5 -7.0 -289.5 260 264 -1
263 19.0 -7.5 -293.0 261 265 -1
264 11.0 -6.5 -289.0 262 266 -1
265 19.5 -7.0 -293.0 263 267 -1
266 11.0 -6.5 -288.5 264 268 -1
267 20.0 -6.5 -292.5 265 269 -1
268 11.0 -6.5 -288.0 266 270 -1
269 20.5 -6.0 -292.5 267 271 -1
270 11.0 -6.5 -287.5 268 272 -1
271 21.0 -5.5 -292.0 269 273 -1
272 11.0 -6.5 -287.0 270 274 -1
273 21.5 -5.0 -291.5 271 275 -1
274 11.0 -6.5 -286.5 272 276 -1
275 22.0 -4.5 -291.0 273 277 -1
276 11.0 -6.5 -286.0 274 278 -1
277 22.5 -4.0 -291.0 275 279 -1
278 11.0 -6.5 -285.5 276 280 -1
279 22.5 -3.5 -291.0 277 281 -1
280 11.0 -6.5 -285.0 278 282 -1
281 23.0 -3.0 -291.0 279 283 -1
282 11.0 -6.5 -284.5 280 284 -1
283 23.5 -2.5 -291.0 281 285 -1
284 11.0 -6.0 -284.0 282 286 -1
285 24.0 -2.0 -290.5 283 287 -1
286 11.0 -6.0 -283.5 284 288 -1
287 24.5 -1.5 -290.5 285 289 -1
288 10.5 -6.0 -283.0 286 290 -1
289 24.5 -1.0 -290.0 287 291 -1
290 10.5 -6.0 -282.5 288 292 -1
291 24.5 -0.5 -290.0 289 293 -1
292 10.5 -5.5 -282.0 290 294 -1
293 25.0 0.0 -290.0 291 295 -1
294 10.5 -5.5 -281.5 292 296 -1
295 25.0 0.5 -289.5 293 297 -1
296 10.5 -5.0 -281.0 294 298 -1
297 25.5 1.0 -289.5 295 299 -1
298 10.0 -5.0 -280.5 296 300 -1
299 25.5 1.5 -289.5 297 301 -1
300 9.5 -4.5 -280.0 298 302 -1
301 26.0 2.0 -290.0 299 303 -1
302 9.0 -4.5 -279.5 300 304 -1
303 26.0 2.5 -289.5 301 305 -1
304 9.0 -4.0 -279.0 302 306 -1
305 26.0 3.0 -289.5 303 307 -1
306 8.5 -4.0 -278.5 304 308 -1
307 26.5 3.5 -289.5 305 309 -1
308 8.0 -3.5 -278.0 306 310 -1
309 26.5 4.0 -289.5 307 311 -1
310 8.0 -3.5 -277.5 308 312 -1
311 26.5 4.5 -289.5 309 313 -1
312 7.5 -3.0 -277.0 310 314 -1
313 26.5 5.0 -289.5 311 315 -1
314 7.0 -2.5 -276.5 312 316 -1
315 27.0 5.5 -289.5 313 317 -1
316 6.5 -2.5 -276.0 314 318 -1
317 27.0 6.0 -289.5 315 319 -1
318 6.5 -2.0 -275.5 316 320 -1
319 27.0 6.5 -290.0 317 321 -1
320 6.0 -2.0 -275.0 318 322 -1
321 27.5 7.0 -289.5 319 323 -1
322 6.0 -1.5 -274.5 320 324 -1
323 27.5 7.5 -290.0 321 325 -1
324 6.0 -1.0 -274.0 322 326 -1
325 27.5 8.0 -290.0 323 327 -1
326 6.0 -0.5 -273.5 324 328 -1
327 27.5 8.5 -290.0 325 329 -1
328 6.0 -0.5 -273.0 326 330 -1
329 27.5 9.0 -290.0 327 331 -1
330 6.0 0.0 -272.5 328 332 -1
331 27.5 9.5 -290.5 329 333 -1
332 6.5 0.5 -272.0 330 334 -1
333 28.0 10.0 -290.5 331 335 -1
334 7.0 1.0 -271.5 332 336 -1
335 28.0 10.5 -291.0 333 337 -1
336 7.0 1.5 -271.0 334 338 -1
337 28.5 11.0 -291.0 335 339 -1
338 7.5 2.0 -270.5 336 340 -1
339 28.5 11.5 -291.5 337 341 -1
340 8.0 2.0 -270.5 338 342 -1
341 29.0 12.0 -291.5 339 343 -1
342 8.5 2.5 -270.0 340 344 -1
343 29.0 12.5 -292.0 341 345 -1
344 9.0 2.5 -269.5 342 346 -1
345 29.0 13.0 -292.5 343 347 -1
346 9.5 3.0 -269.5 344 348 -1
347 29.5 13.5 -292.5 345 349 -1
348 10.0 3.0 -269.0 346 350 -1
349 29.5 14.0 -293.0 347 351 -1
350 10.5 3.0 -269.0 348 352 -1
351 30.0 14.5 -293.5 349 353 -1
352 11.0 3.5 -268.5 350 354 -1
353 30.0 15.0 -293.5 351 355 -1
354 11.5 3.5 -268.5 352 356 -1
355 30.5 15.5 -294.0 353 357 -1
356 12.0 3.5 -268.5 354 358 -1
357 31.0 16.0 -294.5 355 359 -1
358 12.5 3.5 -268.5 356 360 -1
359 31.5 16.0 -295.0 357 361 -1
360 13.0 4.0 -268.5 358 362 -1
361 32.0 16.5 -295.5 359 363 -1
362 13.5 4.0 -268.5 360 364 -1
363 32.5 17.0 -296.0 361 365 -1
364 14.0 4.0 -268.5 362 366 -1
365 33.0 17.0 -296.5 363 367 -1
366 14.5 4.0 -268.5 364 368 -1
367 33.5 17.5 -296.5 365 369 -1
368 15.0 4.0 -268.5 366 370 -1
369 34.0 18.0 -297.0 367 371 -1
370 15.5 4.0 -268.5 368 372 -1
371 34.5 18.0 -297.5 369 373 -1
372 16.0 4.0 -268.5 370 374 -1
373 35.0 18.5 -297.5 371 375 -1
374 16.5 4.0 -269.0 372 376 -1
375 35.5 18.5 -298.0 373 377 -1
376 17.0 4.5 -269.0 374 378 -1
377 36.0 18.5 -298.5 375 379 -1
378 17.5 4.5 -268.5 376 380 -1
379 36.5 19.0 -298.5 377 381 -1
380 18.0 4.5 -269.0 378 382 -1
381 37.0 19.0 -299.0 379 383 -1
382 18.5 4.5 -269.0 380 384 -1
383 37.5 19.0 -299.5 381 385 -1
384 19.0 5.0 -268.5 382 386 -1
385 38.0 19.0 -299.5 383 387 -1
386 19.5 5.0 -268.5 384 388 -1
387 38.5 19.0 -300.0 385 389 -1
388 20.0 5.0 -268.5 386 390 -1
389 39.0 19.0 -300.0 387 391 -1
390 20.5 5.5 -268.5 388 -1 -1
391 39.5 18.5 -300.5 389 392 -1
392 40.0 19.0 -300.5 391 393 -1
393 40.5 18.5 -301.0 392 394 -1
394 41.0 18.5 -301.0 393 395 -1
395 41.5 18.5 -301.5 394 396 -1
396 42.0 18.5 -301.5 395 397 -1
397 42.5 18.0 -301.5 396 398 -1
398 43.0 18.0 -301.5 397 399 -1
399 43.5 18.0 -302.0 398 400 -1
400 44.0 18.0 -302.0 399 401 -1
401 44.5 17.5 -302.0 400 402 -1
402 45.0 17.5 -302.0 401 403 -1
403 45.5 17.0 -302.0 402 404 -1
404 46.0 17.0 -302.0 403 405 -1
405 46.5 17.0 -301.5 404 406 -1
406 47.0 16.5 -302.0 405 407 -1
407 47.5 16.5 -302.0 406 408 -1
408 48.0 16.0 -302.0 407 409 -1
409 48.5 16.0 -302.0 408 410 -1
410 49.0 15.5 -302.0 409 411 -1
411 49.5 15.5 -302.0 410 412 -1
412 50.0 15.0 -302.0 411 413 -1
413 50.5 15.0 -302.5 412 414 -1
414 51.0 14.5 -302.5 413 415 -1
415 51.5 14.5 -302.5 414 416 -1
416 52.0 14.0 -302.0 415 417 -1
417 52.5 13.5 -302.0 416 418 -1
418 53.0 13.5 -302.0 417 419 -1
419 53.5 13.0 -302.0 418 420 -1
420 54.0 12.5 -301.5 419 421 -1
421 54.5 12.0 -301.0 420 422 -1
422 55.0 11.5 -301.0 421 423 -1
423 55.5 11.0 -300.5 422 424 -1
424 56.0 11.0 -300.5 423 425 -1
425 56.5 10.5 -300.0 424 426 -1
426 57.0 10.0 -299.5 425 427 -1
427 57.5 9.5 -299.5 426 428 -1
428 58.0 9.0 -299.0 427 429 -1
429 58.5 8.5 -298.5 428 430 -1
430 59.0 8.5 -298.5 429 431 -1
431 59.5 8.0 -298.0 430 432 -1
432 60.0 7.5 -297.5 431 433 -1
433 60.5 7.0 -297.0 432 434 -1
434 61.0 7.0 -296.5 433 435 -1
435 61.5 6.5 -296.0 434 436 -1
436 62.0 6.5 -295.5 435 437 -1
437 62.5 6.5 -295.0 436 438 -1
438 62.5 6.0 -294.5 437 439 -1
439 63.0 6.0 -294.0 438 440 -1
440 63.5 6.0 -293.5 439 441 -1
441 63.5 6.0 -293.0 440 442 -1
442 64.0 6.0 -292.5 441 443 -1
443 64.0 6.0 -292.0 442 444 -1
444 64.0 6.0 -291.5 443 445 -1
445 64.5 6.0 -291.0 444 446 -1
446 64.5 6.0 -290.5 445 447 -1
447 65.0 6.0 -290.0 446 448 -1
448 65.5 6.0 -289.5 447 449 -1
449 66.0 6.0 -289.0 448 450 -1
450 66.0 6.5 -288.5 449 451 -1
451 65.5 7.0 -288.0 450 -1 -1
