0 -58.5 3.5 -264.5 -1 1 -1
1 -58.34615575786117 3.4136784940745377 -264.48936813538154 0 2 -1
2 -58.19154337161136 3.328504623192486 -264.4802577256997 1 3 -1
3 -58.03617170506266 3.2445706963898826 -264.47268537233697 2 4 -1
4 -57.880083185266805 3.1618541503563478 -264.4666052759367 3 5 -1
5 -57.72331825689276 3.080331580095066 -264.4619718414606 4 6 -1
6 -57.565915415494146 2.9999788601826287 -264.45873978010655 5 7 -1
7 -57.407911248633155 2.92077125863475 -264.45686419980865 6 8 -1
8 -57.24934048357094 2.8426835432268933 -264.4563006848421 7 9 -1
9 -57.090236040333764 2.7656900802254953 -264.45700536510964 8 10 -1
10 -56.930628905089044 2.689765331139107 -264.4589354357706 9 11 -1
11 -56.77054846752588 2.614883378134403 -264.46204855661756 10 12 -1
12 -56.61002282982069 2.5410173838623966 -264.46630221917343 11 13 -1
13 -56.44907793637591 2.468141810124989 -264.47165618804473 12 14 -1
14 -56.287738723611774 2.3962299855709546 -264.47806973355165 13 15 -1
15 -56.12602840989129 2.3252559854886874 -264.4855036801164 14 16 -1
16 -55.963969141057575 2.2551932419796237 -264.49391884531434 15 17 -1
17 -55.80158127413258 2.1860166368315443 -264.5032782503405 16 18 -1
18 -55.63888456607167 2.11769952480286 -264.51354390397444 17 19 -1
19 -55.47589724613048 2.050216421132082 -264.52467963543353 18 20 -1
20 -55.31263640056554 1.9835421989864948 -264.5366501875832 19 21 -1
21 -55.14911816158467 1.917651721956068 -264.54942080572823 20 22 -1
22 -54.98535775971122 1.852519837952966 -264.56295721444616 21 23 -1
23 -54.821369403214874 1.7881219368263517 -264.57722615385677 22 24 -1
24 -54.65716642829919 1.7244336704828298 -264.59219506301326 23 25 -1
25 -54.492761347683405 1.6614309654442314 -264.60783206611785 24 26 -1
26 -54.32816589734557 1.599090032788999 -264.6241059570916 25 27 -1
27 -54.16339103498422 1.5373875446831187 -264.64098634106875 26 28 -1
28 -53.99844705707648 1.4763003826276129 -264.6584433675265 27 29 -1
29 -53.833343686221 1.4158054539668032 -264.6764475464376 28 30 -1
30 -53.66808998504504 1.3558801510743668 -264.69497015733754 29 31 -1
31 -53.50269438277796 1.2965024135731193 -264.7139832708524 30 32 -1
32 -53.33716479901362 1.237650395657925 -264.73345942145056 31 33 -1
33 -53.17150878962102 1.1793020012014568 -264.75337119927156 32 34 -1
34 -53.00573321242398 1.1214363439161563 -264.7736924905573 33 35 -1
35 -52.83984470572314 1.0640319487920067 -264.7943969168403 34 36 -1
36 -52.67384935895496 1.007068192656276 -264.8154590395692 35 37 -1
37 -52.507752964762076 0.9505243846600208 -264.8368535764551 36 38 -1
38 -52.34156089667175 0.8943803726156833 -264.8585558736928 37 39 -1
39 -52.17527830621549 0.838615818183045 -264.88054133245004 38 40 -1
40 -52.00890987020431 0.7832113475745619 -264.9027862473943 39 41 -1
41 -51.84246020029522 0.7281469220467613 -264.9252666074056 40 42 -1
42 -51.67593349705158 0.6734033712921406 -264.94795918027086 41 43 -1
43 -51.50933375391898 0.6189616139476812 -264.97084093000535 42 44 -1
44 -51.34266482015021 0.5648024773528909 -264.99388891937934 43 45 -1
45 -51.17593029061499 0.5109072226764036 -265.01708062052546 44 46 -1
46 -51.00913353178286 0.4572574866252833 -265.04039381699664 45 47 -1
47 -50.84227787176394 0.40383459705124375 -265.06380626491057 46 48 -1
48 -50.67536643232657 0.35062029863651445 -265.0872960478809 47 49 -1
49 -50.50840221144931 0.2975964775145063 -265.11084141329223 48 50 -1
50 -50.34138808057044 0.24474521318094833 -265.1344207582144 49 51 -1
51 -50.17432684620484 0.192048608123648 -265.158012576076 50 52 -1
52 -50.0072212451828 0.13948886054549903 -265.1815954832658 51 53 -1
53 -49.84007393622237 0.0870483264828633 -265.20514819491694 52 54 -1
54 -49.67288753089837 0.034709453529745304 -265.2286494952882 53 55 -1
55 -49.505664608111516 -0.017545229122478495 -265.25207821933054 54 56 -1
56 -49.33840772452251 -0.06973311451597061 -265.2754132202302 55 57 -1
57 -49.171119429985936 -0.12187153801187407 -265.29863333679594 56 58 -1
58 -49.00380230408056 -0.17397781051500352 -265.32171748438475 57 59 -1
59 -48.83645893698853 -0.22606917448589964 -265.3446445188091 58 60 -1
60 -48.66909195712152 -0.27816284008970255 -265.3673932558804 59 61 -1
61 -48.501704045309886 -0.330275994691531 -265.3899424537226 60 62 -1
62 -48.334297949106364 -0.3824258122108023 -265.4122707952049 61 63 -1
63 -48.1668764972492 -0.4346294623155997 -265.434356870498 62 64 -1
64 -47.999442612150304 -0.4869041398326235 -265.45617909372396 63 65 -1
65 -47.83199933087306 -0.5392670524725721 -265.4777157799068 64 66 -1
66 -47.664549818696564 -0.5917353917053115 -265.4989452101577 65 67 -1
67 -47.497097378975596 -0.6443264001502201 -265.5198454285734 66 68 -1
68 -47.32964547262424 -0.6970573593307454 -265.54039430090666 67 69 -1
69 -47.162197734471206 -0.7499455974541651 -265.5605694979766 68 70 -1
70 -46.994757991234415 -0.8030085153192158 -265.5803484390216 69 71 -1
71 -46.827330286877164 -0.8562636793117404 -265.59970810092744 70 72 -1
72 -46.659918877245424 -0.9097284972740621 -265.6186257095212 71 73 -1
73 -46.49252826770147 -0.9634205587015133 -265.6370779880956 72 74 -1
74 -46.32516322733037 -1.0173575334600071 -265.6550413848464 73 75 -1
75 -46.15782883122273 -1.0715573527649378 -265.6724917215425 74 76 -1
76 -45.99053043802973 -1.1260378351841853 -265.6894049201066 75 77 -1
77 -45.82327372091235 -1.18081683211712 -265.705756690284 76 78 -1
78 -45.656064723985686 -1.2359124644650565 -265.721522084038 77 79 -1
79 -45.488909903318195 -1.2913431765955634 -265.7366754120947 78 80 -1
80 -45.32181601203918 -1.3471269159725108 -265.75119171916106 79 81 -1
81 -45.1547903111084 -1.4032822607242075 -265.76504472250167 80 82 -1
82 -44.98784051034838 -1.459827869417526 -265.778207812132 81 83 -1
83 -44.82097468792365 -1.5167819906862983 -265.79065488708767 82 84 -1
84 -44.65420165372127 -1.574164063074029 -265.80235754568366 83 85 -1
85 -44.48753044090342 -1.6319922125080029 -265.8132894314063 84 86 -1
86 -44.32097098516426 -1.690286157638908 -265.82342118141565 85 87 -1
87 -44.1545334702869 -1.7490642723369407 -265.8327254746046 86 88 -1
88 -43.98822909699818 -1.808346563518452 -265.8411719126822 87 89 -1
89 -43.822069342991384 -1.868151657940666 -265.8487321430524 88 90 -1
90 -43.656066648588485 -1.9284992587186187 -265.85537565980957 89 91 -1
91 -43.49023415317544 -1.9894089815240659 -265.86107176528344 90 92 -1
92 -43.32458560962561 -2.050900004874141 -265.8657901315398 91 93 -1
93 -43.15913572534766 -2.1129920387841787 -265.8694991481348 92 94 -1
94 -42.99390018143635 -2.1757051586183467 -265.8721661830266 93 95 -1
95 -42.828895238941975 -2.239058564635937 -265.87375963748957 94 96 -1
96 -42.66413825373259 -2.303071951284941 -265.8742466238144 95 97 -1
97 -42.499647552112705 -2.3677649849526086 -265.87359381572537 96 98 -1
98 -42.3354424706798 -2.4331572762357543 -265.87176746732075 97 99 -1
99 -42.17154339596155 -2.499268349346453 -265.86873343591185 98 100 -1
100 -42.00797180355776 -2.566117608543817 -265.8644572090414 99 101 -1
101 -41.84475029647559 -2.633724301493356 -265.8589039359589 100 102 -1
102 -41.681902642309545 -2.7021074794693485 -265.85203846383274 101 103 -1
103 -41.519453808879106 -2.7712859543326673 -265.8438253789738 102 104 -1
104 -41.35742999789739 -2.841278252237082 -265.8342290533359 103 105 -1
105 -41.195858676203706 -2.9121025640414873 -265.823213696546 104 106 -1
106 -41.03476860405264 -2.983776692433777 -265.81074341369776 105 107 -1
107 -40.87418991004113 -3.0563180774784118 -265.79678212806994 106 108 -1
108 -40.71415442461936 -3.1297442111333487 -265.78129282537776 107 109 -1
109 -40.554694577835335 -3.204070782777594 -265.7642407304828 108 110 -1
110 -40.39584451882341 -3.27931344863614 -265.74559022753533 109 111 -1
111 -40.23764038891429 -3.355488027106271 -265.7253044568148 110 112 -1
112 -40.08011878058805 -3.4326082097305384 -265.70334930314027 111 113 -1
113 -39.923317957547525 -3.510687314040494 -265.67969030781387 112 114 -1
114 -39.76727830566395 -3.589738700851688 -265.65429186504446 113 115 -1
115 -39.61203993452949 -3.6697727120780783 -265.62712269213495 114 116 -1
116 -39.45764635003843 -3.7508011778226296 -265.5981477003799 115 117 -1
117 -39.304139924149396 -3.8328319799400803 -265.5673378247397 116 118 -1
118 -39.15156666914054 -3.915874544433812 -265.53465999881894 117 119 -1
119 -39.0 -4.0 -265.5 118 120 121
120 -38.9749544347646 -4.077131581024272 -265.3104839436155 119 122 -1
121 -38.91357071432153 -4.075840206224427 -265.6807546712615 119 123 -1
122 -38.9478058114159 -4.153907158310333 -265.12099852774514 120 124 -1
123 -38.824567298556175 -4.149279053285353 -265.86104369406536 121 125 -1
124 -38.91828098497313 -4.230370120728172 -264.9317422107272 122 126 -1
125 -38.733152358622675 -4.220403617968542 -266.0410539153777 123 127 -1
126 -38.88637358140966 -4.30651680480414 -264.74274526082235 124 128 -1
127 -38.639421466144995 -4.289253009022959 -266.2207575902506 125 129 -1
128 -38.85207892597268 -4.382343877343243 -264.55403814899546 126 130 -1
129 -38.54348472022334 -4.3558848507106 -266.40013295285803 127 131 -1
130 -38.815394203178805 -4.457848375279076 -264.3656514613755 128 132 -1
131 -38.4454281164622 -4.420336512048285 -266.5791584214654 129 133 -1
132 -38.77631463119539 -4.533027200725843 -264.17761643450484 130 134 -1
133 -38.34535114815143 -4.482662943099771 -266.757818120764 131 135 -1
134 -38.73484379108254 -4.607878546533813 -263.98996334424106 132 136 -1
135 -38.24334154050174 -4.54291067619855 -266.9360976089037 133 137 -1
136 -38.690981988252574 -4.682400330265679 -263.80272317251377 134 138 -1
137 -38.13947819672552 -4.601119956299644 -267.11398367706005 135 139 -1
138 -38.644734033011694 -4.756591276486962 -263.6159263139045 136 140 -1
139 -38.0338473612098 -4.6573424272891915 -267.29146763912047 137 141 -1
140 -38.59610418317475 -4.8304502369186535 -263.4296034024976 138 142 -1
141 -37.926526138453234 -4.711622898351607 -267.4685416770716 139 143 -1
142 -38.54510240491912 -4.903977081675512 -263.2437839770768 140 144 -1
143 -37.817588418628574 -4.764005527158116 -267.64519981021243 141 145 -1
144 -38.49173552093144 -4.977171478763182 -263.0584982624283 142 146 -1
145 -37.70710506851167 -4.81453385187798 -267.8214377515085 143 147 -1
146 -38.43601570133957 -5.050034100697897 -262.8737752804571 144 148 -1
147 -37.595144010694625 -4.863250706329035 -267.99725274881354 145 149 -1
148 -38.37795675387009 -5.122566122706501 -262.68964351782625 146 150 -1
149 -37.481770309008894 -4.910198148581343 -268.1726434363244 147 151 -1
150 -38.317573199267066 -5.194769106328645 -262.50613111644844 148 152 -1
151 -37.367046258631866 -4.9554174017736825 -268.34760969610966 149 153 -1
152 -38.25488138287433 -5.266645170895926 -262.3232655393278 150 154 -1
153 -37.251030909931664 -4.998948044646101 -268.52215233475846 151 155 -1
154 -38.18989941884438 -5.338196999724101 -262.14107350237884 152 156 -1
155 -37.13377819107204 -5.040825190471464 -268.6962722232455 153 157 -1
156 -38.12264701370211 -5.409427828025852 -261.95958094771015 154 158 -1
157 -37.0153458730296 -5.081091452639338 -268.8699732885203 155 159 -1
158 -38.05314578859118 -5.480341499931501 -261.77881286196975 156 160 -1
159 -36.89578609509134 -5.119784220839225 -269.043259180409 157 161 -1
160 -37.981418998041185 -5.550942438436029 -261.59879327657296 158 162 -1
161 -36.775143109031745 -5.156931713695445 -269.216132031497 159 163 -1
162 -37.9074907248445 -5.621235541497109 -261.4195454806335 160 164 -1
163 -36.65347028043167 -5.1925772696428245 -269.3885988998581 161 165 -1
164 -37.8313871107353 -5.691226361904736 -261.24109152876036 162 166 -1
165 -36.530807871469904 -5.226747169362365 -269.5606630488682 163 167 -1
166 -37.753135449778824 -5.760920985710225 -261.0634524819707 164 168 -1
167 -36.407203605410004 -5.2594806998713395 -269.7323320246894 165 169 -1
168 -37.67276429503079 -5.8303260515564 -260.8866483108084 166 170 -1
169 -36.28269356712357 -5.290801184262132 -269.9036096575769 167 171 -1
170 -37.59030337525376 -5.8994487418964905 -260.7106978671939 168 172 -1
171 -36.157321909024546 -5.32074626183835 -270.0745043611704 169 173 -1
172 -37.50578351066772 -5.968296772687837 -260.53561886158093 170 174 -1
173 -36.031124872318124 -5.3493428664747915 -270.2450221523619 171 175 -1
174 -37.41923652825221 -6.036878381672386 -260.36142784533206 172 176 -1
175 -35.90413712986458 -5.376616787369319 -270.41516924230837 173 177 -1
176 -37.33069468798774 -6.105202253379697 -260.1881404270707 174 178 -1
177 -35.77639569492973 -5.402599377297048 -270.5849538837289 175 179 -1
178 -37.24019083075178 -6.173277540426122 -260.0157711894905 176 180 -1
179 -35.647933553764325 -5.427316797496041 -270.75438331431485 177 181 -1
180 -37.14776051476183 -6.241114122058245 -259.8443326011859 178 182 -1
181 -35.51878243394346 -5.450794460949326 -270.9234649636594 179 183 -1
182 -37.05343877458081 -6.308722186035609 -259.6738364914701 180 184 -1
183 -35.38897247368433 -5.473056313139602 -271.09220621976505 181 185 -1
184 -36.95726123586246 -6.376112366031296 -259.5042935150367 182 186 -1
185 -35.258533096143374 -5.494126343563225 -271.26061482311223 183 187 -1
186 -36.859262618875285 -6.443295568513904 -259.33571393430327 184 188 -1
187 -35.12749328117383 -5.5140291425267165 -271.42869898923914 185 189 -1
188 -36.759480541712826 -6.510283393923035 -259.16810557105526 186 190 -1
189 -34.9958802119569 -5.532787219216661 -271.59646663432517 187 191 -1
190 -36.65795238456693 -6.577087757057554 -259.00147539659724 188 192 -1
191 -34.86372007381952 -5.55042240292146 -271.76392574365906 189 193 -1
192 -36.55471539357646 -6.643720896483751 -258.8358294953313 190 194 -1
193 -34.73103810014312 -5.56695585810554 -271.93108435385386 191 195 -1
194 -36.44980591376216 -6.7101953033883115 -258.6711735472745 192 196 -1
195 -34.59785861648284 -5.582408099763756 -272.09795053687276 193 197 -1
196 -36.343262198074 -6.776523975637267 -258.50751115181225 194 198 -1
197 -34.46420431499218 -5.596797235142089 -272.26453191558403 195 199 -1
198 -36.23512258856056 -6.842720211989027 -258.34484484229586 196 200 -1
199 -34.330098375499375 -5.6101436517574905 -272.4308369026127 197 201 -1
200 -36.12542486894794 -6.908797549616129 -258.183176503697 198 202 -1
201 -34.19556276567943 -5.62246623438123 -272.5968736624085 199 203 -1
202 -36.014206192875875 -6.974769764240103 -258.02250746593216 200 204 -1
203 -34.060618615345135 -5.633783083350307 -272.76265029375804 201 205 -1
204 -35.901504159252305 -7.040650936817062 -257.8628378119273 202 206 -1
205 -33.925286339997164 -5.644111726253292 -272.92817487343876 203 207 -1
206 -35.78735722035576 -7.106455436958351 -257.70416604929324 204 208 -1
207 -33.78958498234499 -5.653467237554377 -273.09345498001767 205 209 -1
208 -35.67180282909425 -7.172197797318289 -257.5464903747665 206 210 -1
209 -33.65353347712382 -5.661865380177515 -273.2584984880505 207 211 -1
210 -35.554878246274654 -7.237892754709462 -257.3898081539137 208 212 -1
211 -33.51715117009669 -5.669324317858623 -273.4233139417825 209 213 -1
212 -35.43661997382641 -7.303555226069786 -257.2341163613155 210 214 -1
213 -33.38045576638698 -5.675858832205149 -273.58790912817045 211 215 -1
214 -35.31706494434456 -7.369200325155322 -257.07941071362296 212 216 -1
215 -33.243463341021844 -5.681479637469229 -273.75229098120195 213 217 -1
216 -35.19625012386621 -7.4348433120155155 -256.92568593795943 214 218 -1
217 -33.10619228508348 -5.686205750188031 -273.91646842993123 215 219 -1
218 -35.07421167133001 -7.500499574521255 -256.77293644181185 216 220 -1
219 -32.96865819600686 -5.690048537111051 -274.0804486875617 217 221 -1
220 -34.95098540332549 -7.56618462569137 -256.62115598708453 218 222 -1
221 -32.83087676414541 -5.693020464732026 -274.24423929890634 219 223 -1
222 -34.82660677331723 -7.631914089777508 -256.4703377265372 220 224 -1
223 -32.69286430906368 -5.695137564987485 -274.40784859988196 221 225 -1
224 -34.701110853622275 -7.697703688987883 -256.3204742397027 222 226 -1
225 -32.55463445768001 -5.69640675807677 -274.571283060645 223 227 -1
226 -34.57453232001252 -7.763569230852939 -256.1715575681715 224 228 -1
227 -32.416203452702476 -5.696846378701227 -274.7345515254997 225 229 -1
228 -34.44690531349038 -7.82952660954094 -256.0235793649578 226 230 -1
229 -32.27758403901528 -5.6964614224157835 -274.89766020172374 227 231 -1
230 -34.31826373477491 -7.895591768493356 -255.87653065571573 228 232 -1
231 -32.138791631799556 -5.695269708231039 -275.0606178033847 229 233 -1
232 -34.18864115747309 -7.961780683913108 -255.73040192779737 230 234 -1
233 -31.999838438850425 -5.693275220262295 -275.22343047676287 231 235 -1
234 -34.05807055921034 -8.02810938711754 -255.58518340836451 232 236 -1
235 -31.860739017321176 -5.690495421423954 -275.3861067193339 233 237 -1
236 -33.92658447857269 -8.094593940917882 -255.44086495097457 234 238 -1
237 -31.721505334916703 -5.686942141209153 -275.5486530060613 235 239 -1
238 -33.794215012681796 -8.161250430707 -255.29743606542488 236 240 -1
239 -31.58215062773025 -5.682640003692407 -275.7110774476723 237 241 -1
240 -33.66099381646142 -8.228094956110347 -255.1548859465317 238 242 -1
241 -31.442686851388327 -5.677607630254204 -275.873387260887 239 243 -1
242 -33.52695203292702 -8.295143642856202 -255.01320357832267 240 244 -1
243 -31.303125883308226 -5.67186438839234 -276.0355899089381 241 245 -1
244 -33.39212030838569 -8.362412642935288 -254.87237775620952 242 246 -1
245 -31.163479692477665 -5.665432361723127 -276.1976933358716 243 247 -1
246 -33.25652913934932 -8.42991802073041 -254.73239672987398 244 248 -1
247 -31.02375918869899 -5.65832653882069 -276.35970457379045 245 249 -1
248 -33.1202084406651 -8.497675864241211 -254.59324869767545 246 250 -1
249 -30.883975854145724 -5.650568810562891 -276.52163169258523 247 251 -1
250 -32.98318770246649 -8.565702241615783 -254.45492167025535 248 252 -1
251 -30.744140558771914 -5.6421777994849664 -276.6834823605442 249 253 -1
252 -32.84549599709666 -8.634013195663961 -254.31740349277587 250 254 -1
253 -30.60426371179902 -5.633167630126678 -276.8452638310048 251 255 -1
254 -32.70716198694211 -8.702624738756867 -254.18068186609298 252 256 -1
255 -30.464356024897157 -5.623559614285256 -277.0069842256124 253 257 -1
256 -32.56821393308349 -8.77155284808441 -254.0447443668844 254 258 -1
257 -30.32442770788336 -5.613370813392752 -277.16865122166706 255 259 -1
258 -32.42867923792424 -8.84081375270658 -253.90957910116433 256 260 -1
259 -30.18448879778405 -5.602615302024255 -277.3302723383746 257 261 -1
260 -32.288585783617606 -8.910423163006806 -253.77517296333434 258 262 -1
261 -30.044549282901773 -5.591312099824917 -277.4918555546786 259 263 -1
262 -32.14796076913682 -8.980396886263268 -253.64151316373204 260 264 -1
263 -29.904618908536584 -5.579477817940644 -277.6534086658343 261 265 -1
264 -32.00683095643868 -9.050750722106077 -253.50858696006952 262 266 -1
265 -29.764707341472242 -5.567127346292496 -277.8149394325285 263 267 -1
266 -31.86522231056672 -9.121500824036694 -253.3763822737413 264 268 -1
267 -29.624824160612235 -5.554276051602252 -277.9764557177475 265 269 -1
268 -31.723161228517103 -9.192662683162908 -253.24488586555287 266 270 -1
269 -29.484978684565863 -5.540940985633653 -278.1379654395803 267 271 -1
270 -31.58067362565033 -9.264251799772104 -253.11408467949695 268 272 -1
271 -29.34518019565855 -5.527137380169278 -278.29947647882875 269 273 -1
272 -31.43778462899323 -9.336284129451752 -252.98396646710214 270 274 -1
273 -29.205438080982756 -5.5128789835520875 -278.4609967981752 271 275 -1
274 -31.294519454330718 -9.408775205457506 -252.8545183837496 272 276 -1
275 -29.06576146170154 -5.498181199223642 -278.6225343849561 273 277 -1
276 -31.150903262444334 -9.481740136042125 -252.72572714666376 274 278 -1
277 -28.926159290904266 -5.483059511110041 -278.7840972023915 275 279 -1
278 -31.00696020270372 -9.555195022527844 -252.5975809366409 276 280 -1
279 -28.78664057682944 -5.467528366609621 -278.94569326837257 277 281 -1
280 -30.862714983647727 -9.62915471228136 -252.470066396167 278 282 -1
281 -28.64721451964393 -5.451601168782894 -279.10733075302556 279 283 -1
282 -30.718191636128466 -9.703634614481858 -252.34317106758016 280 284 -1
283 -28.507890102727707 -5.4352921776850085 -279.2690178016169 281 285 -1
284 -30.57341390722608 -9.778650272112568 -252.21688274911781 282 286 -1
285 -28.36867603429728 -5.418616248729415 -279.43076246151963 283 287 -1
286 -30.428405732572635 -9.85421622973274 -252.0911882970654 284 288 -1
287 -28.229581218808807 -5.401587222496012 -279.592572917602 285 289 -1
288 -30.28319024585455 -9.930348458655775 -251.96607624071677 286 290 -1
289 -28.090614699490427 -5.384218485453936 -279.7544574855171 287 291 -1
290 -30.137791087200426 -10.00706091170314 -251.841533215269 288 292 -1
291 -27.95178576730155 -5.366522928716951 -279.91642468921134 289 293 -1
292 -29.992231031019042 -10.084369664202146 -251.71754810296744 290 294 -1
293 -27.81310291811323 -5.348515209512592 -280.0784826101487 291 295 -1
294 -29.846533312146875 -10.16228840505405 -251.59410772932213 292 296 -1
295 -27.674575117201684 -5.330208733260329 -280.2406396388941 293 297 -1
296 -29.700720508837353 -10.24083293356674 -251.47120099757456 294 298 -1
297 -27.53621136991995 -5.311616823633893 -280.40290422374176 295 299 -1
298 -29.554815427730453 -10.320017055518496 -251.34881528303225 296 300 -1
299 -27.398021512290246 -5.292751620567414 -280.5652854071029 297 301 -1
300 -29.40884052557195 -10.399855859830987 -251.22693922308434 298 302 -1
301 -27.260014013956056 -5.2736274609366705 -280.727791339733 299 303 -1
302 -29.26281824172198 -10.480363700968438 -251.1055610525426 300 304 -1
303 -27.122198020742687 -5.254257552991408 -280.8904306336224 301 305 -1
304 -29.11677089960857 -10.561554470185426 -250.98466889964695 302 306 -1
305 -26.98458280390178 -5.2346549949227095 -281.0532120000251 303 307 -1
306 -28.97072071357408 -10.643443551507533 -250.86425212118627 304 308 -1
307 -26.84717860940993 -5.214832021997513 -281.2161448649577 305 309 -1
308 -28.82468982450835 -10.726043927485184 -250.74429865015617 306 310 -1
309 -26.709994294653704 -5.194802445347177 -281.379237663349 307 311 -1
310 -28.678700300727115 -10.809370056557906 -250.62479763651874 308 312 -1
311 -26.573039276561946 -5.174579478778089 -281.542499218679 309 313 -1
312 -28.53277420243904 -10.893436308827406 -250.50573834489828 310 314 -1
313 -26.436323291204843 -5.154176144288536 -281.7059385777157 311 315 -1
314 -28.386933412828366 -10.978255673698593 -250.38710945355894 312 316 -1
315 -26.29985748448341 -5.13360472145551 -281.8695658388902 313 317 -1
316 -28.241199861769644 -11.063842052727603 -250.26890041327528 314 318 -1
317 -26.163650650425993 -5.112879192476654 -282.0333893126806 315 319 -1
318 -28.09559556229634 -11.15020968849708 -250.15110104457156 316 320 -1
319 -26.027712944558584 -5.092012669158274 -282.19741829702537 317 321 -1
320 -27.950142228623758 -11.237371073532342 -250.0337004887978 318 322 -1
321 -25.892055607503167 -5.0710179449039785 -282.3616628932325 319 323 -1
322 -27.804861691356145 -11.325339469486394 -249.9166885445996 320 324 -1
323 -25.7566891060818 -5.0499083986001665 -282.526132572763 321 325 -1
324 -27.659775894263387 -11.414128439128364 -249.80005537161097 322 326 -1
325 -25.621623442689415 -5.028697637424537 -282.69083639051723 323 327 -1
326 -27.514906707395888 -11.50375097663781 -249.68379108664377 324 328 -1
327 -25.486870374456167 -5.007398829054 -282.85578471006403 325 329 -1
328 -27.370275835381115 -11.594219326181182 -249.56788573442313 326 330 -1
329 -25.352441539314064 -4.986025448205647 -283.02098774462615 327 331 -1
330 -27.22590512203917 -11.685546085419539 -249.45232977334973 328 332 -1
331 -25.21834719086158 -4.964591371929551 -283.18645454145957 329 333 -1
332 -27.081816429595314 -11.777743667531766 -249.33711383410056 330 334 -1
333 -25.084600382048514 -4.943110139397219 -283.3521962729955 331 335 -1
334 -26.938031810669127 -11.87082475302881 -249.22222888814807 332 336 -1
335 -24.95121283873841 -4.9215957216812845 -283.5182229744229 333 337 -1
336 -26.79457312307247 -11.964801149719314 -249.10766582718708 334 338 -1
337 -24.818195754372276 -4.900062197950881 -283.68454415209777 335 339 -1
338 -26.65146220406008 -12.059684370476713 -248.99341570934524 336 340 -1
339 -24.68556458846584 -4.878523727122147 -283.85117259573826 337 341 -1
340 -26.508721024354305 -12.155486000293374 -248.87946988608013 338 342 -1
341 -24.55332946684024 -4.8569947127289215 -284.01811672569823 339 343 -1
342 -26.36637158974224 -12.252217394690296 -248.76581989560862 340 344 -1
343 -24.421505721959292 -4.835489799121416 -284.1853889760842 341 345 -1
344 -26.224435942531738 -12.349889669803243 -248.6524574656318 342 346 -1
345 -24.290106136535602 -4.814023731334204 -284.3529996018041 343 347 -1
346 -26.08293616232985 -12.448513692178462 -248.5393745159993 344 348 -1
347 -24.159145287958427 -4.792611578179059 -284.52096012960726 345 349 -1
348 -25.941894366123716 -12.548100068288917 -248.42656316130908 346 350 -1
349 -24.02863786604891 -4.771268637841966 -284.6892820023046 347 351 -1
350 -25.80133270764276 -12.648659133784912 -248.31401571344236 348 352 -1
351 -23.89859873990045 -4.750010432669352 -284.8579766174081 349 353 -1
352 -25.66127337598341 -12.750200942493734 -248.20172468402666 350 354 -1
353 -23.769043492071738 -4.728852795743984 -285.02705573740116 351 355 -1
354 -25.52173859347597 -12.852735255186492 -248.08968278682465 352 356 -1
355 -23.63998862600731 -4.707811983475663 -285.1965316343157 353 357 -1
356 -25.38275061277619 -12.95627152813124 -247.97788294004076 354 358 -1
357 -23.511449302564472 -4.686904086115908 -285.36641528230984 355 359 -1
358 -25.244331713163177 -13.060818901454802 -247.86631826854 356 360 -1
359 -23.383445337227485 -4.666146657652097 -285.5367210739549 357 361 -1
360 -25.10650419602741 -13.16638618733738 -247.75498210597098 358 362 -1
361 -23.25599143263223 -4.6455559999042455 -285.70745909611594 359 363 -1
362 -24.96929037953378 -13.272981858066338 -247.64386799678368 360 364 -1
363 -23.129107918959555 -4.625150273680823 -285.87864356608816 361 365 -1
364 -24.832712592445237 -13.380614033978711 -247.53296969813425 362 366 -1
365 -23.00281370795794 -4.604947463105779 -286.05028725782466 363 367 -1
366 -24.696793167095407 -13.489290471323146 -247.4222811816645 364 368 -1
367 -22.877127051812927 -4.58496546086893 -286.22240209847627 365 369 -1
368 -24.56155443149934 -13.599018550075668 -247.31179663514723 366 370 -1
369 -22.752069335937374 -4.565223480107574 -286.39500207913255 367 371 -1
370 -24.427018700594115 -13.709805261745124 -247.20151046398468 368 372 -1
371 -22.627661355428625 -4.545741926005181 -286.5681004650481 369 373 -1
372 -24.29320826660347 -13.821657197206868 -247.09141729254782 370 374 -1
373 -22.50390069311647 -4.5265455747492584 -286.741694030665 371 375 -1
374 -24.160145388522416 -13.934580534605594 -246.98151196534474 372 376 -1
375 -22.380773476077493 -4.5076639082436305 -286.91577188556323 373 377 -1
376 -24.027852280721238 -14.048581027370425 -246.87178954800396 374 378 -1
377 -22.25826497340815 -4.489127018471031 -287.0903226821375 375 379 -1
378 -23.896351469944452 -14.16366448558233 -246.76224540682134 376 380 -1
379 -22.136359866964924 -4.470965561987084 -287.26533479143956 377 381 -1
380 -23.765665239555474 -14.27983600009969 -246.65287507942213 378 382 -1
381 -22.01504308655991 -4.453211398694142 -287.44079692647114 379 383 -1
382 -23.635815175660223 -14.39709939936846 -246.5436742022923 380 384 -1
383 -21.89429685220189 -4.43589541217682 -287.6166958610275 381 385 -1
384 -23.506823193627156 -14.515458625970439 -246.43463873126197 382 386 -1
385 -21.77410405086943 -4.4190497829911894 -287.7930189918478 383 387 -1
386 -23.378711329275927 -14.634917427947789 -246.32576488619003 384 388 -1
387 -21.654446995828 -4.402707200901441 -287.96975336848135 385 389 -1
388 -23.251502240752238 -14.755479937555593 -246.2170492279857 386 390 -1
389 -21.535307440026585 -4.38690085467026 -288.1468856800487 387 391 -1
390 -23.125216421454112 -14.87714732496845 -246.1084881888641 388 392 -1
391 -21.416666590524436 -4.371664421053369 -288.3244022409419 389 393 -1
392 -23.0 -15.0 -246.0 390 -1 -1
393 -21.298505123964066 -4.357032052911873 -288.5022889754833 391 394 -1
394 -21.18080320311246 -4.343038366350458 -288.6805314015748 393 395 -1
395 -21.06354056327536 -4.329718543370385 -288.859114666876 394 396 -1
396 -20.946697030145145 -4.317109313061135 -289.0380239203154 395 397 -1
397 -20.830250676271742 -4.30524565618397 -289.2172428416531 396 398 -1
398 -20.714179768321166 -4.294163920567346 -289.39675511836856 397 399 -1
399 -20.598462159119276 -4.283900833759973 -289.5765439358913 398 400 -1
400 -20.48307531121286 -4.274493481983798 -289.7565919562611 399 401 -1
401 -20.367996947602528 -4.2659813308991845 -289.9368817864464 400 402 -1
402 -20.253203559284593 -4.258401927682054 -290.1173947632893 401 403 -1
403 -20.138671117917543 -4.251792009515787 -290.29811146940284 402 404 -1
404 -20.02437585232936 -4.246190316317361 -290.4790122954675 403 405 -1
405 -19.910294374475466 -4.241639732770547 -290.6600774729581 404 406 -1
406 -19.79640134849343 -4.2381748003755275 -290.84128524179454 405 407 -1
407 -19.682672428810292 -4.235836038440139 -291.02261406012923 406 408 -1
408 -19.569083144070696 -4.234665950369324 -291.2040416639813 407 409 -1
409 -19.455608018354724 -4.234699133464049 -291.38554444008923 408 410 -1
410 -19.342222461147674 -4.235980865058714 -291.56709864091147 409 411 -1
411 -19.228901046495796 -4.23854632798323 -291.748679261448 410 412 -1
412 -19.115618760728864 -4.242437887427982 -291.93026069545454 411 413 -1
413 -19.002350442663214 -4.247694021588586 -292.1118164436486 412 414 -1
414 -18.889071033105402 -4.254354383085159 -292.29331915316715 413 415 -1
415 -18.775755580419645 -4.26245832336616 -292.4747406054427 414 416 -1
416 -18.662379281579035 -4.272044733292374 -292.6560517010102 415 417 -1
417 -18.54891761139017 -4.283151289833189 -292.8372225642545 416 418 -1
418 -18.435346100041574 -4.29581809557432 -293.0182221206273 417 419 -1
419 -18.321641083515523 -4.310078572891201 -293.1990191719598 418 420 -1
420 -18.20777833040452 -4.325975936638467 -293.37958024294176 419 421 -1
421 -18.093735452441674 -4.343538338576946 -293.55987313016755 420 422 -1
422 -17.979488780395886 -4.362809352131892 -293.7398621720253 421 423 -1
423 -17.865016929204312 -4.383816632484098 -293.9195135090485 422 424 -1
424 -17.75029797630943 -4.406596199202866 -294.09879082531376 423 425 -1
425 -17.63531073224295 -4.431181724574394 -294.27765718124164 424 426 -1
426 -17.520035862334304 -4.457598425129793 -294.4560767440659 425 427 -1
427 -17.404452270401425 -4.485885794738053 -294.6340090991643 426 428 -1
428 -17.28854286682073 -4.516062479929474 -294.81141830212187 427 429 -1
429 -17.17228899974198 -4.548160055309708 -294.98826405719484 428 430 -1
430 -17.055673753185882 -4.582203454921508 -295.1645069358638 429 431 -1
431 -16.938682012200584 -4.618211625129036 -295.34010863530494 430 432 -1
432 -16.821297037511243 -4.656215074659672 -295.5150260581224 431 433 -1
433 -16.70350697540907 -4.696222921580202 -295.68922266921226 432 434 -1
434 -16.585296972009314 -4.738262465379586 -295.8626546355474 433 435 -1
435 -16.466656828759312 -4.782341602534623 -296.0352846067163 434 436 -1
436 -16.34757466924237 -4.828479450571594 -296.2070701992686 435 437 -1
437 -16.22804182239149 -4.876683406142224 -296.3779731457586 436 438 -1
438 -16.10805757447567 -4.926954344675388 -296.5479618478859 437 439 -1
439 -15.987640694320875 -4.979260994918667 -296.7170279479584 438 440 -1
440 -15.866810031598625 -5.03357730955101 -296.8851625862689 439 441 -1
441 -15.745586292144932 -5.089865808566247 -297.0523630368286 440 442 -1
442 -15.62398629785783 -5.148106364980054 -297.21861907428934 441 443 -1
443 -15.50203024974722 -5.208258967533468 -297.3839308544699 442 444 -1
444 -15.379734685118143 -5.270300653383125 -297.54829092707377 443 445 -1
445 -15.257117165672987 -5.334200682397773 -297.71169639300075 444 446 -1
446 -15.134195038202147 -5.399926742732485 -297.8741459648234 445 447 -1
447 -15.010983520949901 -5.467457021713253 -298.0356334930647 446 448 -1
448 -14.887499048602793 -5.5367598069879405 -298.19615872984133 447 449 -1
449 -14.763757216658448 -5.607805827018353 -298.3557208612588 448 450 -1
450 -14.639772572856208 -5.680570343604223 -298.5143171971067 449 451 -1
451 -14.51555924405904 -5.755029368704063 -298.6719451561111 450 452 -1
452 -14.391131848382127 -5.8311524081297135 -298.8286065107621 451 453 -1
453 -14.266503939265235 -5.908914079514633 -298.9843007270973 452 454 -1
454 -14.141688678693457 -5.988289418014792 -299.13902758566644 453 455 -1
455 -14.01669857184937 -6.069256537490892 -299.292785519464 454 456 -1
456 -13.891546250314793 -6.151789541794124 -299.44557591988763 455 457 -1
457 -13.7662439027411 -6.235863382788726 -299.59740022951075 456 458 -1
458 -13.640803215922263 -6.321454822268008 -299.7482592853744 457 459 -1
459 -13.515235536400063 -6.408541053648329 -299.8981541407009 458 460 -1
460 -13.3895518806184 -6.497099702208685 -300.0470860475947 459 461 -1
461 -13.263762945021748 -6.587108824615374 -300.19505644045483 460 462 -1
462 -13.13787911607673 -6.678546907789208 -300.3420669200857 461 463 -1
463 -13.011910480199015 -6.771392867169269 -300.48811923849075 462 464 -1
464 -12.885866833568251 -6.865626044425575 -300.6332152843334 463 465 -1
465 -12.759757691817976 -6.961226204668738 -300.77735706904764 464 466 -1
466 -12.633592299586368 -7.058173533204142 -300.9205467135795 465 467 -1
467 -12.50737963991881 -7.156448631873073 -301.0627864357417 466 468 -1
468 -12.38112844351193 -7.256032515022853 -301.20407853816124 467 469 -1
469 -12.254847197791568 -7.356906605144544 -301.3444253967993 468 470 -1
470 -12.128544155818966 -7.459052728214108 -301.4838294500252 469 471 -1
471 -12.002227345019302 -7.562453108771611 -301.6222931882222 470 472 -1
472 -11.875904575729393 -7.667090364769635 -301.759819143906 471 473 -1
473 -11.749583449560907 -7.772947502221254 -301.89640988233475 472 474 -1
474 -11.623271367577964 -7.880007909674443 -302.0320679925916 473 475 -1
475 -11.496975538287257 -7.988255352539305 -302.16679607911766 474 476 -1
476 -11.370703041200809 -8.097676096451979 -302.30059504950856 475 477 -1
477 -11.244460728795241 -8.208253577479006 -302.43346832270277 476 478 -1
478 -11.118255263661458 -8.319971762405016 -302.56541920629746 477 479 -1
479 -10.992093163244268 -8.43281585456438 -302.69645029432684 478 480 -1
480 -10.865980789376604 -8.546771404729006 -302.8265641599741 479 481 -1
481 -10.739924456224303 -8.661826067029123 -302.9557618658144 480 482 -1
482 -10.613930306933089 -8.77796666167228 -303.08404537575655 481 483 -1
483 -10.488004165875106 -8.895177507202803 -303.2114190266618 482 484 -1
484 -10.362151841625353 -9.013445473992938 -303.3378852543054 483 485 -1
485 -10.236379154605212 -9.132759382972468 -303.4634450164635 484 486 -1
486 -10.110691833733659 -9.253108169241496 -303.5880993355729 485 487 -1
487 -9.985095111373349 -9.374476647545785 -303.7118530749392 486 488 -1
488 -9.859594341035262 -9.496852912890295 -303.83470845265464 487 489 -1
489 -9.734195237397063 -9.620229611418702 -303.9566637534407 488 490 -1
490 -9.608902657745123 -9.744592046557573 -304.0777240410384 489 491 -1
491 -9.483721589013502 -9.869928340533104 -304.1978920731618 490 492 -1
492 -9.358657479933612 -9.996231334967163 -304.3171664121867 491 493 -1
493 -9.233715070286223 -10.12348872458787 -304.4355505160134 492 494 -1
494 -9.108898980011455 -10.251688488884847 -304.5530478018554 493 495 -1
495 -8.984214589654833 -10.380824814239094 -304.66965596227845 494 496 -1
496 -8.859666270618968 -10.51088527257495 -304.78537909422084 495 497 -1
497 -8.735258459529257 -10.641858921094993 -304.9002200896093 496 498 -1
498 -8.610996699301246 -10.773742227453532 -305.01417474829566 497 499 -1
499 -8.48688466397048 -10.906520565047579 -305.1272498125427 498 500 -1
500 -8.362927211587063 -11.040187193806698 -305.2394444650031 499 501 -1
501 -8.239129146967649 -11.174735234073562 -305.3507580842826 500 502 -1
502 -8.11549421563346 -11.310152555028111 -305.4611954546694 501 503 -1
503 -7.992027799162012 -11.446436050668531 -305.5707523547111 502 504 -1
504 -7.868733508142245 -11.58357380404016 -305.6794336088058 503 505 -1
505 -7.745615966254258 -11.721559461446294 -305.78723849012835 504 506 -1
506 -7.622679821458445 -11.860386901035143 -305.89416607981155 505 507 -1
507 -7.5 -12.0 -306.0 506 508 509
508 -7.350065955444485 -11.985155688237795 -305.8908455465597 507 510 -1
509 -7.435991423446073 -12.111206526665228 -306.1451635154817 507 511 -1
510 -7.199543705377112 -11.971140196267259 -305.78244051410934 508 512 -1
511 -7.373969297844291 -12.22339532954638 -306.29045867234845 509 513 -1
512 -7.048320263658891 -11.957810441165302 -305.6749285379506 510 514 -1
513 -7.313981628392336 -12.33654246698835 -306.4358648729277 511 515 -1
514 -6.896411746383021 -11.945151387161552 -305.56830493957443 512 516 -1
515 -7.25603752289402 -12.450612845807854 -306.5813784160271 513 517 -1
516 -6.743834233671459 -11.933147613888734 -305.46256441954324 514 518 -1
517 -7.200140047835139 -12.565568408675805 -306.72699591760374 515 519 -1
518 -6.590603749088824 -11.921783335237269 -305.35770107055924 516 520 -1
519 -7.146295870641535 -12.681372429816081 -306.8727148371197 517 521 -1
520 -6.436736240250088 -11.911042418130334 -305.25370839141243 518 522 -1
521 -7.094505566582279 -12.797985450512451 -307.0185330167341 519 523 -1
522 -6.282247560646912 -11.900908401152753 -305.1505793017169 520 524 -1
523 -7.044770717788165 -12.915368302370256 -307.1644490586887 521 525 -1
524 -6.127153452708432 -11.891364512971595 -305.0483061573451 522 526 -1
525 -6.997092475750559 -13.033481437044406 -307.31046227234316 523 527 -1
526 -5.9714695321073785 -11.882393690490915 -304.9468807664693 524 528 -1
527 -6.951467868179792 -13.152283710688037 -307.4565725215679 525 529 -1
528 -5.8152112733129275 -11.873978596687802 -304.8462944061253 526 530 -1
529 -6.907893928239435 -13.271733920064298 -307.60278043676414 527 531 -1
530 -5.658393996387722 -11.866101638081721 -304.7465378392124 528 532 -1
531 -6.866366229815978 -13.391790304985141 -307.7490873601248 529 533 -1
532 -5.501032855019157 -11.858744981793894 -304.64760133184797 530 534 -1
533 -6.826878919044306 -13.512410608093404 -307.89549535907275 531 535 -1
534 -5.343142825770686 -11.851890572158288 -304.549474670998 532 536 -1
535 -6.78942475224631 -13.633552132995963 -308.0420072370157 533 537 -1
536 -5.18473869853317 -11.845520146850493 -304.4521471823098 534 538 -1
537 -6.753995136453446 -13.755171799284932 -308.1886265413043 535 539 -1
538 -5.025835068153029 -11.8396152525054 -304.35560774807414 536 540 -1
539 -6.720580647197961 -13.877226287001742 -308.33535759612664 537 541 -1
540 -4.866446327209032 -11.834157259799126 -304.25984482525143 538 542 -1
541 -6.689170523553047 -13.999671939972389 -308.48220547897546 539 543 -1
542 -4.706586659906946 -11.829127377975018 -304.1648464634984 540 544 -1
543 -6.659751737267704 -14.122464666816304 -308.6291759577458 541 545 -1
544 -4.546270037058284 -11.824506668797712 -304.07060032313706 542 546 -1
545 -6.632310723090807 -14.24556031490137 -308.7762755850522 543 547 -1
546 -4.385510212106662 -11.82027605992335 -303.9770936930119 544 548 -1
547 -6.606834780746177 -14.36891479030343 -308.9235118054417 545 549 -1
548 -4.224320718163161 -11.816416357677769 -303.884313508187 546 550 -1
549 -6.5833063874217 -14.492483367173557 -309.0708925446526 547 551 -1
550 -4.062714866011641 -11.812908259238196 -303.7922463674357 548 552 -1
551 -6.561710215698947 -14.616221585860917 -309.21842669661453 549 553 -1
552 -3.9007057430417693 -11.809732364217338 -303.70087855048513 550 554 -1
553 -6.542028006409127 -14.740084698646658 -309.3661237304846 551 555 -1
554 -3.738306213068493 -11.806869185651909 -303.6101960349768 552 556 -1
555 -6.52424202529391 -14.86402797537183 -309.513993954124 553 557 -1
556 -3.575528916995328 -11.804299160400673 -303.520184513113 554 558 -1
557 -6.50833173558308 -14.988006568862305 -309.6620481935559 555 559 -1
558 -3.412386274278235 -11.802002658959756 -303.4308294079602 556 560 -1
559 -6.494278797988214 -15.11197560979947 -309.8102982679994 557 561 -1
560 -3.2488904851479385 -11.79995999470552 -303.34211588938587 558 562 -1
561 -6.482060520444796 -15.23589020296796 -309.95875629175697 559 563 -1
562 -3.0850535047066305 -11.798151451345891 -303.25402894313083 560 564 -1
563 -6.471655304663047 -15.359705444213388 -310.10743521248776 561 565 -1
564 -2.920887035365744 -11.79655729236133 -303.1665534095883 562 566 -1
565 -6.4630418331919515 -15.483376278901032 -310.2563487514352 563 567 -1
566 -2.756402746327004 -11.795157636485905 -303.079673594683 564 568 -1
567 -6.456195876479307 -15.606857798243908 -310.40551094687476 565 569 -1
568 -2.591611997134622 -11.793932649722793 -302.99337380567135 566 570 -1
569 -6.451093576921238 -15.730105011997725 -310.55493654222033 567 571 -1
570 -2.426525949032328 -11.792862479248264 -302.9076381703969 568 572 -1
571 -6.447710520828531 -15.853072886514386 -310.704640847754 569 573 -1
572 -2.2611555708746205 -11.791927259541113 -302.8224506507228 570 574 -1
573 -6.446021677349587 -15.97571634760862 -310.8546397014499 571 575 -1
574 -2.095511645513476 -11.791107118065485 -302.73779505552784 572 576 -1
575 -6.446001429727801 -16.09799027324983 -311.0049494408097 573 577 -1
576 -1.9296047766246311 -11.790382180530415 -302.65365505326855 574 578 -1
577 -6.447623809290814 -16.219849425510155 -311.15558691713807 575 579 -1
578 -1.7634453959384513 -11.789732575750334 -302.5700141841116 576 580 -1
579 -6.450861809664133 -16.341248631132903 -311.30656931725974 577 581 -1
580 -1.5970437708422005 -11.789138440131481 -302.48685587164294 578 582 -1
581 -6.455688197511218 -16.462142575654536 -311.45791428531356 579 583 -1
582 -1.4304100123211083 -11.788579921809816 -302.4041634341629 580 584 -1
583 -6.462075284747598 -16.582485838562885 -311.6096398448335 581 585 -1
584 -1.26355408320833 -11.788037184466472 -302.3219200955751 582 586 -1
585 -6.46999494887395 -16.70223287075001 -311.76176436661626 583 587 -1
586 -1.0964857564272708 -11.787490404950663 -302.24010909894025 584 588 -1
587 -6.47941882736971 -16.821337887537286 -311.9143065879638 585 589 -1
588 -0.9292147656456288 -11.786919781373467 -302.1587134273118 586 590 -1
589 -6.4903176823997235 -16.93975513564331 -312.06728539077744 587 591 -1
590 -0.7617506989999658 -11.786305545340896 -302.07771604665146 588 592 -1
591 -6.50266203607709 -17.057438620581248 -312.2207199294642 589 593 -1
592 -0.594103014032634 -11.78562795630451 -301.9970999048946 590 594 -1
593 -6.516421993854915 -17.174342159814184 -312.3746295414802 591 595 -1
594 -0.42628106499667356 -11.784867304505855 -301.91684790452064 592 596 -1
595 -6.531567251275978 -17.290419363739797 -312.5290337045213 593 597 -1
596 -0.25829411238062133 -11.7840039134171 -301.8369429113072 594 598 -1
597 -6.548067098553854 -17.405623617029022 -312.6839519919659 595 599 -1
598 -0.09015133255929268 -11.783018142048697 -301.757367762791 596 600 -1
599 -6.565890898384194 -17.51990770509907 -312.839404229984 597 601 -1
600 0.0781381724504443 -11.781890387151094 -301.6781052764523 598 602 -1
601 -6.585006978121694 -17.633224555408017 -312.995410007724 599 603 -1
602 0.24656536515033883 -11.780601085337466 -301.5991382576448 600 604 -1
603 -6.6053831270004375 -17.74552696302688 -313.1519887868782 601 605 -1
604 0.41512126265774674 -11.779130715154109 -301.5204495072895 602 606 -1
605 -6.626987033902975 -17.8567672149589 -313.30916005303544 603 607 -1
606 0.5837969267582447 -11.77745979912505 -301.44202182935396 604 608 -1
607 -6.649786840230472 -17.966896430255954 -313.466943606442 605 609 -1
608 0.7525834539332102 -11.775568905797064 -301.36383803813754 606 610 -1
609 -6.673748481678217 -18.075867072142113 -313.62535812037675 607 611 -1
610 0.9214719653805887 -11.773438651811029 -301.28588096538374 608 612 -1
611 -6.69883852936428 -18.183630322278773 -313.78442252800477 609 613 -1
612 1.090453597046803 -11.771049704025252 -301.20813346723946 610 614 -1
613 -6.725023630533123 -18.290136362032182 -313.9441557808794 611 615 -1
614 1.259519489688008 -11.76838278171595 -301.1305784310832 612 616 -1
615 -6.752268469942746 -18.39533681395217 -314.10457549536284 613 617 -1
616 1.4286607789781196 -11.765418658879799 -301.05319878224276 614 618 -1
617 -6.7805388250291445 -18.4991810876903 -314.2656998193244 615 619 -1
618 1.5978685856810848 -11.762138166662888 -300.9759774906211 616 620 -1
619 -6.80979891871782 -18.60161966102353 -314.427545645172 617 621 -1
620 1.767134005905257 -11.758522195940095 -300.8988975772538 618 622 -1
621 -6.840013008751485 -18.702602030382337 -314.5901296147995 619 623 -1
622 1.9364481014574044 -11.754551700068296 -300.82194212081424 620 624 -1
623 -6.871144863933533 -18.802077360069173 -314.75346771358994 621 625 -1
624 2.105801890314058 -11.750207697836345 -300.7450942640885 622 626 -1
625 -6.9031574123691515 -18.899995143382196 -314.9175748825858 623 627 -1
626 2.2751863372289236 -11.745471276634158 -300.6683372204382 624 628 -1
627 -6.936013602120668 -18.996303697691296 -315.0824656990813 625 629 -1
628 2.44459234449382 -11.740323595862575 -300.5916542802678 626 630 -1
629 -6.969675284121736 -19.090952263139275 -315.24815328903696 627 631 -1
630 2.6140107428731736 -11.734745890605058 -300.51502881751645 628 632 -1
631 -7.0041043311364835 -19.183888835341936 -315.41465031674585 629 633 -1
632 2.7834322827307085 -11.728719475581517 -300.4384442961897 630 634 -1
633 -7.039261681225214 -19.275062211040503 -315.58196794916967 631 635 -1
634 2.952847625368368 -11.722225749403744 -300.3618842769468 632 636 -1
635 -7.07510798760439 -19.36442062408212 -315.75011644897523 633 637 -1
636 3.1222473345983817 -11.715246199151132 -300.28533242376017 634 638 -1
637 -7.111603366029764 -19.4519123360454 -315.919104839677 635 639 -1
638 3.291621868569263 -11.707762405284344 -300.2087725106598 636 640 -1
639 -7.148707212106855 -19.537486383132958 -316.08894053276254 637 641 -1
640 3.460961571867771 -11.699756046913734 -300.1321884285764 638 642 -1
641 -7.186378853994132 -19.62109054236465 -316.2596301739574 639 643 -1
642 3.6302566679196713 -11.69120890743804 -300.05556419229544 640 644 -1
643 -7.22457649041249 -19.702675181991786 -316.4311779377037 641 645 -1
644 3.7994972517120424 -11.682102880567918 -299.97888394753244 642 646 -1
645 -7.263258662634379 -19.782187836373932 -316.6035878010702 643 647 -1
646 3.968673282862316 -11.672419976747399 -299.90213197814035 644 648 -1
647 -7.302382550722983 -19.859580488553966 -316.77686047019284 645 649 -1
648 4.137774554165506 -11.66214215081301 -299.8252926833869 646 650 -1
649 -7.341905810973512 -19.93480141240652 -316.95099670652513 647 651 -1
650 4.306790731412862 -11.651251688078867 -299.74835063885087 648 652 -1
651 -7.381784900912688 -20.007804003641727 -317.1259937607845 649 653 -1
652 4.475711342833267 -11.639731102551366 -299.67129060218787 650 654 -1
653 -7.421976617003475 -20.07853827744545 -317.30184870839946 651 655 -1
654 4.6445257430764055 -11.627562940792867 -299.59409748269957 652 656 -1
655 -7.46243687338418 -20.14695943180284 -317.4785551672635 653 657 -1
656 4.813223122697906 -11.61472990439745 -299.51675636600845 654 658 -1
657 -7.503121835599516 -20.213019389875118 -317.6561064560023 655 659 -1
658 4.981792503841284 -11.601214858988882 -299.43925252217525 656 660 -1
659 -7.543987026128238 -20.276676019501732 -317.8344922709814 657 661 -1
660 5.1502227364538475 -11.587000843664901 -299.361571413974 658 662 -1
661 -7.584988170598398 -20.337884257699052 -318.0137018484171 659 663 -1
662 5.318502421932213 -11.572070750321227 -299.28369861242055 660 664 -1
663 -7.626080708855728 -20.396604041743824 -318.19372126370223 661 665 -1
664 5.486620044538608 -11.556407989060489 -299.20561997689595 662 666 -1
665 -7.667220181939656 -20.452795907973115 -318.37453499478534 663 667 -1
666 5.654563973528876 -11.53999644207638 -299.12732166818074 664 668 -1
667 -7.708362191914975 -20.506420295039938 -318.5561261130266 665 669 -1
668 5.82232234065344 -11.522819941195802 -299.04879000313827 666 670 -1
669 -7.749462498527715 -20.557443267366285 -318.7384746267423 667 671 -1
670 5.98988309534515 -11.504862545361012 -298.9700115348546 668 672 -1
671 -7.790477134511243 -20.605831187385018 -318.9215591874391 669 673 -1
672 6.157233807643937 -11.486107832852008 -298.8909728196764 670 674 -1
673 -7.831362463210957 -20.65155278789494 -319.10535652919697 671 675 -1
674 6.324362163317432 -11.466540784604549 -298.81166103945696 672 676 -1
675 -7.872075273768491 -20.694579303057182 -319.2898415284145 673 677 -1
676 6.491255614796636 -11.446146403518433 -298.73206357143243 674 678 -1
677 -7.912572867298148 -20.73488447863931 -319.47498730206706 675 679 -1
678 6.657901362158175 -11.424909699207571 -298.6521679748474 676 680 -1
679 -7.952813255925086 -20.77244569938535 -319.6607650643708 677 681 -1
680 6.824286108371423 -11.402814957194993 -298.57196171360425 678 682 -1
681 -7.992755071283256 -20.8072420220497 -319.8471447047382 679 683 -1
682 6.99039703638805 -11.379848909898854 -298.4914333197701 680 684 -1
683 -8.03235786003413 -20.83925633632685 -320.03409442332173 681 685 -1
684 7.156220852220814 -11.35599755125589 -298.4105712526443 682 686 -1
685 -8.07158211314542 -20.86847458579799 -320.22158106051 683 687 -1
686 7.3217435832736575 -11.331245704848953 -298.3293636955649 684 688 -1
687 -8.110389378463095 -20.89488594183977 -320.40957020953005 685 689 -1
688 7.486952048388718 -11.305581379847027 -298.24780023981066 686 690 -1
689 -8.148742025834915 -20.9184809373181 -320.59802665521505 687 691 -1
690 7.651832288699538 -11.278991067450882 -298.1658700841709 688 692 -1
691 -8.186603992617751 -20.93925563191863 -320.78691382337786 689 693 -1
692 7.816370106229447 -11.251461426253387 -298.08356266882697 690 694 -1
693 -8.223940213959478 -20.957207601192202 -320.9761945967637 691 695 -1
694 7.980551877506619 -11.222981412420136 -298.0008685527057 692 696 -1
695 -8.260717320454617 -20.972339383568237 -321.16583096751805 693 697 -1
696 8.144362627700342 -11.193537149000763 -297.9177773251319 694 698 -1
697 -8.296902792913144 -20.984653855918683 -321.3557847723902 695 699 -1
698 8.307788775263045 -11.163119094172885 -297.8342805509032 696 700 -1
699 -8.332466064002674 -20.994159356766012 -321.5460172188076 697 701 -1
700 8.470815106371184 -11.131714261339205 -297.750368552117 698 702 -1
701 -8.3673780376892 -21.000866894299104 -321.7364893979406 699 703 -1
702 8.633427778815678 -11.0993137280286 -297.66603354961785 700 704 -1
703 -8.401611131201289 -21.00479014773284 -321.92716241065364 701 705 -1
704 8.795611269241205 -11.065905189379691 -297.5812665154596 702 706 -1
705 -8.435139120111119 -21.005944722574526 -322.11799752810435 703 707 -1
706 8.957351667571732 -11.031480764391837 -297.49606050561727 704 708 -1
707 -8.467937715850118 -21.00435022624299 -322.3089562044721 705 709 -1
708 9.118633476530576 -10.9960295229135 -297.410407449407 706 710 -1
709 -8.5 -21.0 -322.5 707 -1 -1
710 9.27944219997313 -10.95954339424453 -297.3243007033648 708 711 -1
711 9.43976313551348 -10.922014362319908 -297.23773384048945 710 712 -1
712 9.599580583444505 -10.883432871127457 -297.1506999320159 711 713 -1
713 9.758880284602625 -10.84379289927908 -297.06319379894376 712 714 -1
714 9.917647322285118 -10.80308750995732 -296.97521004039214 713 715 -1
715 10.075866699455762 -10.761310080470524 -296.8867435729423 714 716 -1
716 10.233523137622758 -10.71845392137724 -296.797789454782 715 717 -1
717 10.390602339181303 -10.674514633188855 -296.7083439525838 716 718 -1
718 10.54708957746112 -10.629487364711855 -296.6184033006874 717 719 -1
719 10.702970231073088 -10.58336782677612 -296.52796415546817 718 720 -1
720 10.858229804552705 -10.536152299012555 -296.4370235959468 719 721 -1
721 11.012853949347198 -10.487837635735518 -296.34557912367575 720 722 -1
722 11.166828485079666 -10.43842127088364 -296.25362866188726 721 723 -1
723 11.320139421017451 -10.3879012219765 -296.1611705538845 722 724 -1
724 11.472772977670926 -10.3362760930476 -296.06820356066515 723 725 -1
725 11.624715608445204 -10.283545076518271 -295.9747268577679 724 726 -1
726 11.775953970451994 -10.22970787564704 -295.8807399951964 725 727 -1
727 11.926474202636367 -10.174763586796917 -295.78624237710955 726 728 -1
728 12.076264261060103 -10.118714244744348 -295.69123489308873 727 729 -1
729 12.225311729035615 -10.06156138412791 -295.59571832665387 728 730 -1
730 12.373603458141286 -10.00330558689973 -295.4996931417583 729 731 -1
731 12.521128037735497 -9.943950062566433 -295.4031611289343 730 732 -1
732 12.667873920835062 -9.883497842632107 -295.30612410553306 731 733 -1
733 12.813829183130437 -9.82195148682343 -295.2085837765839 732 734 -1
734 12.958983473746748 -9.759315743393046 -295.11054295277313 733 735 -1
735 13.103326036934336 -9.695594783583447 -295.01200427266616 734 736 -1
736 13.246846040965663 -9.63079268473325 -294.91297042149654 735 737 -1
737 13.389534567027917 -9.564915982044718 -294.81344529262236 736 738 -1
738 13.531381976348861 -9.497970188174696 -294.7134323879237 737 739 -1
739 13.672378423041804 -9.429960516996033 -294.6129351477108 738 740 -1
740 13.812515793285295 -9.360894265875329 -294.5119580286737 739 741 -1
741 13.951785993177065 -9.29077862263108 -294.4105054979175 740 742 -1
742 14.090181177904109 -9.219620951301401 -294.3085821588459 741 743 -1
743 14.227693975004533 -9.147429044701335 -294.20619286032365 742 744 -1
744 14.364317493789907 -9.074211110161519 -294.10334268438663 743 745 -1
745 14.5 -9.0 -294.0 744 746 747
746 14.69430188578959 -8.955610939132411 -293.9746638839665 745 748 -1
747 14.379456613289465 -8.926241422331758 -293.87199677274197 745 749 -1
748 14.887841480415593 -8.908459990372064 -293.94762320311276 746 750 -1
749 14.259314962122787 -8.853951100123966 -293.74265373149507 747 751 -1
750 15.080518111418893 -8.85881093936149 -293.9189411651128 748 752 -1
751 14.139715451003855 -8.783053483198213 -293.6120435779849 749 753 -1
752 15.272299105417199 -8.806702970711322 -293.8886626630131 750 754 -1
753 14.02073320098687 -8.713524730625844 -293.48014023477367 751 755 -1
754 15.46311386881043 -8.752073477076733 -293.8567672869927 752 756 -1
755 13.902444241016612 -8.645337085672514 -293.34691985261725 753 757 -1
756 15.652932077768895 -8.694966699103349 -293.8233038835751 754 758 -1
757 13.784929519737064 -8.578466404444292 -293.2123535103189 755 759 -1
758 15.841690525758617 -8.635344550091483 -293.7882695852466 756 760 -1
759 13.668274807958971 -8.512889589027779 -293.0764092253414 757 761 -1
760 16.02934603638246 -8.57321927643309 -293.75169401370795 758 762 -1
761 13.552567622610272 -8.448579628339814 -292.939057320021 759 763 -1
762 16.215856659280494 -8.50860386719949 -293.7136074013667 760 764 -1
763 13.43789908990968 -8.38550880068544 -292.80026738788735 761 765 -1
764 16.401157825433412 -8.441464477415465 -293.6740126846564 762 766 -1
765 13.324365750241585 -8.323650179830617 -292.66000650227676 763 767 -1
766 16.58521785465386 -8.371836406016655 -293.63295488560016 764 768 -1
767 13.212068883909968 -8.262976100245114 -292.51824095400536 765 769 -1
768 16.767992826645617 -8.299727609947071 -293.5904629504439 766 770 -1
769 13.101114864597504 -8.20345814415679 -292.3749363971026 767 771 -1
770 16.94942942000501 -8.225128800305763 -293.5465568280635 768 772 -1
771 12.991618029889159 -8.145068875766459 -292.2300554662336 769 773 -1
772 17.12948716655902 -8.148055077945719 -293.5012712448437 770 774 -1
773 12.883697135739075 -8.087778504787616 -292.0835624697018 771 775 -1
774 17.308131899721843 -8.068530896676481 -293.45464638337046 772 776 -1
775 12.77747491735114 -8.031555004454043 -291.9354239710982 773 777 -1
776 17.485324110149733 -7.986569804738861 -293.40671680930575 774 778 -1
777 12.673082838083456 -7.976366999318801 -291.7856047554587 775 779 -1
778 17.66102371257239 -7.902183697905916 -293.3575168896392 776 780 -1
779 12.570670756883143 -7.922187419419712 -291.6340610187503 777 781 -1
780 17.835187278164483 -7.8153789155245725 -293.30707902760616 778 782 -1
781 12.470375295120794 -7.868977668942496 -291.480768330005 779 783 -1
782 18.007791491110197 -7.726191842042357 -293.2554514092001 780 784 -1
783 12.372368124425652 -7.816710219426718 -291.32568207716116 781 785 -1
784 18.1788045460462 -7.634643496984466 -293.2026746316958 782 786 -1
785 12.276805796489517 -7.76534626983032 -291.1687791159669 783 787 -1
786 18.348196714904216 -7.540756505995991 -293.1487905494683 784 788 -1
787 12.183871422390235 -7.714852729648082 -291.0100262023916 785 789 -1
788 18.51594038745833 -7.4445549741421075 -293.0938421587366 786 790 -1
789 12.093758543483146 -7.665194784573183 -290.8493945051212 787 791 -1
790 18.68201009853648 -7.346064357405008 -293.0378734834629 788 792 -1
791 12.00666217101383 -7.61633390098197 -290.68686604694517 789 793 -1
792 18.846379032690947 -7.245306771439947 -292.980927566485 790 794 -1
793 11.922795500889084 -7.568232644062107 -290.5224239862855 791 795 -1
794 19.00902575760091 -7.142309951646135 -292.9230503584877 792 796 -1
795 11.842383074921127 -7.520852464642928 -290.35605881800586 793 797 -1
796 19.169935638817186 -7.037108350864798 -292.8642907324525 794 798 -1
797 11.765660626758418 -7.47415379688379 -290.1877698720032 795 799 -1
798 19.32909180097862 -6.929731444563833 -292.80469565552204 796 800 -1
799 11.692874680714308 -7.428096183624033 -290.01756695597595 797 801 -1
800 19.48647946664538 -6.820209432713751 -292.74431260372813 798 802 -1
801 11.624293012948918 -7.382639833102665 -289.8454674693508 799 803 -1
802 19.642085917642323 -6.708573121687096 -292.6831894704503 800 804 -1
803 11.56017843350764 -7.337742169751611 -289.6715098108172 801 805 -1
804 19.79590044816949 -6.594853810538047 -292.6213744804339 802 806 -1
805 11.500801550194948 -7.293360582442539 -289.4957479613786 803 807 -1
806 19.94791431059892 -6.479083182199989 -292.55891610967166 804 808 -1
807 11.446470584998535 -7.24945521445252 -289.3182435573235 805 809 -1
808 20.098120654876585 -6.361293200046811 -292.49586301136645 806 810 -1
809 11.397448708090073 -7.205981737334225 -289.13909550911444 807 811 -1
810 20.246514462436473 -6.241516010175009 -292.432263948123 808 812 -1
811 11.354050182621775 -7.162900426169003 -288.95840945986225 809 813 -1
812 20.393092475510922 -6.119783849678714 -292.3681677304451 810 814 -1
813 11.316547940073518 -7.120169430007936 -288.77632640037865 811 815 -1
814 20.53785312268775 -5.996128961111831 -292.30362316155146 812 816 -1
815 11.285220280826874 -7.077749142605636 -288.5930084317964 813 817 -1
816 20.680796441524766 -5.870583513258318 -292.2386789884689 814 818 -1
817 11.260337465971896 -7.0356021805342275 -288.4086427952754 815 819 -1
818 20.82192399898503 -5.7431795282660625 -292.1733838593095 816 820 -1
819 11.241792375676585 -6.993698908218878 -288.223475554067 817 821 -1
820 20.96123881040464 -5.6139488151410175 -292.107786286596 818 822 -1
821 11.228985071193408 -6.952011033130075 -288.0377730022503 819 823 -1
822 21.098745257650037 -5.482922909546351 -292.0419346164633 820 824 -1
823 11.221252001197827 -6.910496724898683 -287.8517495923194 821 825 -1
824 21.23444900706464 -5.350133019806892 -291.97587700353216 822 826 -1
825 11.21790712794454 -6.869101492573178 -287.66556759960525 823 827 -1
826 21.368356927746994 -5.2156099789810995 -291.90966139122753 824 828 -1
827 11.218261105856422 -6.8277603850028195 -287.4793427088909 825 829 -1
828 21.500477010644424 -5.079384202832155 -291.8433354972937 826 830 -1
829 11.221607210014097 -6.786399910246446 -287.2931509409744 827 831 -1
830 21.630818288890115 -4.941485653504003 -291.77694680424446 828 832 -1
831 11.227251681169747 -6.744940618001313 -287.10703594160196 829 833 -1
832 21.759390759755597 -4.801943808690061 -291.7105425544761 830 834 -1
833 11.234508275710185 -6.70329866242823 -286.9210171210224 831 835 -1
834 21.886205308538464 -4.660787636067893 -291.6441697497661 832 836 -1
835 11.242699624499076 -6.661386353171743 -286.7350975828905 833 837 -1
836 22.01127363465477 -4.518045572764766 -291.5778751548767 834 838 -1
837 11.251150508964644 -6.619116207815778 -286.5492706328103 835 839 -1
838 22.13460818015864 -4.373745509614188 -291.51170530498325 836 840 -1
839 11.259196988877537 -6.576400505152552 -286.36352777382825 837 841 -1
840 22.25622206086784 -4.22791477996362 -291.4457065166513 838 842 -1
841 11.266176344374506 -6.533151553321201 -286.1778655049877 839 843 -1
842 22.376129000234016 -4.080580152795725 -291.37992490208944 840 844 -1
843 11.271433218115506 -6.489286770622939 -285.99229151552606 841 845 -1
844 22.49434326605956 -3.9317678299317955 -291.31440638641396 842 846 -1
845 11.274319610030737 -6.444728664269888 -285.8068314406476 843 847 -1
846 22.610879610129636 -3.7815034470943156 -291.24919672766583 844 848 -1
847 11.274180387477497 -6.399403249921793 -285.62153587537335 845 849 -1
848 22.725753210799 -3.6298120786156005 -291.1843415393338 846 850 -1
849 11.270386253720385 -6.353249898750835 -285.436484752244 847 851 -1
850 22.838979618545483 -3.4767182455923864 -291.1198863151395 848 852 -1
851 11.262314592290338 -6.306217159916182 -285.2517937330257 849 853 -1
852 22.950574704480996 -3.322245927298338 -291.0558764558592 850 854 -1
853 11.249353496678289 -6.258265467152273 -285.0676195367499 851 855 -1
854 23.06055461178874 -3.1664185756824628 -290.99235729795527 852 856 -1
855 11.23095177872273 -6.209376614494179 -284.8841577390704 853 857 -1
856 23.168935710039666 -3.0092591327953726 -290.9293741438081 854 858 -1
857 11.206656437944634 -6.159549709402182 -284.70163709044374 855 859 -1
858 23.275734552326192 -2.8507900510017135 -290.86697229334237 856 860 -1
859 11.176635450359171 -6.1088394464185924 -284.520214199422 857 861 -1
860 23.380967835139185 -2.6910333158525486 -290.80519707684994 858 862 -1
861 11.141201762075553 -6.05730314886029 -284.3400037147475 859 863 -1
862 23.484652360904793 -2.530010471507685 -290.74409388881963 860 864 -1
863 11.100686028459677 -6.004995696091801 -284.16109029557157 861 865 -1
864 23.58680500308969 -2.3677426486137794 -290.68370822258765 862 866 -1
865 11.055412631541918 -5.951966377644792 -283.9835345078025 863 867 -1
866 23.68744267377778 -2.204250594559332 -290.6240857056272 864 868 -1
867 11.005688554778965 -5.898257783587239 -283.8073783519451 865 869 -1
868 23.7865822936175 -2.039554706042604 -290.56527213529927 866 870 -1
869 10.951809988809842 -5.8439073387800935 -283.63264587953745 867 871 -1
870 23.884240764035756 -1.8736750639033635 -290.5073135148876 868 872 -1
871 10.894060806094462 -5.788947573649258 -283.45934569921235 869 873 -1
872 23.980434941613773 -1.706631470182604 -290.45025608973947 870 874 -1
873 10.832711587083974 -5.733406442585419 -283.28747333098215 871 875 -1
874 24.07518161452006 -1.5384434873870636 -290.3941463833355 872 876 -1
875 10.768019103575961 -5.677307667519392 -283.1170133661014 873 877 -1
876 24.16849748089592 -1.3691304799483142 -290.33903123310284 874 878 -1
877 10.700226170876414 -5.6206710891427845 -282.94794140963916 875 879 -1
878 24.260399129092193 -1.1987116578750894 -290.2849578257885 876 880 -1
879 10.629561789305829 -5.563513012647369 -282.7802257980575 877 881 -1
880 24.350903019657114 -1.0272061226089046 -290.23197373219523 878 882 -1
881 10.55623955881984 -5.505846142913827 -282.6138301098387 879 883 -1
882 24.440025468979556 -0.8546329150999671 -290.18012694107864 880 884 -1
883 10.48045429270505 -5.447678901511412 -282.44871682835236 881 885 -1
884 24.52778263449522 -0.6810110661277674 -290.1294658919921 882 886 -1
885 10.402406113613967 -5.389020664385244 -282.28483577201496 883 887 -1
886 24.61419050136823 -0.5063596488953689 -290.0800395068542 884 888 -1
887 10.32226388924451 -5.3298740613786695 -282.1221450115771 885 889 -1
888 24.69926487056505 -0.33069783392979085 -290.0318972199993 886 890 -1
889 10.24020364326766 -5.270243606876282 -281.96059078591196 887 891 -1
890 24.78302134824313 -0.15404494632238855 -289.9850890064554 888 892 -1
891 10.156375020227497 -5.210127556589953 -281.80012795279004 889 893 -1
892 24.86547533638209 0.023579474658166604 -289.9396654081778 890 894 -1
893 10.070935292859033 -5.149526851240298 -281.6407003766408 891 895 -1
894 24.946642024591014 0.20215561355060746 -289.8956775579453 892 896 -1
895 9.984021087523548 -5.088437135233847 -281.4822593558992 893 897 -1
896 25.026536383031598 0.38166331426028954 -289.8531772006076 894 898 -1
897 9.895766505069664 -5.026853820282962 -281.3247530097332 895 899 -1
898 25.105171685315295 0.5620830664749628 -289.81221859621274 896 900 -1
899 9.806301375500505 -4.964771937145463 -281.1681277031946 897 901 -1
900 25.18256053794663 0.7433951384193372 -289.77285757255305 898 902 -1
901 9.715746432496626 -4.902184071253865 -281.0123321693845 899 903 -1
902 25.25872042772743 0.9255756017681975 -289.7351439284359 900 904 -1
903 9.624216298900972 -4.83908095543456 -280.8573162192203 901 905 -1
904 25.333665399174286 1.1086022243126277 -289.69913205435256 902 906 -1
905 9.531822526896283 -4.7754527807429925 -280.70302889022804 903 907 -1
906 25.407409257553255 1.292452071698114 -289.66487700722035 904 908 -1
907 9.438673606700382 -4.711289439495417 -280.5494186869775 905 909 -1
908 25.479965567597315 1.477101428480124 -289.6324345075325 906 910 -1
909 9.344873047853632 -4.646578963312922 -280.39643576434213 907 911 -1
910 25.551347653097146 1.6625257170388754 -289.60186093095695 908 912 -1
911 9.250521368316766 -4.581308349367171 -280.2440307591613 909 913 -1
912 25.621568597357186 1.8486994145083582 -289.5732132938727 910 914 -1
913 9.15571656592578 -4.51546358267329 -280.09215480675124 911 915 -1
914 25.69063922696724 2.035597203212085 -289.54655285911525 912 916 -1
915 9.060554577349833 -4.449029651315127 -279.9407595427538 913 917 -1
916 25.758569507333526 2.2231928712905464 -289.52194321199323 914 918 -1
917 8.965129726541644 -4.381990555498882 -279.7897970935177 915 919 -1
918 25.825376345272034 2.4114546545000692 -289.4994353528364 916 920 -1
919 8.869535164842047 -4.31432931131293 -279.6392200578739 917 921 -1
920 25.891071891074013 2.6003523404489832 -289.47908861849965 918 922 -1
921 8.77386330502583 -4.246027950067806 -279.48898148290976 919 923 -1
922 25.955668070597895 2.7898543311347557 -289.4609628005861 920 924 -1
923 8.678206279376475 -4.177067338084658 -279.33903489987233 921 925 -1
924 26.01917659112007 2.9799275539930554 -289.4451180821276 922 926 -1
925 8.582656491553681 -4.107427130522151 -279.18933423972345 923 927 -1
926 26.081604722812614 3.1705393609137085 -289.43162449244005 924 928 -1
927 8.487306740967105 -4.037086810729968 -279.0398335107345 925 929 -1
928 26.14296442225451 3.3616527940894914 -289.4205422108486 926 930 -1
929 8.392250841849592 -3.9660243649737783 -278.89048726343003 927 931 -1
930 26.20327028485901 3.553228032539877 -289.41192453351476 928 932 -1
931 8.29758405282306 -3.8942167537527372 -278.7412503585736 929 933 -1
932 26.26253323347374 3.7452251728089014 -289.40583237715333 930 934 -1
933 8.203403526466953 -3.8216399051344743 -278.5920779551019 931 935 -1
934 26.32076401784685 3.9376024134842527 -289.4023265624704 932 936 -1
935 8.10980877000747 -3.7482687115042994 -278.44292550817664 933 937 -1
936 26.377966749631895 4.130317850798373 -289.4014850111337 934 938 -1
937 8.016902119354654 -3.674077031424412 -278.29374878004734 935 939 -1
938 26.434156442736146 4.323323717173228 -289.40335695168153 936 940 -1
939 7.924789228546984 -3.599037698555068 -278.14450386669273 937 941 -1
940 26.489345385501032 4.5165713906687985 -289.40799702097615 938 942 -1
941 7.833582068719062 -3.523120318736001 -277.9951468649751 939 943 -1
942 26.543557847592044 4.710007639348278 -289.4154445039259 940 944 -1
943 7.743393858056229 -3.4462967334125905 -277.8456346460435 941 945 -1
944 26.596850651160352 4.90357101643201 -289.42569987366574 942 946 -1
945 7.654342892771931 -3.368537431784552 -277.6959247072235 943 947 -1
946 26.649292763897957 5.097199145815536 -289.4387403727566 944 948 -1
947 7.56655404914496 -3.2898110854701272 -277.54597504865535 945 949 -1
948 26.700957406024727 5.290831625056999 -289.4545300543011 946 950 -1
949 7.480164981867308 -3.210081126655734 -277.39574308993883 947 951 -1
950 26.751914865477012 5.484410298418689 -289.4730437454112 948 952 -1
951 7.395307697268011 -3.1293192437801767 -277.24518980946135 949 953 -1
952 26.802233937372776 5.677877995086126 -289.49426633660295 950 954 -1
953 7.312133627991795 -3.0474884388004084 -277.0942750223568 951 955 -1
954 26.851987142488976 5.871179105752684 -289.51817161095533 952 956 -1
955 7.230797028660151 -2.964555124040892 -276.94296129577947 953 957 -1
956 26.901250150680827 6.064260983097092 -289.5447179679288 954 958 -1
957 7.151464916118118 -2.8804834701003523 -276.79121241049813 955 959 -1
958 26.950096068316856 6.257071974635787 -289.57387602058975 956 960 -1
959 7.074309115396679 -2.7952406074663387 -276.63899572599087 957 961 -1
960 26.998597338807482 6.449560451187646 -289.60562562397564 958 962 -1
961 6.999526760860765 -2.7087867390802844 -276.4862785929965 959 963 -1
962 27.046828382241845 6.6416766565927 -289.6399382722395 960 964 -1
963 6.927309140168597 -2.621092062861652 -276.33303583404285 961 965 -1
964 27.09486490195317 6.833374788663436 -289.67676956157504 962 966 -1
965 6.857870771323043 -2.5321227471020267 -276.17924458230544 963 967 -1
966 27.142780985890305 7.024608648374591 -289.71608757172083 964 968 -1
967 6.791440228635144 -2.441846962818156 -276.02488744871357 965 969 -1
968 27.190650805325618 7.2153318657327805 -289.75786566939814 966 970 -1
969 6.728260689209868 -2.350235742214644 -275.86995373704826 967 971 -1
970 27.238549276773956 7.405497915943471 -289.8020797841352 968 972 -1
971 6.6685902899904885 -2.257263993561904 -275.71444083698117 969 973 -1
972 27.286550553342803 7.595066952693899 -289.84868155204117 970 974 -1
973 6.612702226894509 -2.1629116841496865 -275.5583557979029 971 975 -1
974 27.33472830965967 7.783996813594199 -289.8976375248936 972 976 -1
975 6.560884515258609 -2.067165198201725 -275.40171707761317 973 977 -1
976 27.38315594552165 7.972246100961714 -289.9489139590511 974 978 -1
977 6.513439319038961 -1.9700188692591458 -275.244556447747 975 979 -1
978 27.431909067854715 8.159769174381713 -290.00249139132967 976 980 -1
979 6.470680565164311 -1.8714768445671142 -275.0869212211508 977 981 -1
980 27.48105925361318 8.3465293410069 -290.0583232344407 978 982 -1
981 6.432869408519826 -1.7715611642586564 -274.92888712461297 979 983 -1
982 27.530678202702383 8.53248798779465 -290.11637174228423 980 984 -1
983 6.4000860276633205 -1.6703343381080342 -274.77056493992876 981 985 -1
984 27.580837535817473 8.717605914059316 -290.1766020479768 982 986 -1
985 6.372435566926505 -1.5678541355554734 -274.6120697086281 983 987 -1
986 27.631608285138906 8.901844250170125 -290.23897898843774 984 988 -1
987 6.349978111054692 -1.4641922963374605 -274.45352217983185 985 989 -1
988 27.68306515779694 9.085158870041482 -290.3034790579955 986 990 -1
989 6.332802956006063 -1.3594166700470776 -274.29504669387165 987 991 -1
990 27.73527497414431 9.267515567949344 -290.37005583316625 988 992 -1
991 6.3209622973263215 -1.2536057595832055 -274.13677107202517 989 993 -1
992 27.788305815263012 9.44887706751427 -290.43867083102157 990 994 -1
993 6.314509083430755 -1.1468398650911176 -273.97882588733194 991 995 -1
994 27.84222564980527 9.629205160342956 -290.50928745271307 992 996 -1
995 6.313490404838257 -1.0392024818825132 -273.8213443769752 993 997 -1
996 27.897101522880504 9.80846164995911 -290.5818686598954 994 998 -1
997 6.317943387158628 -0.9307807147963068 -273.6644617419467 995 999 -1
998 27.952999481287048 9.98660830730071 -290.65637693569477 996 1000 -1
999 6.327897689814345 -0.8216645655046314 -273.50831491435923 997 1001 -1
1000 28.009989183603373 10.163601998644934 -290.73278179037754 998 1002 -1
1001 6.343366052361903 -0.7119475825344287 -273.35304051961225 999 1003 -1
1002 28.068131363645694 10.33940773004004 -290.8110384348353 1000 1004 -1
1003 6.3643543545592385 -0.6017250818032241 -273.1987754967687 1001 1005 -1
1004 28.12748717992175 10.51398842322131 -290.89110537770097 1002 1006 -1
1005 6.3908592061484315 -0.49109412327220564 -273.04565630972644 1003 1007 -1
1006 28.188117766519124 10.68730548162066 -290.9729427674493 1004 1008 -1
1007 6.422869904379562 -0.38015306273872945 -272.8938189221506 1005 1009 -1
1008 28.2500828212913 10.85932017791025 -291.0565100651596 1006 1010 -1
1009 6.460362716063124 -0.2690014652268889 -272.74339688587054 1007 1011 -1
1010 28.313440506656715 11.029993660754371 -291.141766004976 1008 1012 -1
1011 6.503303573527522 -0.1577393704732015 -272.59452114242066 1009 1013 -1
1012 28.378247346492195 11.199286971222982 -291.22866855710055 1010 1014 -1
1013 6.551650267236646 -0.04646682147396712 -272.4473200404503 1011 1015 -1
1014 28.44455811942091 11.36716106911475 -291.3171748941123 1012 1016 -1
1015 6.605351788463248 0.06471648444226535 -272.3019186364741 1013 1017 -1
1016 28.512425748901176 11.533576869383923 -291.40724136141193 1014 1018 -1
1017 6.6643487606236 0.17571158128604716 -272.1584382844901 1015 1019 -1
1018 28.581901190633555 11.698495288803665 -291.49882345259607 1016 1020 -1
1019 6.728573905186213 0.28642059530952724 -272.0169962720711 1017 1021 -1
1020 28.653033317914304 11.861877302925432 -291.5918757905597 1018 1022 -1
1021 6.797952534442871 0.3967470791911899 -271.8777055032397 1019 1023 -1
1022 28.725868805675603 12.023684013312222 -291.6863521151111 1020 1024 -1
1023 6.872407290259881 0.5065958353610377 -271.74067623068873 1021 1025 -1
1024 28.800452014062362 12.183876724930128 -291.7822052778612 1022 1026 -1
1025 6.951847909921619 0.6158742106310685 -271.60601103003677 1023 1027 -1
1026 28.87682487250151 12.342417033479059 -291.8793872451132 1024 1028 -1
1027 7.036177882452707 0.7244920543384642 -271.47380694241775 1025 1029 -1
1028 28.955026765319175 12.499266922331268 -291.97784910943244 1026 1030 -1
1029 7.125297964578665 0.8323614636226444 -271.3441569362296 1027 1031 -1
1030 29.035083753548857 12.654394825364587 -292.0775404862116 1028 1032 -1
1031 7.219104147322657 0.9393972157730456 -271.21714866419387 1029 1033 -1
1032 29.11697376674881 12.80779584768082 -292.17840831952276 1030 1034 -1
1033 7.317488171685947 1.0455169328313831 -271.0928643956776 1031 1035 -1
1034 29.200663050144573 12.959472721952075 -292.28040049525436 1032 1036 -1
1035 7.42033689614052 1.1506400905464744 -270.9713790217528 1033 1037 -1
1036 29.28611949805611 13.10942843949979 -292.3834667752766 1034 1038 -1
1037 7.527529038928977 1.2546848682595209 -270.8527535015364 1035 1039 -1
1038 29.373312618591825 13.257666137780486 -292.48755871006097 1036 1040 -1
1039 7.638938911198235 1.357572250314547 -270.73704022241975 1037 1041 -1
1040 29.462213491786336 13.404188999963226 -292.59262955101985 1038 1042 -1
1041 7.754438278671461 1.4592274571053159 -270.6242851713101 1039 1043 -1
1042 29.552794726838012 13.549000163003111 -292.69863416335545 1040 1044 -1
1043 7.873896998991957 1.559580017608127 -270.51452809192176 1041 1045 -1
1044 29.645030418888172 13.692102633465266 -292.8055289397703 1042 1046 -1
1045 7.997183621563663 1.658563807183098 -270.4078026728038 1043 1047 -1
1046 29.738896105714222 13.833499210382909 -292.91327171531674 1044 1048 -1
1047 8.124165947444677 1.756117054242287 -270.3041367608782 1045 1049 -1
1048 29.83437049694143 13.973190512139004 -293.02182254138364 1046 1050 -1
1049 8.254714651686486 1.8521809234942546 -270.2035554003342 1047 1051 -1
1050 29.9314392544361 14.111170639093965 -293.13114521452053 1048 1052 -1
1051 8.388700718217173 1.9467004168472306 -270.1060788427351 1049 1053 -1
1052 30.030073257196033 14.247450609791033 -293.2411969824857 1050 1054 -1
1053 8.525987456569643 2.039628614580632 -270.01171456732055 1051 1055 -1
1054 30.130253345813397 14.382031778951061 -293.35194057951526 1052 1056 -1
1055 8.666445815227567 2.1309197923307392 -269.9204711411352 1053 1057 -1
1056 30.23196159717658 14.514914990116727 -293.4633397829677 1054 1058 -1
1057 8.809957134791889 2.220526735806979 -269.8323624763407 1055 1059 -1
1058 30.33518128518956 14.646100527638197 -293.57535933733357 1056 1060 -1
1059 8.956382831308265 2.3084181121839307 -269.7473759451981 1057 1061 -1
1060 30.439904995264502 14.775578718079679 -293.6879679140963 1058 1062 -1
1061 9.105611484864873 2.394551260947887 -269.6655222339672 1059 1063 -1
1062 30.54611520924706 14.903351861909115 -293.801130402229 1060 1064 -1
1063 9.257509641606347 2.478902032676571 -269.58678160581434 1061 1065 -1
1064 30.653793642720032 15.029423896341129 -293.9148120619343 1062 1066 -1
1065 9.411969128326138 2.5614342081508807 -269.5111578852454 1063 1067 -1
1066 30.762927956454178 15.153792479391953 -294.0289807522782 1064 1068 -1
1067 9.568866265143626 2.6421270658262235 -269.4386305130361 1065 1069 -1
1068 30.87350683000501 15.276454506689609 -294.14360494505956 1066 1070 -1
1069 9.728087150970698 2.720957961479665 -269.369184697395 1067 1071 -1
1070 30.985532947051556 15.397390396643484 -294.25865724199485 1068 1072 -1
1071 9.88952254640409 2.797905220660718 -269.30280609156125 1069 1073 -1
1072 31.098984927716064 15.516609550899432 -294.3741032753533 1070 1074 -1
1073 10.053066373361702 2.872948954105643 -269.2394792827968 1071 1075 -1
1074 31.21385327815184 15.634107607011934 -294.48991263996896 1072 1076 -1
1075 10.218609636790733 2.946076950823148 -269.1791785259563 1073 1077 -1
1076 31.330130408002365 15.749878098265885 -294.606055578811 1074 1078 -1
1077 10.386049899669919 3.017276041507719 -269.1218815713061 1075 1079 -1
1078 31.447817090180486 15.863904258019218 -294.7225040898863 1076 1080 -1
1079 10.555287305360313 3.0865354274470365 -269.0675642338373 1077 1081 -1
1080 31.5669064815567 15.976178653933864 -294.83922827586395 1078 1082 -1
1081 10.726224616451097 3.1538465817854995 -269.0162005380638 1079 1083 -1
1082 31.687386800981834 16.08670020813527 -294.95619758821545 1080 1084 -1
1083 10.898769641752963 3.219200045873813 -268.9677674495461 1081 1085 -1
1084 31.80925371672434 16.195458555957142 -295.0733830211767 1082 1086 -1
1085 11.072829968089902 3.2825916182733366 -268.9222355515233 1083 1087 -1
1086 31.932505700538982 16.30243960683014 -295.1907558331169 1084 1088 -1
1087 11.248315096467051 3.344020292718337 -268.87957230630997 1085 1089 -1
1088 32.057149243694376 16.407618522819963 -295.3082877392404 1086 1090 -1
1089 11.425138388384466 3.4034855548762875 -268.83974610158566 1087 1091 -1
1090 32.18317049516021 16.51099662401424 -295.4259480486152 1088 1092 -1
1091 11.60320430948758 3.461011062357362 -268.80270337324913 1089 1093 -1
1092 32.3105679257124 16.61255910392989 -295.54370749210443 1090 1094 -1
1093 11.782380182559438 3.516700313802566 -268.7682993085181 1091 1095 -1
1094 32.43934064085207 16.712289946133332 -295.6615365699851 1092 1096 -1
1095 11.962554557290623 3.5706413873362433 -268.7364153930522 1093 1097 -1
1096 32.56949472198059 16.810163231411703 -295.7794055244495 1094 1098 -1
1097 12.143618186235727 3.6229364046351535 -268.706914287722 1095 1099 -1
1098 32.70102956949639 16.906161345239113 -295.89728376052034 1096 1100 -1
1099 12.325482314218174 3.673666237275912 -268.6796906631266 1097 1101 -1
1100 32.833940061059685 17.000272401063107 -296.0151405213985 1098 1102 -1
1101 12.508058891834736 3.722925833056145 -268.65461977624807 1099 1103 -1
1102 32.968227487380645 17.092475199503085 -296.132944716205 1100 1104 -1
1103 12.691273051953084 3.7707982644992666 -268.6315950361122 1101 1105 -1
1104 33.1038936046571 17.182747132261145 -296.2506646732431 1102 1106 -1
1105 12.875059369789975 3.8173590525694374 -268.61052190759216 1103 1107 -1
1106 33.240942208065604 17.271061829073286 -296.368267889424 1104 1108 -1
1107 13.05935475792799 3.862691092520382 -268.5912955702867 1105 1109 -1
1108 33.3793820021705 17.35738475452886 -296.4857203615371 1106 1110 -1
1109 13.244104625357382 3.9068691933089528 -268.5738238095699 1107 1111 -1
1110 33.519207501020716 17.441700692668757 -296.60298895044326 1108 1112 -1
1111 13.4292597639772 3.9499656190511536 -268.5580188224272 1109 1113 -1
1112 33.6604218553907 17.52398102617455 -296.72003892447935 1110 1114 -1
1113 13.61477577179714 3.992050254417533 -268.5437969780791 1111 1115 -1
1114 33.8030284479398 17.604195509484164 -296.83683457477065 1112 1116 -1
1115 13.80061297383991 4.033189429037204 -268.53108078188075 1113 1117 -1
1116 33.94703083425148 17.682312223087603 -296.95333912804455 1114 1118 -1
1117 13.986734250364407 4.0734513061959055 -268.5197902631754 1115 1119 -1
1118 34.09243267848151 17.758297528026844 -297.06951465679816 1116 1120 -1
1119 14.173106645714364 4.112900159514621 -268.50985211133053 1117 1121 -1
1120 34.23923768301641 17.83211602098919 -297.1853219867875 1118 1122 -1
1121 14.359700206810999 4.151598809674443 -268.5011959333847 1119 1123 -1
1122 34.38744951151051 17.903730490455068 -297.3007206018473 1120 1124 -1
1123 14.546487648491029 4.189608848328314 -268.4937539892192 1121 1125 -1
1124 34.53707391034162 17.973098310504483 -297.41566777461884 1122 1126 -1
1125 14.733444050437182 4.22699087061734 -268.4874609272594 1123 1127 -1
1126 34.68811235657951 18.04018138612601 -297.5301205060232 1124 1128 -1
1127 14.920546581742602 4.263804716359428 -268.4822535207791 1125 1129 -1
1128 34.84056657115771 18.10493894882158 -297.6440341481564 1126 1130 -1
1129 15.107774262201271 4.300109665801901 -268.4780705216394 1127 1131 -1
1130 34.99443911284233 18.167326269351065 -297.75736191035924 1128 1132 -1
1131 15.295107886263372 4.335963996742145 -268.47485407213463 1129 1133 -1
1132 35.149731997556835 18.227296634199774 -297.8700551559153 1130 1134 -1
1133 15.482529210239626 4.371427868515417 -268.4725437039787 1131 1135 -1
1134 35.306446567730575 18.284801322581206 -297.98206329472447 1132 1136 -1
1135 15.670021427972866 4.406560754178736 -268.47108204619275 1133 1137 -1
1136 35.46458335001321 18.339789590330764 -298.093333675238 1134 1138 -1
1137 15.857568731093798 4.441422759992232 -268.4704125019363 1135 1139 -1
1138 35.62414197532098 18.392208524011174 -298.20381143165906 1136 1140 -1
1139 16.04515615375685 4.476074786369182 -268.47047970470555 1137 1141 -1
1140 35.785124986243154 18.441995510782927 -298.3134368136209 1138 1142 -1
1141 16.23276932393368 4.510579180534872 -268.4712291174304 1139 1143 -1
1142 35.947526255649585 18.489099390612335 -298.42215198536087 1140 1144 -1
1143 16.4203942021598 4.545000714135036 -268.4726024730042 1141 1145 -1
1144 36.111340406291205 18.533462733168598 -298.52989564097396 1142 1146 -1
1145 16.608017092404964 4.579405767562609 -268.47454467871313 1143 1147 -1
1146 36.276546096806044 18.575050158384318 -298.6366168454106 1144 1148 -1
1147 16.795624273360794 4.613863819999731 -268.4769985355266 1145 1149 -1
1148 36.443108692559186 18.613846785793886 -298.742274599066 1146 1150 -1
1149 16.983201862460383 4.648447583792358 -268.4799049570073 1147 1151 -1
1150 36.6109917405828 18.649840754790034 -298.84682870753306 1148 1152 -1
1151 17.170735516176492 4.683233844310121 -268.48320377248695 1149 1153 -1
1152 36.78015745058874 18.683022649808752 -298.95023955411386 1150 1154 -1
1153 17.358209996402486 4.7183049933314045 -268.48683287901684 1151 1155 -1
1154 36.95057386582678 18.7133689552285 -299.05246103442965 1152 1156 -1
1155 17.54560923679827 4.753747948885745 -268.490725833059 1153 1157 -1
1156 37.12219591668188 18.740885415500276 -299.1534588779921 1154 1158 -1
1157 17.73291548082793 4.789657416942305 -268.49481347244927 1155 1159 -1
1158 37.29498014815593 18.765575133660672 -299.25319781939646 1156 1160 -1
1159 17.920108949916063 4.8261363686817935 -268.4990217626082 1157 1161 -1
1160 37.46888441212031 18.78743869864987 -299.3516414234028 1158 1162 -1
1161 18.107167256466248 4.8632973687546235 -268.5032708563747 1159 1163 -1
1162 37.64387049709887 18.80646631381123 -299.4487480318737 1160 1164 -1
1163 18.294064678080634 4.901264109712853 -268.50747400560357 1161 1165 -1
1164 37.8198949337112 18.822661604011365 -299.54448186830075 1162 1166 -1
1165 18.480770287123022 4.9401778711856865 -268.51153525596357 1163 1167 -1
1166 37.996908278905536 18.836046321600328 -299.63881620441333 1164 1168 -1
1167 18.6672485672846 4.980190725975068 -268.5153490648485 1165 1169 -1
1168 38.174865950251665 18.846630702753064 -299.73171895624034 1166 1170 -1
1169 18.853454739358774 5.021483106882054 -268.5187949879847 1167 1171 -1
1170 38.3537312821064 18.854400631972442 -299.82314495209505 1168 1172 -1
1171 19.039335049493108 5.064255256439273 -268.52173749988697 1169 1173 -1
1172 38.53345123500376 18.859394140686113 -299.9130764044447 1170 1174 -1
1173 19.224820933539572 5.108744474666199 -268.5240184043816 1171 1175 -1
1174 38.71397967382048 18.861631147726463 -300.0014866118513 1172 1176 -1
1175 19.409827247054068 5.155219921621467 -268.5254561898646 1173 1177 -1
1176 38.89527667697605 18.861110952588003 -300.08833723574634 1174 1178 -1
1177 19.59424128201051 5.204010312440155 -268.5258313945159 1175 1179 -1
1178 39.077294267882685 18.857863196569525 -300.1736070524971 1176 1180 -1
1179 19.77791686481574 5.255500934563846 -268.52488369429057 1177 1181 -1
1180 39.2599846233024 18.85192177156674 -300.2572780853989 1178 1182 -1
1181 19.96065531476424 5.31016742574603 -268.5222907886146 1179 1183 -1
1182 39.443307005885174 18.843294703222167 -300.3393171565835 1180 1184 -1
1183 20.14218665605591 5.368586251955615 -268.5176563196601 1181 1185 -1
1184 39.6272161561542 18.832011185550062 -300.4197039322705 1182 1186 -1
1185 20.32212589886509 5.431491755526703 -268.51046991083297 1183 1187 -1
1186 39.811665279556486 18.818113308708114 -300.4984269261289 1184 1188 -1
1187 20.5 5.5 -268.5 1185 -1 -1
1188 39.996614168979264 18.80161546748256 -300.57545740625005 1186 1189 -1
1189 40.18201986355536 18.78254921853394 -300.650777862147 1188 1190 -1
1190 40.36783801213498 18.76096159333809 -300.7243819804894 1189 1191 -1
1191 40.55402965119125 18.736872959398102 -300.7962458472162 1190 1192 -1
1192 40.74055460451381 18.710315822439444 -300.8663540946027 1191 1193 -1
1193 40.927371580569755 18.68134106569135 -300.93470535532333 1192 1194 -1
1194 41.11444332340338 18.649976170889772 -301.0012820273373 1193 1195 -1
1195 41.3017330120663 18.616249961370524 -301.06606758429797 1194 1196 -1
1196 41.48920266118766 18.58021782903356 -301.1290665385458 1195 1197 -1
1197 41.676817232294745 18.541916614200463 -301.1902701770741 1196 1198 -1
1198 41.86454331270971 18.501364618456087 -301.2496550518345 1197 1199 -1
1199 42.05234643904203 18.45862369750136 -301.3072336334276 1198 1200 -1
1200 42.24019461464952 18.4137332050232 -301.36300124994386 1199 1201 -1
1201 42.4280567948381 18.366722145588593 -301.4169448215475 1200 1202 -1
1202 42.615902650765975 18.317632323796293 -301.4690626778717 1201 1203 -1
1203 42.80370325658554 18.266513380026243 -301.5193611272767 1202 1204 -1
1204 42.99143076238686 18.21340521450974 -301.56783881174715 1203 1205 -1
1205 43.17905769303752 18.158338127496833 -301.61448594312236 1204 1206 -1
1206 43.36655808776955 18.101355690534824 -301.6593056435209 1205 1207 -1
1207 43.553907469462516 18.042504567270285 -301.7023051134358 1206 1208 -1
1208 43.74108195243118 17.981824239781705 -301.7434855749727 1207 1209 -1
1209 43.928058487455466 17.919354003838425 -301.7828492991324 1208 1210 -1
1210 44.11481095426654 17.8551229958389 -301.8204015921114 1209 1211 -1
1211 44.30131468131749 17.78918239580131 -301.8561853453283 1210 1212 -1
1212 44.48754556605037 17.721573371101854 -301.89023481946674 1211 1213 -1
1213 44.67348100444686 17.65233542483376 -301.9225833798504 1212 1214 -1
1214 44.85909998104082 17.581507483398816 -301.9532645878583 1213 1215 -1
1215 45.04438301117632 17.50912784851271 -301.9823121226082 1214 1216 -1
1216 45.22931132042759 17.435231121332365 -302.0097564912075 1215 1217 -1
1217 45.413868201412264 17.359854405970196 -302.0356315489322 1216 1218 -1
1218 45.59803932031424 17.28303763322679 -302.0599748717 1217 1219 -1
1219 45.78181074415172 17.20481620296878 -302.0828199074227 1218 1220 -1
1220 45.96516976296258 17.125224736754735 -302.1041999129072 1219 1221 -1
1221 46.14810482918665 17.044297062271276 -302.12414790876903 1220 1222 -1
1222 46.330605497917546 16.962066201798738 -302.14269663910625 1221 1223 -1
1223 46.51266236828115 16.878564364358244 -302.15987853569595 1222 1224 -1
1224 46.69426702615788 16.793822941205462 -302.17572568646926 1223 1225 -1
1225 46.875411988429605 16.707872504350455 -302.19026980801755 1224 1226 -1
1226 47.0560906488982 16.620742807799626 -302.2035422218843 1225 1227 -1
1227 47.23629722599274 16.532462791231925 -302.21557383439716 1226 1228 -1
1228 47.41602671235473 16.443060585838918 -302.2263951198038 1227 1229 -1
1229 47.59527482636621 16.352563522075382 -302.2360361064743 1228 1230 -1
1230 47.77403796566425 16.260998139084695 -302.2445263659486 1229 1231 -1
1231 47.952313163544346 16.168390195120196 -302.25189497535695 1230 1232 -1
1232 48.13009843855008 16.0747644717525 -302.2581556260418 1231 1233 -1
1233 48.307393208447195 15.98014452889545 -302.2632744957831 1232 1234 -1
1234 48.484196666711945 15.884553552355902 -302.2672078125977 1233 1235 -1
1235 48.66050741530583 15.78801457764132 -302.26991207500464 1234 1236 -1
1236 48.83632344554217 15.690550533910704 -302.27134404673853 1235 1237 -1
1237 49.011642119969224 15.592184287059176 -302.2714607550385 1236 1238 -1
1238 49.1864580888849 15.492935177165903 -302.2702137539015 1237 1239 -1
1239 49.36076904286152 15.392829126610014 -302.2675648824271 1238 1240 -1
1240 49.53457055231172 15.291889453602614 -302.26347250976215 1239 1241 -1
1241 49.70785728878112 15.190139214077341 -302.2578947426872 1240 1242 -1
1242 49.88062321827045 15.087601601500719 -302.2507900025013 1241 1243 -1
1243 50.052861589973276 14.984299983687716 -302.24211704747773 1242 1244 -1
1244 50.224564926473164 14.880257938226325 -302.2318349996215 1243 1245 -1
1245 50.39572357269961 14.775497478646097 -302.2198989598111 1244 1246 -1
1246 50.566327414283954 14.670041618441726 -302.20626522333515 1245 1247 -1
1247 50.736368997572846 14.56391779862861 -302.19090107991383 1246 1248 -1
1248 50.90583784209398 14.457150791883642 -302.1737674233589 1247 1249 -1
1249 51.074722715800895 14.349765733379108 -302.1548257099428 1248 1250 -1
1250 51.24301163719926 14.241788144902038 -302.134038011232 1249 1251 -1
1251 51.410687404210954 14.133240082200347 -302.11135326024805 1250 1252 -1
1252 51.57773954810068 14.024151166080923 -302.0867443163827 1251 1253 -1
1253 51.744154808550704 13.914549147405708 -302.0601784350276 1252 1254 -1
1254 51.909918232562646 13.80446132526716 -302.03162071534075 1253 1255 -1
1255 52.075012749287666 13.693914575148037 -302.0010329220845 1254 1256 -1
1256 52.23941734783387 13.582934728546196 -301.968368273564 1255 1257 -1
1257 52.403120419791435 13.471554289843594 -301.93361136630523 1256 1258 -1
1258 52.56610456163931 13.359802607465962 -301.8967322942721 1257 1259 -1
1259 52.72835796490757 13.247711817291204 -301.85772129884344 1258 1260 -1
1260 52.8898756129928 13.1353168172616 -301.81658996273006 1259 1261 -1
1261 53.0506655910472 13.022656641815248 -301.77338544850215 1260 1262 -1
1262 53.210729632976644 12.909766312973522 -301.72813431000634 1261 1263 -1
1263 53.370063246349964 12.796678572844694 -301.680844004212 1262 1264 -1
1264 53.52867205189094 12.683428367185543 -301.6315485999425 1263 1265 -1
1265 53.686561931796646 12.57004928690046 -301.58028087689655 1264 1266 -1
1266 53.84373146023126 12.45657299758064 -301.52705206734345 1265 1267 -1
1267 54.000181999190566 12.343031461653311 -301.4718798043248 1266 1268 -1
1268 54.15592291421014 12.229456356746212 -301.4148018323737 1267 1269 -1
1269 54.31095371031975 12.115878159133617 -301.3558280976636 1268 1270 -1
1270 54.465274916939094 12.002327501313083 -301.2949703514009 1269 1271 -1
1271 54.61889714183301 11.88883380879675 -301.2322659122335 1270 1272 -1
1272 54.771819082524964 11.77542690513679 -301.1677195950391 1271 1273 -1
1273 54.924043244549075 11.66213636462438 -301.10134547334354 1272 1274 -1
1274 55.0755796210591 11.548989729751685 -301.03317628705827 1273 1275 -1
1275 55.22642478011072 11.43601715927129 -300.9632089900294 1274 1276 -1
1276 55.37658531566067 11.323246453702257 -300.89146599644505 1275 1277 -1
1277 55.52606916192618 11.210704148458367 -300.81797245277585 1276 1278 -1
1278 55.67486984812624 11.098421993791302 -300.7427157466506 1277 1279 -1
1279 55.822999443680835 10.986424684508954 -300.66573062349175 1278 1280 -1
1280 55.970461005144195 10.874739863381048 -300.5870280738584 1279 1281 -1
1281 56.11724987663408 10.763399472927583 -300.5065989421898 1280 1282 -1
1282 56.26337890105665 10.652426258758615 -300.42447862825253 1281 1283 -1
1283 56.408845814880586 10.541850921560851 -300.34066349157035 1282 1284 -1
1284 56.55365244143649 10.431702308914518 -300.25516015995197 1283 1285 -1
1285 56.6978075578835 10.322004271389217 -300.1679928243433 1284 1286 -1
1286 56.84130515909788 10.212791140350651 -300.0791478005009 1285 1287 -1
1287 56.98415306104054 10.104087402819314 -299.9886466041694 1286 1288 -1
1288 57.12635581568949 9.995919364548875 -299.8965023591856 1287 1289 -1
1289 57.26790454470883 9.888325374758086 -299.8026940484721 1288 1290 -1
1290 57.40881146828043 9.781325359399153 -299.70725441054185 1289 1291 -1
1291 57.549075356207474 9.674950985656254 -299.6101820771527 1290 1292 -1
1292 57.688691285655004 9.569238498802402 -299.51146653614654 1291 1293 -1
1293 57.82766801261472 9.464210071073332 -299.411132184118 1292 1294 -1
1294 57.966002282646464 9.35990042215424 -299.30917325777995 1293 1295 -1
1295 58.1036909008779 9.256345081865694 -299.20558455432257 1294 1296 -1
1296 58.2407400240269 9.153568461636503 -299.10038485159777 1295 1297 -1
1297 58.377145624892535 9.051607220110734 -298.9935677055683 1296 1298 -1
1298 58.512903369632255 8.95049927583239 -298.88512652267354 1297 1299 -1
1299 58.64801798193865 8.850270465079815 -298.7750779705196 1298 1300 -1
1300 58.78248623012601 8.750957170469892 -298.66341941807065 1299 1301 -1
1301 58.916299094985014 8.652604971588019 -298.5501347099493 1300 1302 -1
1302 59.04946134363374 8.55523928694387 -298.435242695669 1301 1303 -1
1303 59.18196945433664 8.45889750284232 -298.31874246636283 1302 1304 -1
1304 59.313814437489604 8.363626245457489 -298.2006207761197 1303 1305 -1
1305 59.44499389822548 8.269461951646031 -298.0808816651782 1304 1306 -1
1306 59.57550570369962 8.176440234213016 -297.95953080691646 1305 1307 -1
1307 59.70534412307159 8.084602699320142 -297.83656632984196 1306 1308 -1
1308 59.83449852696446 7.9940000742867205 -297.7119761358704 1307 1309 -1
1309 59.96296388372119 7.904673266509909 -297.5857629964471 1308 1310 -1
1310 60.090735088754755 7.816662903856697 -297.4579308721048 1309 1311 -1
1311 60.217803755211136 7.73001559339766 -297.3284776107471 1310 1312 -1
1312 60.344160751643756 7.6447793296093165 -297.19740111793925 1311 1313 -1
1313 60.46979296628859 7.5610101512670616 -297.0646923105616 1312 1314 -1
1314 60.594691184201345 7.4787561652232855 -296.93035303312513 1313 1315 -1
1315 60.71884584125123 7.398065657767828 -296.7943862989075 1314 1316 -1
1316 60.84224447863887 7.31899253156279 -296.6567909443249 1315 1317 -1
1317 60.96487370838797 7.241592285237506 -296.5175662306441 1316 1318 -1
1318 61.08671917308778 7.165922046387959 -296.376711935833 1317 1319 -1
1319 61.207765504979044 7.092040599847427 -296.23422845333306 1318 1320 -1
1320 61.32799628462263 7.02000841040829 -296.0901168980617 1319 1321 -1
1321 61.44739399943482 6.949887639093524 -295.944379219915 1320 1322 -1
1322 61.56594000242745 6.881742151991711 -295.79701832499967 1321 1323 -1
1323 61.683614471546505 6.815637520584466 -295.64803820476254 1322 1324 -1
1324 61.80039637006626 6.75164101240949 -295.4974440731174 1323 1325 -1
1325 61.91626340856238 6.689821570820032 -295.3452425115797 1324 1326 -1
1326 62.03119200905837 6.630249782522439 -295.1914416223181 1325 1327 -1
1327 62.145157272016206 6.57299783150182 -295.0360511889049 1326 1328 -1
1328 62.258132946918685 6.518139437884669 -294.87908284440863 1327 1329 -1
1329 62.3700914072728 6.4657497802382435 -294.7205502463048 1328 1330 -1
1330 62.481003630942695 6.415905399777327 -294.56046925749376 1329 1331 -1
1331 62.59083918680108 6.368684084939728 -294.39885813250794 1330 1332 -1
1332 62.69956622876343 6.3241647348113705 -294.23573770775766 1331 1333 -1
1333 62.8071514983378 6.282427199933448 -294.07113159441116 1332 1334 -1
1334 62.913560336885105 6.243552099112334 -293.90506637223604 1333 1335 -1
1335 63.018754371264045 6.207626269328151 -293.7375691698828 1334 1336 -1
1336 63.12269190687059 6.174741563400098 -293.56866893309547 1335 1337 -1
1337 63.225339811891494 6.144966026602113 -293.39840901047256 1336 1338 -1
1338 63.32665815106347 6.118381002649083 -293.2268299015273 1337 1339 -1
1339 63.426605846277525 6.095067267801441 -293.053975988615 1338 1340 -1
1340 63.525134743049726 6.075118895967252 -292.87989081407915 1339 1341 -1
1341 63.622200249874034 6.058617759430665 -292.7046268584381 1340 1342 -1
1342 63.717764900850206 6.045625506008642 -292.52824666986373 1341 1343 -1
1343 63.81178422428587 6.036216773750486 -292.3508116060854 1342 1344 -1
1344 63.904204334532075 6.030484035247194 -292.17238235663467 1343 1345 -1
1345 63.99498109577125 6.028493379194524 -291.99303109657933 1344 1346 -1
1346 64.08407618469718 6.030294346424852 -291.8128367220192 1345 1347 -1
1347 64.1714446687626 6.035948122758546 -291.63187815856594 1346 1348 -1
1348 64.25702436479737 6.045550062678233 -291.4502326288742 1347 1349 -1
1349 64.34078786797484 6.059115289415309 -291.26799451725867 1348 1350 -1
1350 64.42269327147713 6.076688141098582 -291.0852549435834 1349 1351 -1
1351 64.50269221508574 6.098323456309589 -290.90210705810387 1350 1352 -1
1352 64.58074031614981 6.12406409161034 -290.71864881944936 1351 1353 -1
1353 64.65681177936409 6.153911426477445 -290.5349827987652 1352 1354 -1
1354 64.73087142458998 6.187884506065866 -290.35121131925337 1353 1355 -1
1355 64.80287938870376 6.226009395627127 -290.1674388049745 1354 1356 -1
1356 64.87280366204897 6.268293850694949 -289.98377179652255 1355 1357 -1
1357 64.94062790796485 6.3147131134739265 -289.8003160628306 1356 1358 -1
1358 65.00632909724408 6.3652548355622285 -289.6171774070921 1357 1359 -1
1359 65.06988779469981 6.419898687116235 -289.43446105266923 1358 1360 -1
1360 65.13128835132791 6.478616401039175 -289.2522710282058 1359 1361 -1
1361 65.19051389765492 6.541381368726996 -289.07071127842454 1360 1362 -1
1362 65.24756089341453 6.608142072490488 -288.88988072889634 1361 1363 -1
1363 65.30242943650154 6.678840981022732 -288.7098747978731 1362 1364 -1
1364 65.35512051430706 6.7534197195575825 -288.5307862617195 1363 1365 -1
1365 65.4056393063029 6.831813327076734 -288.35270377593173 1364 1366 -1
1366 65.45399514542046 6.913950710606219 -288.1757113982618 1365 1367 -1
1367 65.5 7.0 -288.0 1366 -1 -1
