0 30.0 -141.5 -139.5 -1 1 -1
1 29.5 -141.5 -140.0 0 2 -1
2 29.0 -141.0 -140.5 1 3 -1
3 28.5 -141.0 -141.0 2 4 -1
4 28.0 -141.0 -141.5 3 5 -1
5 27.5 -140.5 -141.5 4 6 -1
6 27.0 -140.5 -142.0 5 7 -1
7 26.5 -140.5 -142.0 6 8 -1
8 26.0 -140.5 -142.0 7 9 -1
9 25.5 -140.0 -142.0 8 10 -1
10 25.0 -139.5 -142.0 9 11 -1
11 24.5 -140.0 -142.5 10 12 -1
12 24.0 -139.5 -142.5 11 13 -1
13 23.5 -139.5 -142.5 12 14 -1
14 23.0 -139.5 -143.0 13 15 -1
15 22.5 -139.0 -142.5 14 16 -1
16 22.0 -139.0 -143.0 15 17 -1
17 21.5 -138.5 -143.0 16 18 -1
18 21.0 -138.0 -143.5 17 19 -1
19 20.5 -137.5 -143.5 18 20 -1
20 20.0 -137.5 -143.0 19 21 -1
21 19.5 -137.0 -143.5 20 22 -1
22 19.0 -137.5 -143.0 21 23 -1
23 18.5 -137.0 -143.5 22 24 -1
24 18.0 -136.5 -144.0 23 25 -1
25 17.5 -136.5 -143.5 24 26 -1
26 17.0 -136.5 -143.5 25 27 -1
27 16.5 -136.0 -143.5 26 28 -1
28 16.0 -135.5 -143.5 27 29 -1
29 15.5 -135.5 -143.0 28 30 -1
30 15.0 -135.5 -142.5 29 31 -1
31 14.5 -135.0 -142.0 30 32 -1
32 14.0 -134.5 -142.0 31 33 -1
33 13.5 -134.0 -141.5 32 34 -1
34 13.0 -133.5 -141.0 33 35 -1
35 13.0 -133.5 -140.5 34 36 -1
36 12.5 -133.0 -140.0 35 37 -1
37 12.5 -132.5 -140.0 36 38 -1
38 12.0 -132.0 -139.5 37 39 -1
39 11.5 -131.5 -139.0 38 40 -1
40 11.5 -131.0 -138.5 39 41 -1
41 11.5 -130.5 -138.0 40 42 -1
42 11.0 -130.5 -137.5 41 43 -1
43 10.5 -130.5 -137.0 42 44 -1
44 10.5 -130.0 -136.5 43 45 -1
45 10.0 -130.0 -136.0 44 46 -1
46 10.5 -129.5 -135.5 45 47 -1
47 10.0 -130.0 -135.0 46 48 -1
48 10.0 -129.5 -134.5 47 49 -1
49 10.0 -129.0 -134.0 48 50 -1
50 10.0 -129.0 -133.5 49 51 -1
51 10.0 -128.5 -133.0 50 52 -1
52 9.5 -129.0 -132.5 51 53 -1
53 9.5 -128.5 -132.0 52 54 -1
54 9.5 -128.5 -131.5 53 55 -1
55 9.5 -128.5 -131.0 54 56 -1
56 9.5 -128.5 -130.5 55 57 -1
57 9.5 -128.0 -130.0 56 58 -1
58 9.5 -128.0 -129.5 57 59 -1
59 9.5 -128.0 -129.0 58 60 -1
60 9.5 -128.0 -128.5 59 61 -1
61 9.5 -128.0 -128.0 60 62 -1
62 9.5 -128.0 -127.5 61 63 -1
63 9.5 -128.0 -127.0 62 64 -1
64 9.5 -128.0 -126.5 63 65 -1
65 9.5 -128.0 -126.0 64 66 -1
66 9.5 -128.0 -125.5 65 67 -1
67 9.5 -128.0 -125.0 66 68 -1
68 10.0 -128.0 -124.5 67 69 -1
69 10.0 -128.0 -124.0 68 70 -1
70 10.0 -128.0 -123.5 69 71 -1
71 10.0 -128.0 -123.0 70 72 -1
72 10.0 -128.0 -122.5 71 73 -1
73 10.0 -128.0 -122.0 72 74 -1
74 10.0 -128.0 -121.5 73 75 -1
75 10.0 -128.0 -121.0 74 76 -1
76 10.0 -128.0 -120.5 75 77 -1
77 10.0 -128.0 -120.0 76 78 -1
78 10.5 -128.0 -119.5 77 79 -1
79 10.5 -128.0 -119.0 78 80 -1
80 10.5 -128.0 -118.5 79 81 -1
81 10.0 -128.5 -118.0 80 82 -1
82 10.5 -128.5 -117.5 81 83 -1
83 10.5 -128.5 -117.0 82 84 -1
84 11.0 -128.5 -116.5 83 85 -1
85 10.5 -129.0 -116.0 84 86 -1
86 11.0 -129.0 -115.5 85 87 -1
87 11.0 -129.5 -115.0 86 88 -1
88 11.0 -129.5 -114.5 87 89 -1
89 11.0 -129.5 -114.0 88 90 -1
90 11.5 -129.5 -113.5 89 91 -1
91 11.5 -130.0 -113.0 90 92 -1
92 12.0 -130.5 -112.5 91 93 -1
93 12.0 -130.5 -112.0 92 94 -1
94 12.0 -131.0 -111.5 93 95 -1
95 12.5 -131.5 -111.0 94 96 -1
96 12.5 -132.0 -110.5 95 97 -1
97 12.5 -132.5 -110.0 96 98 -1
98 13.0 -133.0 -109.5 97 99 -1
99 13.0 -133.5 -109.5 98 100 -1
100 13.0 -134.0 -109.0 99 101 -1
101 13.0 -134.5 -108.5 100 102 -1
102 13.0 -135.0 -108.5 101 103 -1
103 13.0 -135.5 -108.0 102 104 -1
104 13.0 -136.0 -108.0 103 105 -1
105 13.0 -136.5 -108.0 104 106 -1
106 13.0 -137.0 -107.5 105 107 -1
107 13.0 -137.5 -107.5 106 108 -1
108 13.0 -138.0 -107.5 107 109 -1
109 13.0 -138.5 -107.5 108 110 -1
110 13.0 -139.0 -107.5 109 111 -1
111 13.0 -139.5 -107.5 110 112 -1
112 13.5 -140.0 -107.5 111 113 -1
113 13.0 -140.5 -107.0 112 114 -1
114 13.5 -141.0 -107.0 113 115 -1
115 13.5 -141.5 -107.0 114 116 -1
116 13.5 -142.0 -107.0 115 117 -1
117 13.5 -142.5 -107.0 116 118 -1
118 13.5 -143.0 -107.0 117 119 -1
119 13.5 -143.5 -107.0 118 120 -1
120 13.5 -144.0 -107.0 119 121 -1
121 13.5 -144.5 -107.0 120 122 -1
122 13.5 -145.0 -107.0 121 123 -1
123 13.5 -145.5 -107.0 122 124 -1
124 13.5 -146.0 -107.0 123 125 -1
125 13.5 -146.5 -107.5 124 126 -1
126 13.0 -147.0 -107.0 125 127 -1
127 13.0 -147.5 -107.5 126 128 -1
128 13.0 -148.0 -107.5 127 129 -1
129 13.0 -148.5 -108.0 128 130 -1
130 13.0 -149.0 -108.0 129 131 -1
131 13.0 -149.5 -108.5 130 132 -1
132 12.5 -150.0 -108.5 131 133 -1
133 12.5 -150.5 -108.5 132 134 -1
134 12.5 -151.0 -109.0 133 135 -1
135 12.0 -151.5 -109.0 134 136 -1
136 12.0 -152.0 -109.5 135 137 -1
137 11.5 -152.5 -109.5 136 138 -1
138 11.5 -153.0 -109.5 137 139 -1
139 11.5 -153.5 -110.0 138 140 -1
140 11.0 -154.0 -110.0 139 141 -1
141 11.0 -154.5 -110.0 140 142 -1
142 11.0 -155.0 -110.5 141 143 -1
143 11.0 -155.5 -110.5 142 144 -1
144 11.0 -156.0 -111.0 143 145 -1
145 10.5 -156.5 -111.0 144 146 -1
146 10.5 -157.0 -111.0 145 147 -1
147 10.0 -157.5 -111.0 146 148 -1
148 10.0 -158.0 -111.5 147 149 -1
149 10.0 -158.5 -112.0 148 150 -1
150 9.5 -159.0 -112.0 149 151 -1
151 9.5 -159.5 -112.0 150 152 -1
152 9.0 -160.0 -112.5 151 153 -1
153 8.5 -160.5 -113.0 152 154 -1
154 8.0 -161.0 -113.5 153 155 -1
155 7.5 -161.5 -114.0 154 156 -1
156 7.0 -162.0 -114.5 155 157 -1
157 6.5 -162.5 -114.5 156 158 -1
158 6.0 -163.0 -114.5 157 159 -1
159 5.5 -163.5 -115.0 158 160 -1
160 5.0 -164.0 -115.5 159 161 -1
161 4.5 -164.0 -115.5 160 162 -1
162 4.0 -164.5 -116.0 161 163 -1
163 3.5 -165.0 -116.5 162 164 -1
164 3.0 -165.0 -117.0 163 165 -1
165 2.5 -165.5 -117.5 164 166 -1
166 1.5 -166.5 -118.0 165 167 -1
167 1.0 -166.5 -118.5 166 168 -1
168 0.5 -167.0 -119.0 167 169 -1
169 0.0 -167.0 -119.0 168 170 -1
170 -0.5 -167.5 -119.5 169 171 -1
171 -1.0 -168.0 -120.0 170 172 -1
172 -1.5 -168.5 -120.5 171 173 -1
173 -2.0 -168.5 -121.0 172 174 -1
174 -2.5 -169.0 -121.5 173 175 -1
175 -3.0 -169.0 -122.0 174 176 -1
176 -3.5 -169.5 -122.5 175 177 -1
177 -4.0 -169.5 -123.0 176 178 -1
178 -4.5 -170.0 -123.0 177 179 -1
179 -5.0 -170.5 -123.5 178 180 -1
180 -5.0 -170.5 -124.0 179 181 -1
181 -5.5 -170.5 -124.5 180 182 -1
182 -6.0 -170.5 -125.0 181 183 -1
183 -6.5 -170.5 -125.5 182 184 -1
184 -7.0 -171.0 -125.5 183 185 -1
185 -7.5 -171.0 -126.0 184 186 -1
186 -8.0 -171.0 -126.5 185 187 -1
187 -8.5 -171.0 -126.5 186 188 -1
188 -9.0 -171.0 -127.0 187 189 -1
189 -9.5 -171.0 -127.0 188 190 -1
190 -10.0 -171.5 -127.5 189 191 -1
191 -10.5 -171.0 -128.0 190 192 -1
192 -11.0 -171.0 -128.5 191 193 -1
193 -11.5 -170.5 -129.0 192 194 -1
194 -12.0 -171.0 -129.0 193 195 -1
195 -12.5 -170.5 -129.5 194 196 -1
196 -13.0 -170.5 -129.5 195 197 -1
197 -13.5 -170.5 -130.0 196 198 -1
198 -14.0 -170.5 -130.0 197 199 -1
199 -14.5 -170.5 -130.0 198 200 -1
200 -15.0 -170.5 -130.5 199 201 -1
201 -15.5 -170.5 -130.5 200 202 -1
202 -16.0 -170.5 -130.5 201 203 -1
203 -16.5 -170.5 -131.0 202 204 -1
204 -17.0 -170.5 -131.0 203 205 -1
205 -17.5 -170.5 -131.5 204 206 -1
206 -18.0 -170.5 -131.5 205 207 -1
207 -18.5 -170.5 -131.5 206 208 -1
208 -19.0 -170.5 -132.0 207 209 -1
209 -19.5 -170.5 -132.5 208 210 -1
210 -20.0 -170.5 -132.5 209 211 -1
211 -20.5 -170.5 -133.0 210 212 -1
212 -21.0 -170.5 -133.0 211 213 -1
213 -21.5 -170.5 -133.5 212 214 -1
214 -22.0 -170.5 -133.5 213 215 -1
215 -22.5 -170.5 -133.0 214 216 -1
216 -23.0 -170.5 -133.5 215 217 -1
217 -23.5 -170.5 -133.5 216 218 -1
218 -24.0 -170.5 -134.0 217 219 -1
219 -24.5 -170.5 -134.5 218 220 -1
220 -25.0 -170.5 -134.5 219 221 -1
221 -25.5 -170.5 -135.0 220 222 -1
222 -26.0 -170.5 -135.5 221 223 -1
223 -26.5 -170.0 -136.0 222 224 -1
224 -27.0 -170.0 -136.5 223 225 -1
225 -27.5 -169.5 -137.5 224 226 -1
226 -28.0 -169.0 -138.0 225 227 -1
227 -28.0 -169.0 -138.5 226 228 -1
228 -28.5 -168.5 -139.0 227 229 -1
229 -29.0 -168.5 -139.5 228 230 -1
230 -29.5 -168.5 -139.5 229 231 -1
231 -30.0 -168.0 -140.0 230 232 -1
232 -30.0 -167.5 -140.5 231 233 -1
233 -30.5 -167.0 -141.0 232 234 -1
234 -31.0 -167.5 -141.0 233 235 -1
235 -31.5 -167.0 -141.5 234 236 -1
236 -31.5 -166.5 -142.0 235 237 -1
237 -34.5 -164.5 -143.5 236 238 -1
238 -35.0 -163.5 -144.5 237 239 -1
239 -35.5 -163.0 -144.5 238 240 -1
240 -35.5 -162.0 -145.0 239 241 -1
241 -35.5 -161.5 -145.0 240 242 -1
242 -36.0 -161.0 -145.5 241 243 -1
243 -36.0 -160.5 -146.0 242 244 -1
244 -36.5 -160.0 -146.5 243 245 -1
245 -37.0 -159.5 -147.0 244 246 -1
246 -40.0 -157.0 -146.5 245 247 248
247 -39.5 -156.5 -146.5 246 249 -1
248 -37.5 -160.5 -148.5 246 250 -1
249 -39.5 -156.0 -146.5 247 251 -1
250 -37.5 -160.5 -149.0 248 252 -1
251 -40.0 -155.5 -146.0 249 253 -1
252 -37.0 -160.5 -149.5 250 254 -1
253 -40.0 -155.0 -146.0 251 255 -1
254 -37.0 -160.5 -150.0 252 256 -1
255 -40.0 -154.5 -146.0 253 257 -1
256 -37.0 -160.5 -150.5 254 258 -1
257 -40.5 -154.0 -146.0 255 259 -1
258 -37.0 -160.5 -151.0 256 260 -1
259 -41.0 -153.5 -146.0 257 261 -1
260 -37.0 -160.5 -151.5 258 262 -1
261 -41.5 -153.0 -145.5 259 263 -1
262 -36.5 -160.5 -152.0 260 264 -1
263 -41.5 -152.5 -145.5 261 265 -1
264 -37.0 -160.5 -152.5 262 266 -1
265 -42.0 -152.0 -145.5 263 267 -1
266 -37.0 -160.5 -153.0 264 268 -1
267 -42.5 -151.5 -145.5 265 269 -1
268 -37.5 -160.5 -153.5 266 270 -1
269 -43.0 -151.0 -145.0 267 271 -1
270 -37.5 -160.5 -154.0 268 272 -1
271 -42.5 -150.5 -145.0 269 273 -1
272 -38.0 -160.5 -154.5 270 274 -1
273 -42.5 -150.0 -145.0 271 275 -1
274 -37.5 -160.5 -155.0 272 276 -1
275 -42.0 -149.5 -145.0 273 277 -1
276 -37.5 -160.5 -155.5 274 278 -1
277 -42.5 -149.0 -145.0 275 279 -1
278 -38.0 -160.5 -156.0 276 280 -1
279 -43.0 -148.5 -144.5 277 281 -1
280 -38.5 -160.5 -156.5 278 282 -1
281 -42.5 -148.0 -144.5 279 283 -1
282 -39.0 -161.0 -157.0 280 284 -1
283 -42.0 -147.5 -144.0 281 285 -1
284 -39.0 -161.0 -157.5 282 286 -1
285 -42.0 -147.0 -143.5 283 287 -1
286 -39.0 -161.0 -158.0 284 288 -1
287 -42.0 -146.5 -143.0 285 289 -1
288 -39.5 -161.0 -158.5 286 290 -1
289 -42.0 -146.0 -142.5 287 291 -1
290 -39.5 -161.0 -159.0 288 292 -1
291 -42.0 -145.5 -142.0 289 293 -1
292 -39.5 -161.0 -159.5 290 294 -1
293 -42.0 -145.5 -141.5 291 295 -1
294 -39.5 -161.0 -160.0 292 296 -1
295 -42.0 -145.0 -141.0 293 297 -1
296 -39.0 -160.5 -160.5 294 298 -1
297 -42.0 -144.5 -140.5 295 299 -1
298 -39.5 -161.0 -161.0 296 300 -1
299 -41.5 -144.5 -140.0 297 301 -1
300 -39.5 -161.0 -161.5 298 302 -1
301 -41.0 -144.5 -139.5 299 303 -1
302 -39.0 -160.5 -162.0 300 304 -1
303 -42.5 -141.5 -135.5 301 305 -1
304 -39.5 -161.0 -162.5 302 306 -1
305 -43.0 -141.0 -134.5 303 307 -1
306 -39.5 -161.0 -163.0 304 308 -1
307 -43.5 -140.5 -134.0 305 309 -1
308 -40.0 -161.5 -163.5 306 310 -1
309 -43.5 -140.5 -133.5 307 311 -1
310 -40.5 -162.0 -164.0 308 312 -1
311 -44.0 -140.0 -133.0 309 313 -1
312 -40.5 -161.5 -164.5 310 314 -1
313 -44.0 -140.0 -132.5 311 315 -1
314 -40.5 -161.5 -165.0 312 316 -1
315 -44.0 -140.0 -132.0 313 317 -1
316 -40.5 -161.5 -165.5 314 318 -1
317 -44.5 -140.0 -131.5 315 319 -1
318 -40.5 -161.5 -166.0 316 320 -1
319 -44.5 -140.0 -131.0 317 321 -1
320 -40.5 -161.5 -166.5 318 322 -1
321 -44.5 -140.0 -130.5 319 323 -1
322 -40.5 -161.5 -167.0 320 324 -1
323 -44.5 -140.0 -130.0 321 325 -1
324 -40.5 -161.5 -167.5 322 326 -1
325 -44.5 -140.0 -129.5 323 327 -1
326 -41.0 -161.5 -168.0 324 328 -1
327 -45.0 -139.5 -129.0 325 329 -1
328 -41.5 -161.5 -168.5 326 330 -1
329 -46.0 -139.0 -128.5 327 331 332
330 -41.0 -161.0 -169.0 328 333 -1
331 -46.5 -138.5 -128.0 329 334 -1
332 -45.5 -139.0 -128.0 329 335 -1
333 -41.0 -160.5 -169.5 330 336 -1
334 -47.0 -138.0 -127.5 331 337 -1
335 -45.5 -139.0 -127.5 332 338 -1
336 -40.5 -160.0 -170.0 333 339 -1
337 -47.5 -138.0 -127.0 334 340 -1
338 -45.0 -139.5 -127.0 335 341 -1
339 -40.5 -160.0 -170.5 336 342 -1
340 -48.0 -137.5 -126.5 337 343 -1
341 -44.5 -139.5 -126.5 338 344 -1
342 -41.0 -160.5 -171.0 339 345 -1
343 -48.5 -137.5 -126.0 340 346 -1
344 -44.0 -139.5 -126.0 341 347 -1
345 -41.0 -160.5 -171.5 342 348 -1
346 -49.0 -137.0 -125.5 343 349 -1
347 -43.5 -139.5 -126.0 344 350 -1
348 -41.0 -160.5 -172.0 345 351 -1
349 -49.5 -137.0 -125.0 346 352 -1
350 -43.0 -139.5 -125.5 347 353 -1
351 -41.0 -160.5 -172.5 348 354 -1
352 -50.0 -137.0 -124.5 349 355 -1
353 -42.5 -139.5 -125.5 350 356 -1
354 -41.0 -160.5 -173.0 351 357 -1
355 -50.0 -137.0 -124.0 352 358 -1
356 -42.0 -139.5 -125.5 353 359 -1
357 -41.0 -160.5 -173.5 354 360 -1
358 -50.5 -137.0 -123.5 355 361 -1
359 -41.5 -140.0 -125.0 356 362 -1
360 -41.0 -160.5 -174.0 357 363 -1
361 -50.5 -137.0 -123.0 358 364 -1
362 -41.0 -140.0 -124.5 359 365 -1
363 -41.5 -161.0 -174.5 360 366 -1
364 -51.0 -137.0 -122.5 361 367 -1
365 -40.5 -140.0 -124.0 362 368 -1
366 -41.5 -161.0 -175.0 363 369 -1
367 -51.0 -137.0 -122.0 364 370 -1
368 -40.0 -140.0 -124.0 365 371 -1
369 -41.5 -161.0 -175.5 366 372 -1
370 -51.5 -136.5 -121.5 367 373 -1
371 -39.5 -140.5 -123.5 368 374 -1
372 -41.5 -161.5 -176.0 369 375 -1
373 -51.5 -136.5 -121.0 370 376 -1
374 -39.5 -140.5 -123.0 371 377 -1
375 -41.5 -161.5 -176.5 372 378 -1
376 -52.0 -136.5 -120.5 373 379 -1
377 -39.5 -140.5 -122.5 374 380 -1
378 -41.5 -161.5 -177.0 375 381 -1
379 -52.5 -136.5 -120.0 376 382 -1
380 -39.0 -141.0 -122.0 377 383 -1
381 -41.5 -161.5 -177.5 378 384 -1
382 -53.0 -136.5 -119.5 379 385 -1
383 -38.5 -141.0 -121.5 380 386 -1
384 -41.5 -161.5 -178.0 381 387 -1
385 -53.5 -136.0 -119.5 382 388 -1
386 -38.0 -141.5 -121.0 383 389 -1
387 -42.0 -162.0 -178.5 384 390 -1
388 -54.0 -136.0 -119.0 385 391 -1
389 -38.0 -141.5 -120.5 386 392 -1
390 -42.0 -162.0 -179.0 387 393 -1
391 -54.0 -136.0 -118.5 388 394 -1
392 -37.5 -141.5 -120.0 389 395 -1
393 -42.0 -162.0 -179.5 390 396 -1
394 -54.5 -136.0 -118.0 391 397 -1
395 -37.0 -142.0 -119.5 392 398 -1
396 -42.0 -162.5 -180.0 393 399 -1
397 -55.0 -136.0 -117.5 394 400 -1
398 -36.5 -142.5 -119.0 395 401 -1
399 -42.0 -162.5 -180.5 396 402 -1
400 -55.0 -136.0 -117.0 397 403 -1
401 -36.5 -142.5 -118.5 398 404 -1
402 -42.5 -163.0 -181.0 399 405 -1
403 -55.5 -136.0 -116.5 400 406 -1
404 -36.0 -143.0 -118.0 401 407 -1
405 -42.5 -163.0 -181.5 402 408 -1
406 -55.5 -139.0 -113.5 403 409 -1
407 -36.0 -143.0 -117.5 404 410 -1
408 -42.5 -163.0 -182.0 405 411 -1
409 -56.0 -139.5 -113.0 406 412 -1
410 -35.5 -143.5 -117.0 407 413 -1
411 -42.5 -163.0 -182.5 408 414 -1
412 -56.5 -139.5 -112.5 409 415 -1
413 -35.0 -143.5 -116.5 410 416 -1
414 -43.0 -163.5 -183.0 411 417 -1
415 -57.0 -140.0 -112.0 412 418 -1
416 -35.0 -144.0 -116.0 413 419 -1
417 -43.0 -163.5 -183.5 414 420 -1
418 -57.5 -140.0 -112.0 415 421 -1
419 -35.0 -144.5 -115.5 416 422 -1
420 -43.0 -163.5 -184.0 417 423 -1
421 -58.0 -139.5 -112.0 418 424 -1
422 -34.5 -144.5 -115.0 419 425 -1
423 -43.0 -164.0 -184.5 420 426 -1
424 -58.5 -140.0 -111.5 421 427 -1
425 -34.0 -145.0 -114.5 422 428 -1
426 -43.0 -164.0 -185.0 423 429 -1
427 -59.0 -140.0 -111.0 424 430 -1
428 -33.5 -145.0 -114.0 425 431 -1
429 -43.0 -164.0 -185.5 426 432 -1
430 -59.5 -140.0 -111.0 427 433 -1
431 -33.0 -145.5 -113.5 428 434 -1
432 -43.5 -164.5 -186.0 429 435 -1
433 -60.0 -140.0 -110.5 430 436 -1
434 -33.0 -146.0 -113.5 431 437 -1
435 -43.5 -164.5 -186.5 432 438 -1
436 -60.5 -140.0 -110.5 433 439 -1
437 -32.5 -146.5 -113.0 434 440 -1
438 -43.5 -164.5 -187.0 435 441 -1
439 -61.0 -140.0 -110.0 436 442 -1
440 -32.5 -147.0 -112.5 437 443 -1
441 -44.0 -165.0 -187.5 438 444 -1
442 -62.0 -139.5 -109.5 439 445 -1
443 -32.5 -147.5 -112.5 440 446 -1
444 -44.0 -165.0 -188.0 441 447 -1
445 -62.5 -139.5 -109.0 442 448 -1
446 -32.0 -148.0 -112.0 443 449 -1
447 -44.0 -165.5 -188.5 444 450 -1
448 -63.0 -139.0 -108.0 445 451 -1
449 -31.5 -148.5 -111.5 446 452 -1
450 -44.0 -165.5 -189.0 447 453 -1
451 -63.5 -139.5 -107.5 448 454 -1
452 -31.5 -149.0 -111.0 449 455 -1
453 -44.0 -165.5 -189.5 450 456 -1
454 -64.0 -139.5 -107.5 451 457 -1
455 -31.0 -149.5 -111.0 452 458 -1
456 -44.5 -165.5 -190.0 453 459 -1
457 -64.5 -140.0 -107.0 454 460 -1
458 -31.0 -150.0 -110.5 455 461 -1
459 -44.5 -166.0 -190.5 456 462 -1
460 -65.0 -140.0 -107.0 457 463 -1
461 -30.5 -150.5 -110.5 458 464 -1
462 -44.5 -165.5 -191.0 459 465 -1
463 -65.5 -140.0 -106.5 460 466 -1
464 -30.5 -151.0 -110.0 461 467 -1
465 -45.0 -166.0 -191.5 462 468 -1
466 -66.0 -140.5 -106.5 463 469 -1
467 -30.0 -151.5 -110.0 464 470 -1
468 -45.0 -166.0 -192.0 465 471 -1
469 -66.5 -140.5 -106.0 466 472 -1
470 -30.0 -152.0 -109.5 467 473 -1
471 -45.0 -166.0 -192.5 468 474 -1
472 -67.0 -141.0 -105.5 469 475 -1
473 -29.5 -152.5 -109.5 470 476 -1
474 -45.0 -166.0 -193.0 471 477 -1
475 -67.5 -141.0 -105.5 472 478 -1
476 -29.0 -153.0 -109.5 473 479 -1
477 -45.0 -166.0 -193.5 474 480 -1
478 -68.0 -141.5 -105.5 475 481 -1
479 -29.0 -153.5 -109.5 476 482 -1
480 -45.0 -165.5 -194.0 477 483 -1
481 -68.5 -141.5 -105.0 478 484 -1
482 -29.0 -154.0 -109.0 479 485 -1
483 -45.0 -165.5 -194.5 480 486 -1
484 -69.0 -142.0 -105.0 481 487 -1
485 -29.0 -154.5 -108.5 482 488 -1
486 -45.0 -165.5 -195.0 483 489 -1
487 -69.5 -142.0 -105.0 484 490 -1
488 -28.5 -155.0 -108.5 485 491 -1
489 -45.0 -165.5 -195.5 486 492 -1
490 -70.0 -142.0 -104.5 487 493 -1
491 -28.0 -155.5 -108.0 488 494 -1
492 -45.5 -165.5 -196.0 489 495 -1
493 -70.5 -142.0 -104.5 490 496 -1
494 -28.0 -156.0 -108.0 491 497 -1
495 -45.5 -165.5 -196.5 492 498 -1
496 -71.0 -141.5 -104.0 493 499 -1
497 -28.0 -156.5 -108.0 494 500 -1
498 -45.5 -165.0 -197.0 495 501 -1
499 -71.5 -141.5 -104.0 496 502 -1
500 -27.5 -157.0 -107.5 497 503 -1
501 -46.0 -165.0 -197.5 498 504 -1
502 -72.0 -141.5 -103.5 499 505 -1
503 -27.5 -157.5 -107.0 500 506 -1
504 -46.0 -165.0 -198.0 501 507 -1
505 -72.5 -142.0 -103.0 502 508 -1
506 -27.0 -158.0 -106.5 503 509 -1
507 -46.5 -165.0 -198.5 504 510 -1
508 -73.0 -142.0 -103.0 505 511 -1
509 -26.5 -158.5 -106.0 506 512 -1
510 -46.5 -164.5 -199.0 507 513 -1
511 -73.5 -142.0 -103.0 508 514 -1
512 -26.5 -159.0 -105.5 509 515 -1
513 -47.0 -164.5 -199.5 510 516 -1
514 -74.0 -142.0 -102.5 511 517 -1
515 -26.0 -159.5 -105.0 512 518 -1
516 -47.0 -164.0 -200.0 513 519 -1
517 -74.5 -142.0 -102.0 514 520 -1
518 -26.0 -160.0 -104.5 515 521 -1
519 -47.5 -164.0 -200.5 516 522 -1
520 -75.0 -142.0 -101.5 517 523 -1
521 -25.5 -160.5 -104.0 518 524 -1
522 -48.0 -164.0 -201.0 519 525 -1
523 -75.5 -142.0 -101.0 520 526 -1
524 -25.0 -161.0 -103.5 521 527 -1
525 -48.0 -163.5 -201.5 522 528 -1
526 -75.5 -142.0 -100.5 523 529 -1
527 -24.5 -160.5 -103.5 524 530 -1
528 -48.0 -163.5 -202.0 525 531 -1
529 -76.0 -142.0 -100.0 526 532 -1
530 -24.0 -160.5 -103.0 527 533 -1
531 -48.0 -163.0 -202.5 528 534 -1
532 -76.0 -142.0 -99.5 529 535 -1
533 -23.5 -160.5 -103.0 530 536 -1
534 -48.5 -162.5 -203.0 531 537 -1
535 -76.0 -142.0 -99.0 532 538 -1
536 -23.0 -160.5 -102.5 533 539 -1
537 -48.5 -162.5 -203.5 534 540 -1
538 -76.0 -142.0 -98.5 535 541 -1
539 -22.5 -160.5 -102.0 536 542 -1
540 -49.0 -162.0 -204.0 537 543 -1
541 -76.5 -142.0 -98.0 538 544 -1
542 -22.0 -160.5 -102.0 539 545 -1
543 -49.0 -162.0 -204.5 540 546 -1
544 -77.0 -142.0 -98.0 541 547 -1
545 -21.5 -161.0 -101.5 542 548 -1
546 -49.0 -161.5 -205.0 543 549 -1
547 -77.5 -142.0 -98.0 544 550 -1
548 -21.0 -161.0 -101.5 545 551 -1
549 -49.5 -161.0 -205.5 546 552 -1
550 -78.0 -141.5 -97.5 547 553 -1
551 -20.5 -160.5 -101.5 548 554 -1
552 -49.5 -160.5 -206.0 549 555 -1
553 -78.5 -142.0 -97.0 550 556 557
554 -20.0 -160.0 -101.5 551 558 -1
555 -49.5 -160.5 -206.5 552 559 -1
556 -79.0 -142.5 -96.5 553 560 -1
557 -79.0 -141.5 -97.0 553 561 -1
558 -19.5 -160.0 -101.5 554 562 -1
559 -49.5 -160.0 -207.0 555 563 -1
560 -79.0 -143.0 -96.0 556 564 -1
561 -79.5 -141.5 -97.0 557 565 -1
562 -19.0 -159.5 -101.5 558 566 -1
563 -50.0 -159.5 -207.5 559 567 -1
564 -79.0 -143.5 -95.5 560 568 -1
565 -80.0 -141.0 -97.5 561 569 -1
566 -18.5 -159.5 -101.0 562 570 -1
567 -50.0 -159.0 -208.0 563 571 -1
568 -79.0 -144.0 -95.5 564 572 -1
569 -80.5 -141.0 -98.0 565 573 -1
570 -18.0 -159.5 -101.0 566 574 -1
571 -50.0 -159.0 -208.5 567 575 -1
572 -79.0 -144.5 -95.0 568 576 -1
573 -81.0 -140.5 -98.0 569 577 -1
574 -17.5 -159.0 -101.0 570 578 -1
575 -50.0 -158.5 -209.0 571 -1 -1
576 -79.5 -145.0 -94.5 572 579 -1
577 -81.5 -140.0 -98.0 573 580 -1
578 -17.0 -159.0 -101.0 574 581 -1
579 -79.5 -145.5 -94.0 576 582 -1
580 -82.0 -140.0 -98.5 577 583 -1
581 -16.5 -159.5 -100.5 578 584 -1
582 -79.5 -146.0 -94.0 579 585 -1
583 -82.5 -140.0 -98.5 580 586 -1
584 -16.0 -159.0 -100.5 581 587 -1
585 -79.5 -146.5 -93.5 582 588 -1
586 -83.0 -139.5 -98.5 583 589 -1
587 -15.5 -159.0 -100.5 584 590 -1
588 -79.5 -147.0 -93.0 585 591 -1
589 -83.5 -139.5 -98.5 586 592 -1
590 -15.0 -159.0 -100.5 587 593 -1
591 -79.5 -147.5 -92.5 588 594 -1
592 -84.0 -139.0 -99.0 589 595 -1
593 -14.5 -158.5 -100.5 590 596 -1
594 -80.0 -147.5 -92.0 591 597 -1
595 -84.5 -138.5 -99.5 592 598 -1
596 -14.0 -158.5 -100.5 593 599 -1
597 -80.0 -148.0 -91.5 594 600 -1
598 -85.0 -138.0 -99.5 595 601 -1
599 -13.5 -158.0 -100.0 596 602 -1
600 -80.0 -148.5 -91.0 597 603 -1
601 -85.5 -137.5 -100.0 598 604 -1
602 -13.0 -158.0 -100.0 599 605 -1
603 -80.0 -149.0 -90.5 600 606 -1
604 -86.0 -137.5 -100.5 601 607 -1
605 -12.5 -158.0 -100.0 602 608 -1
606 -80.0 -149.5 -90.0 603 609 -1
607 -86.5 -137.0 -100.5 604 610 -1
608 -12.0 -158.5 -100.0 605 611 -1
609 -80.0 -150.0 -89.5 606 612 -1
610 -87.0 -136.5 -100.5 607 613 -1
611 -11.5 -158.0 -99.5 608 614 -1
612 -79.5 -150.5 -89.5 609 615 -1
613 -87.5 -136.5 -100.5 610 616 -1
614 -11.0 -157.5 -99.5 611 617 -1
615 -79.5 -151.0 -89.5 612 618 -1
616 -88.0 -136.0 -101.0 613 619 -1
617 -10.5 -157.0 -99.0 614 620 -1
618 -79.5 -151.5 -89.0 615 621 -1
619 -88.5 -136.0 -101.5 616 622 -1
620 -10.5 -156.5 -98.5 617 623 -1
621 -79.5 -152.0 -88.5 618 624 -1
622 -89.0 -135.5 -101.5 619 625 -1
623 -11.0 -156.0 -98.5 620 626 -1
624 -79.0 -152.5 -88.5 621 627 -1
625 -89.5 -135.5 -101.5 622 628 -1
626 -11.0 -155.5 -98.5 623 629 -1
627 -79.0 -153.0 -88.0 624 630 -1
628 -90.0 -135.0 -102.0 625 631 -1
629 -11.5 -155.0 -98.0 626 632 -1
630 -78.5 -153.5 -88.0 627 633 -1
631 -90.5 -134.5 -102.5 628 634 -1
632 -11.5 -154.5 -98.0 629 635 -1
633 -78.0 -154.0 -88.0 630 636 -1
634 -91.0 -134.0 -102.5 631 637 -1
635 -12.0 -154.0 -98.0 632 638 -1
636 -78.0 -154.5 -87.5 633 639 -1
637 -91.5 -133.5 -102.5 634 640 -1
638 -12.0 -153.5 -98.0 635 641 -1
639 -78.0 -155.0 -87.0 636 642 -1
640 -92.0 -133.0 -103.0 637 643 -1
641 -12.0 -153.0 -97.5 638 644 -1
642 -78.0 -155.5 -86.5 639 645 -1
643 -92.5 -132.5 -103.5 640 646 -1
644 -12.5 -152.5 -97.5 641 647 -1
645 -77.5 -156.0 -86.0 642 648 -1
646 -93.0 -132.0 -103.5 643 649 -1
647 -13.0 -152.0 -97.5 644 650 -1
648 -77.5 -156.5 -86.0 645 651 -1
649 -93.5 -131.5 -104.0 646 652 -1
650 -13.5 -152.0 -97.5 647 653 -1
651 -77.5 -157.0 -85.5 648 654 -1
652 -94.0 -131.0 -104.0 649 655 -1
653 -14.0 -152.0 -97.5 650 656 -1
654 -77.0 -157.5 -85.5 651 657 -1
655 -94.5 -130.5 -104.0 652 658 -1
656 -14.5 -151.5 -97.0 653 659 -1
657 -76.5 -158.0 -85.5 654 660 -1
658 -95.0 -130.0 -104.5 655 661 -1
659 -15.0 -151.0 -97.0 656 662 -1
660 -76.0 -158.5 -85.5 657 663 -1
661 -95.5 -129.5 -104.5 658 664 -1
662 -15.5 -151.0 -97.0 659 665 -1
663 -76.0 -159.0 -85.0 660 666 -1
664 -96.0 -129.0 -105.0 661 667 -1
665 -16.0 -151.0 -96.5 662 668 -1
666 -75.5 -159.5 -85.0 663 669 -1
667 -96.5 -128.5 -105.0 664 670 -1
668 -16.5 -150.5 -96.0 665 671 -1
669 -75.0 -160.0 -85.0 666 672 -1
670 -97.0 -128.5 -105.0 667 673 -1
671 -16.5 -150.5 -95.5 668 674 -1
672 -75.0 -160.5 -84.5 669 675 -1
673 -97.5 -128.0 -105.0 670 676 -1
674 -17.0 -150.5 -95.0 671 677 -1
675 -74.5 -161.0 -84.5 672 678 -1
676 -98.0 -127.5 -105.0 673 679 -1
677 -17.0 -150.0 -94.5 674 680 -1
678 -74.5 -161.5 -84.0 675 681 -1
679 -98.5 -127.0 -105.0 676 682 -1
680 -17.5 -150.0 -94.0 677 683 -1
681 -74.5 -162.0 -83.5 678 684 -1
682 -98.5 -126.5 -105.0 679 685 -1
683 -17.5 -150.0 -93.5 680 686 -1
684 -74.5 -162.5 -83.5 681 687 -1
685 -99.0 -126.0 -105.0 682 688 -1
686 -18.0 -150.0 -93.0 683 689 -1
687 -74.0 -163.0 -83.5 684 690 -1
688 -99.5 -125.5 -105.0 685 691 -1
689 -17.5 -150.5 -92.5 686 692 -1
690 -74.0 -163.5 -83.0 687 693 -1
691 -100.0 -125.5 -105.0 688 694 -1
692 -18.0 -150.5 -92.0 689 695 -1
693 -74.0 -164.0 -82.5 690 696 -1
694 -100.5 -125.0 -104.5 691 697 -1
695 -18.0 -150.5 -91.5 692 698 -1
696 -73.5 -164.5 -82.5 693 699 -1
697 -101.0 -124.5 -104.5 694 700 -1
698 -18.0 -151.0 -91.0 695 701 -1
699 -73.0 -165.0 -82.0 696 702 -1
700 -101.5 -124.0 -104.0 697 703 -1
701 -18.0 -151.0 -90.5 698 704 -1
702 -72.5 -165.5 -81.5 699 705 -1
703 -101.5 -123.5 -104.0 700 706 -1
704 -18.0 -151.5 -90.0 701 707 -1
705 -72.5 -166.0 -81.0 702 708 -1
706 -102.0 -123.0 -103.5 703 709 -1
707 -18.5 -152.0 -89.5 704 710 -1
708 -72.0 -166.5 -80.5 705 711 -1
709 -102.5 -122.5 -103.5 706 712 -1
710 -18.0 -152.0 -89.0 707 713 -1
711 -71.5 -167.0 -80.5 708 714 -1
712 -103.0 -122.0 -103.0 709 -1 -1
713 -18.0 -152.5 -88.5 710 715 -1
714 -71.5 -167.5 -80.0 711 -1 -1
715 -17.5 -152.5 -88.0 713 716 -1
716 -17.0 -153.0 -87.5 715 717 -1
717 -16.5 -153.5 -87.0 716 718 -1
718 -16.0 -154.0 -86.5 717 719 -1
719 -15.5 -154.5 -86.0 718 720 -1
720 -15.0 -155.0 -85.5 719 721 -1
721 -14.5 -155.0 -85.5 720 722 -1
722 -14.0 -155.5 -85.5 721 723 -1
723 -13.5 -155.5 -85.5 722 724 -1
724 -13.0 -156.0 -85.5 723 725 -1
725 -12.5 -156.0 -85.5 724 726 -1
726 -12.0 -156.5 -85.0 725 727 -1
727 -11.5 -157.0 -85.5 726 728 -1
728 -11.0 -157.5 -85.0 727 729 -1
729 -10.5 -157.5 -85.5 728 730 -1
730 -10.0 -157.5 -85.5 729 731 -1
731 -9.5 -157.5 -85.5 730 732 -1
732 -9.0 -158.0 -85.5 731 733 -1
733 -8.5 -158.0 -85.5 732 734 -1
734 -8.0 -158.0 -86.0 733 735 -1
735 -7.5 -158.0 -86.0 734 736 -1
736 -7.0 -158.0 -86.0 735 737 -1
737 -6.5 -158.0 -86.5 736 738 -1
738 -6.0 -158.0 -86.5 737 739 -1
739 -5.5 -158.0 -87.0 738 740 -1
740 -5.0 -158.5 -87.5 739 741 -1
741 -4.5 -158.0 -87.5 740 742 -1
742 -4.0 -157.5 -87.5 741 743 -1
743 -3.5 -157.5 -88.0 742 744 -1
744 -3.5 -157.0 -88.5 743 745 -1
745 -3.0 -156.5 -89.0 744 746 -1
746 -2.5 -156.0 -89.0 745 747 -1
747 -2.5 -155.5 -89.0 746 748 -1
748 -2.5 -155.0 -89.0 747 749 -1
749 -2.0 -154.5 -89.0 748 750 -1
750 -2.0 -154.0 -89.0 749 751 -1
751 -2.0 -153.5 -89.0 750 752 -1
752 -1.5 -153.0 -89.0 751 753 -1
753 -1.5 -152.5 -89.0 752 754 -1
754 -1.5 -152.0 -88.5 753 755 -1
755 -1.5 -151.5 -88.5 754 756 -1
756 -1.5 -151.0 -88.5 755 757 -1
757 -1.5 -150.5 -88.0 756 758 -1
758 -1.5 -150.0 -88.0 757 759 -1
759 -1.5 -149.5 -87.5 758 760 -1
760 -2.0 -149.0 -87.5 759 761 -1
761 -2.0 -148.5 -87.5 760 762 -1
762 -2.5 -148.0 -87.0 761 763 -1
763 -2.5 -147.5 -87.0 762 764 -1
764 -3.0 -147.0 -86.5 763 765 -1
765 -3.5 -146.5 -86.0 764 766 -1
766 -4.0 -146.0 -85.5 765 767 -1
767 -4.0 -145.5 -85.5 766 768 -1
768 -4.5 -145.0 -85.0 767 769 -1
769 -5.0 -145.0 -84.5 768 770 -1
770 -5.5 -144.5 -84.5 769 771 -1
771 -6.0 -144.0 -84.0 770 772 -1
772 -6.5 -143.5 -83.5 771 773 -1
773 -7.0 -143.0 -83.0 772 774 -1
774 -7.5 -143.0 -83.0 773 775 -1
775 -8.0 -142.5 -82.5 774 776 -1
776 -8.5 -142.0 -82.0 775 777 -1
777 -9.0 -141.5 -82.0 776 778 -1
778 -9.5 -141.0 -81.5 777 779 -1
779 -10.0 -140.5 -81.5 778 780 -1
780 -10.5 -140.0 -81.0 779 781 -1
781 -10.5 -139.5 -80.5 780 782 -1
782 -11.0 -139.0 -80.5 781 783 -1
783 -11.5 -138.5 -80.0 782 784 -1
784 -12.0 -138.0 -80.0 783 785 -1
785 -12.5 -137.5 -80.0 784 786 -1
786 -12.5 -137.0 -79.5 785 787 -1
787 -13.0 -136.5 -79.5 786 788 -1
788 -13.0 -136.0 -79.0 787 789 -1
789 -13.5 -135.5 -79.0 788 790 -1
790 -14.0 -135.0 -79.0 789 791 -1
791 -14.0 -134.5 -78.5 790 792 -1
792 -14.0 -134.0 -78.5 791 793 -1
793 -14.0 -133.5 -78.5 792 794 -1
794 -14.5 -133.0 -78.0 793 795 -1
795 -15.0 -132.5 -77.5 794 796 -1
796 -15.0 -132.5 -77.0 795 797 -1
797 -15.0 -132.0 -76.5 796 798 -1
798 -15.0 -132.0 -76.0 797 799 -1
799 -15.0 -132.0 -75.5 798 800 -1
800 -14.5 -131.5 -75.0 799 801 -1
801 -15.0 -132.0 -74.5 800 802 -1
802 -15.0 -132.0 -74.0 801 803 -1
803 -15.0 -132.0 -73.5 802 804 -1
804 -15.0 -131.5 -73.0 803 805 -1
805 -15.5 -132.0 -72.5 804 -1 -1
