0 -2.0 -179.5 1302.5 -1 1 -1
1 -2.0 -179.5 1303.0 0 2 -1
2 -1.5 -179.5 1303.5 1 3 -1
3 -1.5 -179.0 1304.0 2 4 -1
4 -1.5 -179.0 1304.5 3 5 -1
5 -1.5 -178.5 1305.0 4 6 -1
6 -1.0 -179.0 1305.5 5 7 -1
7 -1.0 -178.5 1306.0 6 8 -1
8 -1.0 -178.0 1306.5 7 9 -1
9 -1.0 -178.0 1307.0 8 10 -1
10 -0.5 -178.0 1307.5 9 11 -1
11 -0.5 -178.0 1308.0 10 12 -1
12 -0.5 -177.5 1308.5 11 13 -1
13 -0.5 -177.5 1309.0 12 14 -1
14 -0.5 -177.0 1309.5 13 15 -1
15 0.0 -177.0 1310.0 14 16 -1
16 -0.5 -176.5 1310.5 15 17 -1
17 0.0 -176.5 1311.0 16 18 -1
18 0.0 -176.0 1311.5 17 19 -1
19 0.0 -176.0 1312.0 18 20 -1
20 0.0 -175.5 1312.5 19 21 -1
21 0.5 -175.5 1313.0 20 22 -1
22 0.5 -175.0 1313.5 21 23 -1
23 0.5 -175.0 1314.0 22 24 -1
24 0.5 -174.5 1314.5 23 25 -1
25 0.5 -174.0 1315.0 24 26 -1
26 1.0 -174.0 1315.5 25 27 -1
27 1.0 -173.5 1316.0 26 28 -1
28 1.0 -173.5 1316.5 27 29 -1
29 1.0 -173.0 1317.0 28 30 -1
30 1.0 -173.0 1317.5 29 31 -1
31 1.0 -172.5 1318.0 30 32 -1
32 1.0 -172.0 1318.5 31 33 -1
33 1.0 -172.0 1319.0 32 34 -1
34 1.5 -172.0 1319.5 33 35 -1
35 1.5 -171.5 1320.0 34 36 -1
36 1.5 -171.5 1320.5 35 37 -1
37 1.0 -171.0 1321.0 36 38 -1
38 1.5 -170.5 1321.5 37 39 -1
39 1.5 -170.5 1322.0 38 40 -1
40 1.5 -170.0 1322.5 39 41 -1
41 1.0 -170.0 1323.0 40 42 43
42 1.5 -169.5 1323.5 41 44 -1
43 0.5 -169.0 1323.5 41 45 -1
44 2.0 -169.5 1323.5 42 46 -1
45 0.0 -168.5 1324.0 43 47 -1
46 2.5 -169.5 1324.0 44 48 -1
47 0.0 -168.5 1324.5 45 49 -1
48 3.0 -169.5 1324.0 46 50 -1
49 -0.5 -168.0 1325.0 47 51 -1
50 3.5 -169.5 1324.0 48 52 -1
51 -0.5 -167.5 1325.0 49 53 -1
52 4.0 -170.0 1324.0 50 54 -1
53 -1.0 -167.0 1325.5 51 55 -1
54 4.5 -170.0 1324.0 52 56 -1
55 -1.5 -167.0 1326.0 53 57 -1
56 5.0 -170.0 1324.0 54 58 -1
57 -1.5 -166.5 1326.5 55 59 -1
58 5.5 -170.0 1324.5 56 60 -1
59 -2.0 -166.0 1327.0 57 61 -1
60 6.0 -170.0 1324.5 58 62 -1
61 -2.5 -166.5 1327.0 59 63 -1
62 6.5 -170.5 1324.5 60 64 -1
63 -3.0 -166.0 1327.5 61 65 -1
64 7.0 -170.5 1324.5 62 66 -1
65 -3.0 -165.5 1327.5 63 67 -1
66 7.5 -170.5 1324.5 64 68 -1
67 -3.5 -165.0 1328.0 65 69 -1
68 8.0 -170.5 1324.5 66 70 -1
69 -4.0 -165.0 1328.5 67 71 -1
70 8.5 -171.0 1324.5 68 72 -1
71 -4.5 -164.5 1329.0 69 73 -1
72 9.0 -170.5 1325.0 70 74 -1
73 -5.0 -164.0 1329.5 71 75 -1
74 9.5 -171.0 1325.0 72 76 -1
75 -5.5 -163.5 1330.0 73 77 -1
76 10.0 -171.0 1325.0 74 78 -1
77 -6.0 -163.0 1330.5 75 79 -1
78 10.5 -171.0 1325.0 76 80 -1
79 -6.5 -163.0 1331.0 77 81 -1
80 11.0 -171.0 1325.0 78 82 -1
81 -6.5 -162.5 1331.5 79 83 -1
82 11.5 -171.0 1325.5 80 84 -1
83 -7.0 -162.0 1332.0 81 85 -1
84 12.0 -171.0 1325.5 82 86 -1
85 -7.5 -161.5 1332.5 83 87 -1
86 12.5 -171.0 1325.5 84 88 -1
87 -8.0 -161.5 1333.0 85 89 -1
88 13.0 -171.5 1325.5 86 90 -1
89 -8.5 -161.0 1333.5 87 91 -1
90 13.5 -172.0 1325.5 88 92 -1
91 -8.5 -160.5 1334.0 89 93 94
92 14.0 -172.0 1325.5 90 95 -1
93 -9.0 -160.5 1334.5 91 96 -1
94 -8.0 -160.0 1334.5 91 97 -1
95 14.5 -171.5 1326.0 92 98 -1
96 -9.5 -160.5 1335.0 93 99 -1
97 -8.0 -159.5 1335.0 94 100 -1
98 15.0 -172.0 1326.0 95 101 -1
99 -10.0 -160.0 1335.5 96 102 -1
100 -8.0 -159.0 1335.0 97 103 -1
101 15.5 -172.0 1326.0 98 104 -1
102 -10.5 -160.0 1336.0 99 105 -1
103 -8.0 -158.5 1335.5 100 106 -1
104 16.0 -172.0 1326.0 101 107 -1
105 -11.0 -160.0 1336.5 102 108 -1
106 -8.0 -158.5 1336.0 103 109 -1
107 16.5 -172.5 1326.0 104 110 -1
108 -11.5 -160.0 1337.0 105 111 -1
109 -8.0 -158.0 1336.5 106 112 -1
110 17.0 -172.5 1326.0 107 113 -1
111 -12.0 -160.0 1337.0 108 114 -1
112 -7.5 -158.0 1337.0 109 115 -1
113 17.5 -172.5 1326.0 110 116 -1
114 -12.5 -160.0 1337.5 111 117 -1
115 -7.0 -158.0 1337.0 112 118 -1
116 18.0 -172.5 1326.0 113 119 -1
117 -13.0 -160.0 1337.5 114 120 -1
118 -6.5 -157.5 1337.5 115 121 -1
119 18.5 -172.5 1326.0 116 122 -1
120 -13.5 -160.0 1338.0 117 123 -1
121 -6.0 -157.5 1338.0 118 124 -1
122 19.0 -173.0 1326.0 119 125 -1
123 -14.0 -160.0 1338.5 120 126 -1
124 -5.5 -157.0 1338.5 121 127 -1
125 19.5 -173.0 1326.0 122 128 -1
126 -14.5 -160.0 1339.0 123 129 -1
127 -5.0 -157.0 1339.0 124 130 -1
128 20.0 -173.0 1326.0 125 131 -1
129 -15.0 -159.5 1339.5 126 132 -1
130 -4.5 -157.0 1339.0 127 133 -1
131 20.5 -173.0 1326.0 128 134 -1
132 -15.5 -159.5 1340.0 129 135 -1
133 -4.0 -156.5 1339.5 130 136 -1
134 21.0 -173.0 1326.0 131 137 -1
135 -16.0 -159.5 1340.5 132 138 -1
136 -3.5 -156.5 1339.5 133 139 -1
137 21.5 -173.0 1326.0 134 140 -1
138 -16.5 -159.0 1341.0 135 141 -1
139 -3.0 -156.0 1340.0 136 142 -1
140 22.0 -173.0 1326.0 137 143 -1
141 -17.0 -159.0 1341.5 138 144 -1
142 -2.5 -155.5 1340.5 139 145 -1
143 22.5 -173.5 1326.0 140 146 -1
144 -17.5 -159.0 1342.0 141 147 -1
145 -2.0 -155.5 1341.0 142 148 -1
146 23.0 -173.5 1326.0 143 149 -1
147 -18.0 -158.5 1342.0 144 150 -1
148 -1.5 -155.0 1341.5 145 151 -1
149 23.5 -173.5 1326.0 146 152 -1
150 -18.5 -158.5 1342.5 147 153 -1
151 -1.0 -154.5 1342.0 148 154 -1
152 24.0 -173.5 1326.0 149 155 -1
153 -19.0 -158.5 1343.0 150 156 -1
154 -0.5 -154.0 1342.5 151 157 -1
155 24.5 -173.5 1326.0 152 158 -1
156 -19.5 -158.0 1343.5 153 159 -1
157 0.0 -154.0 1343.0 154 160 -1
158 25.0 -173.5 1326.0 155 161 -1
159 -20.0 -158.0 1344.0 156 162 -1
160 0.5 -153.5 1343.5 157 163 -1
161 25.5 -173.5 1325.5 158 164 -1
162 -20.5 -158.0 1344.5 159 165 -1
163 0.5 -153.0 1344.0 160 166 -1
164 26.0 -173.5 1325.5 161 167 -1
165 -21.0 -157.5 1345.0 162 168 -1
166 1.0 -153.0 1344.5 163 169 -1
167 26.5 -173.5 1325.5 164 170 -1
168 -21.5 -157.5 1345.5 165 171 -1
169 1.5 -152.5 1345.0 166 172 -1
170 27.0 -173.5 1325.5 167 173 -1
171 -22.0 -157.0 1346.0 168 174 -1
172 2.0 -152.5 1345.5 169 175 -1
173 27.5 -173.0 1326.0 170 176 -1
174 -22.5 -157.0 1346.5 171 177 -1
175 2.0 -152.5 1346.0 172 178 -1
176 28.0 -173.0 1325.5 173 179 -1
177 -23.0 -156.5 1347.0 174 180 -1
178 2.5 -152.5 1346.5 175 181 -1
179 28.5 -173.0 1325.5 176 182 -1
180 -23.5 -156.5 1347.5 177 183 -1
181 3.0 -152.0 1347.0 178 184 -1
182 29.0 -173.0 1325.5 179 185 -1
183 -23.5 -156.5 1348.0 180 186 -1
184 3.5 -152.0 1347.5 181 187 -1
185 29.5 -172.5 1325.5 182 188 -1
186 -24.0 -156.0 1348.5 183 189 -1
187 4.0 -152.5 1348.0 184 190 -1
188 30.0 -172.5 1325.5 185 191 -1
189 -24.5 -155.5 1348.5 186 192 -1
190 4.5 -152.5 1348.5 187 193 -1
191 30.5 -172.0 1325.5 188 194 -1
192 -25.0 -155.5 1349.0 189 195 -1
193 5.0 -153.0 1349.0 190 196 -1
194 31.0 -172.0 1325.5 191 197 -1
195 -25.5 -155.0 1349.5 192 198 -1
196 5.5 -153.5 1349.5 193 199 -1
197 31.5 -172.0 1325.0 194 200 -1
198 -26.0 -154.5 1350.0 195 201 -1
199 6.0 -154.0 1350.0 196 202 -1
200 32.0 -172.0 1325.0 197 203 -1
201 -26.5 -154.0 1350.5 198 204 -1
202 6.5 -154.5 1350.5 199 205 -1
203 32.5 -172.0 1324.5 200 206 -1
204 -27.0 -154.0 1351.0 201 207 -1
205 6.5 -155.0 1350.5 202 208 -1
206 33.0 -171.5 1325.0 203 209 -1
207 -27.0 -154.0 1351.5 204 210 -1
208 7.0 -155.5 1350.5 205 211 -1
209 33.5 -171.0 1325.0 206 212 -1
210 -27.5 -153.5 1352.0 207 213 -1
211 7.0 -156.0 1351.0 208 214 -1
212 34.0 -170.5 1325.0 209 215 -1
213 -28.0 -153.0 1352.5 210 216 -1
214 7.5 -156.5 1351.0 211 217 -1
215 34.5 -170.5 1324.5 212 218 -1
216 -28.5 -152.5 1353.0 213 219 -1
217 7.5 -157.0 1351.5 214 220 -1
218 35.0 -170.0 1324.5 215 221 -1
219 -29.0 -152.5 1353.5 216 222 -1
220 8.0 -157.5 1351.5 217 223 -1
221 35.5 -169.5 1324.5 218 224 -1
222 -29.5 -152.0 1354.0 219 225 -1
223 8.0 -158.0 1351.5 220 226 -1
224 36.0 -169.0 1324.5 221 227 -1
225 -30.0 -151.5 1354.5 222 228 -1
226 8.0 -158.5 1351.5 223 229 -1
227 36.5 -168.5 1324.5 224 230 -1
228 -30.5 -151.0 1355.0 225 231 -1
229 8.5 -159.0 1351.5 226 232 -1
230 37.0 -168.0 1324.5 227 233 -1
231 -30.5 -150.5 1355.5 228 234 -1
232 8.5 -159.5 1351.5 229 235 -1
233 37.5 -167.5 1324.5 230 236 -1
234 -31.0 -150.5 1356.0 231 237 -1
235 8.5 -160.0 1351.5 232 238 -1
236 38.0 -167.0 1324.5 233 239 -1
237 -31.5 -150.0 1356.5 234 240 -1
238 8.5 -160.5 1351.5 235 241 -1
239 38.0 -166.5 1324.5 236 242 -1
240 -32.0 -150.0 1357.0 237 243 -1
241 9.0 -161.0 1351.5 238 244 -1
242 38.5 -166.0 1324.5 239 245 -1
243 -32.5 -149.5 1357.5 240 246 -1
244 9.0 -161.5 1351.5 241 247 -1
245 39.0 -165.5 1324.5 242 248 -1
246 -33.0 -149.5 1358.0 243 249 -1
247 9.0 -162.0 1351.5 244 250 -1
248 39.5 -165.0 1324.5 245 251 -1
249 -33.0 -149.5 1358.5 246 252 -1
250 9.0 -162.5 1351.5 247 253 -1
251 40.0 -164.5 1324.5 248 254 -1
252 -33.5 -149.0 1359.0 249 255 -1
253 9.5 -163.0 1351.5 250 256 -1
254 40.0 -164.0 1324.5 251 257 -1
255 -34.0 -149.0 1359.5 252 258 -1
256 9.5 -163.5 1351.5 253 259 -1
257 40.5 -163.5 1324.5 254 260 -1
258 -34.5 -148.5 1360.0 255 261 -1
259 9.5 -164.0 1351.5 256 262 -1
260 40.5 -163.0 1324.5 257 263 -1
261 -35.0 -148.5 1360.5 258 264 265
262 9.5 -164.5 1351.5 259 266 -1
263 40.5 -162.5 1325.0 260 267 -1
264 -35.5 -148.0 1360.5 261 268 -1
265 -35.0 -149.0 1361.0 261 269 -1
266 9.5 -165.0 1351.5 262 270 -1
267 41.0 -162.0 1325.0 263 271 -1
268 -35.5 -147.5 1360.5 264 272 -1
269 -35.0 -149.0 1361.5 265 273 -1
270 9.5 -165.5 1351.0 266 274 -1
271 41.0 -161.5 1325.0 267 275 -1
272 -36.0 -147.0 1360.5 268 276 -1
273 -35.0 -149.5 1362.0 269 277 -1
274 9.5 -166.0 1351.0 270 278 -1
275 41.0 -161.0 1325.0 271 279 -1
276 -36.5 -146.5 1361.0 272 280 -1
277 -35.0 -149.5 1362.5 273 281 -1
278 9.5 -166.5 1351.0 274 282 -1
279 41.5 -160.5 1325.0 275 283 -1
280 -37.0 -146.0 1361.0 276 284 -1
281 -35.0 -150.0 1363.0 277 285 -1
282 10.0 -167.0 1351.0 278 286 -1
283 42.0 -160.0 1325.0 279 287 -1
284 -37.5 -145.5 1361.5 280 288 -1
285 -35.0 -150.5 1363.5 281 289 -1
286 10.0 -167.5 1351.0 282 290 -1
287 42.0 -159.5 1325.0 283 291 -1
288 -38.0 -145.0 1361.5 284 292 -1
289 -35.5 -150.5 1364.0 285 293 -1
290 10.0 -168.0 1351.0 286 294 -1
291 42.5 -159.0 1325.0 287 295 -1
292 -38.5 -144.5 1361.5 288 296 -1
293 -35.5 -150.5 1364.5 289 297 -1
294 10.0 -168.5 1351.0 290 -1 -1
295 42.0 -158.5 1325.5 291 298 -1
296 -39.0 -144.0 1362.0 292 299 -1
297 -36.0 -150.5 1365.0 293 300 -1
298 42.5 -158.0 1325.5 295 301 -1
299 -39.5 -143.5 1362.5 296 302 -1
300 -35.5 -151.0 1365.5 297 303 -1
301 42.5 -157.5 1325.5 298 304 -1
302 -40.0 -143.0 1362.5 299 305 -1
303 -35.5 -151.0 1366.0 300 306 -1
304 42.5 -157.0 1325.5 301 307 -1
305 -40.5 -143.0 1362.5 302 308 -1
306 -36.0 -151.0 1366.5 303 309 -1
307 43.0 -156.5 1326.0 304 310 -1
308 -41.0 -142.5 1362.5 305 311 -1
309 -36.0 -151.0 1367.0 306 312 -1
310 43.0 -156.0 1326.0 307 313 -1
311 -41.5 -142.5 1363.0 308 314 -1
312 -36.0 -151.5 1367.5 309 315 -1
313 43.0 -155.5 1326.0 310 316 -1
314 -42.0 -142.0 1363.0 311 317 -1
315 -36.0 -151.5 1368.0 312 318 -1
316 43.5 -155.0 1326.0 313 319 -1
317 -42.5 -141.5 1363.0 314 320 -1
318 -35.5 -152.0 1368.5 315 321 -1
319 43.5 -154.5 1326.0 316 322 -1
320 -43.0 -141.5 1363.5 317 323 -1
321 -35.5 -152.0 1369.0 318 324 -1
322 43.5 -154.0 1326.0 319 325 -1
323 -43.5 -141.0 1363.5 320 326 -1
324 -35.5 -152.0 1369.5 321 327 -1
325 43.5 -153.5 1326.0 322 328 -1
326 -44.0 -141.0 1364.0 323 329 -1
327 -35.5 -152.5 1370.0 324 330 -1
328 43.5 -153.0 1326.0 325 331 -1
329 -44.5 -141.0 1364.0 326 332 -1
330 -35.5 -152.5 1370.5 327 333 -1
331 43.5 -152.5 1326.0 328 334 -1
332 -45.0 -140.5 1364.0 329 335 -1
333 -35.5 -152.5 1371.0 330 336 -1
334 44.0 -152.0 1326.0 331 337 -1
335 -45.5 -140.5 1364.0 332 338 -1
336 -35.5 -152.5 1371.5 333 339 -1
337 44.0 -151.5 1326.5 334 340 -1
338 -46.0 -140.5 1364.5 335 341 -1
339 -35.0 -152.5 1372.0 336 342 -1
340 44.0 -151.0 1326.5 337 343 -1
341 -46.5 -140.5 1364.5 338 344 -1
342 -35.0 -152.5 1372.5 339 345 -1
343 44.0 -150.5 1326.5 340 346 -1
344 -47.0 -140.0 1364.5 341 347 -1
345 -35.0 -152.5 1373.0 342 348 -1
346 44.5 -150.0 1326.5 343 349 -1
347 -47.5 -140.0 1365.0 344 350 -1
348 -35.0 -152.5 1373.5 345 351 -1
349 44.5 -149.5 1326.5 346 352 -1
350 -48.0 -140.0 1365.0 347 353 -1
351 -35.0 -152.5 1374.0 348 354 -1
352 44.5 -149.0 1326.5 349 355 -1
353 -48.5 -139.5 1365.0 350 356 -1
354 -34.5 -152.5 1374.5 351 357 -1
355 44.5 -148.5 1326.5 352 358 -1
356 -49.0 -139.5 1365.0 353 359 -1
357 -34.5 -152.5 1375.0 354 360 -1
358 45.0 -148.0 1326.5 355 361 -1
359 -49.5 -139.5 1365.5 356 362 -1
360 -34.5 -152.5 1375.5 357 363 -1
361 45.0 -147.5 1326.5 358 364 -1
362 -50.0 -139.5 1365.5 359 365 -1
363 -34.5 -152.5 1376.0 360 366 -1
364 45.0 -147.0 1326.5 361 367 -1
365 -50.5 -139.0 1365.5 362 368 -1
366 -34.5 -153.0 1376.5 363 369 -1
367 45.5 -146.5 1326.5 364 370 -1
368 -51.0 -139.0 1366.0 365 371 -1
369 -34.5 -153.0 1377.0 366 372 -1
370 45.5 -146.0 1326.5 367 373 -1
371 -51.5 -139.0 1366.0 368 374 -1
372 -34.5 -153.0 1377.5 369 375 -1
373 45.5 -145.5 1326.5 370 376 -1
374 -52.0 -139.0 1366.0 371 377 -1
375 -34.5 -153.0 1378.0 372 378 -1
376 45.5 -145.0 1327.0 373 379 -1
377 -52.5 -139.0 1366.5 374 380 -1
378 -34.5 -153.0 1378.5 375 381 -1
379 45.5 -144.5 1327.0 376 382 -1
380 -53.0 -138.5 1366.0 377 383 -1
381 -34.5 -153.0 1379.0 378 384 -1
382 46.0 -144.0 1327.0 379 385 -1
383 -53.5 -138.5 1366.0 380 386 -1
384 -34.0 -152.5 1379.5 381 387 -1
385 46.0 -143.5 1327.0 382 388 -1
386 -54.0 -138.5 1366.5 383 389 -1
387 -34.0 -152.5 1380.0 384 390 -1
388 46.0 -143.0 1327.0 385 391 -1
389 -54.5 -138.5 1367.0 386 392 -1
390 -33.5 -153.0 1380.5 387 393 -1
391 46.5 -142.5 1327.0 388 394 -1
392 -55.0 -138.5 1367.0 389 395 -1
393 -33.5 -153.0 1381.0 390 396 -1
394 46.5 -142.0 1327.0 391 397 -1
395 -55.5 -138.5 1367.5 392 398 -1
396 -33.5 -153.0 1381.5 393 399 -1
397 47.0 -141.5 1327.0 394 400 -1
398 -56.0 -138.5 1368.0 395 -1 -1
399 -33.5 -153.0 1382.0 396 401 -1
400 47.5 -141.0 1327.0 397 402 -1
401 -33.0 -152.5 1382.5 399 403 -1
402 47.0 -140.5 1327.5 400 404 -1
403 -33.0 -152.5 1383.0 401 405 -1
404 47.5 -140.0 1327.5 402 406 -1
405 -33.0 -153.0 1383.5 403 407 -1
406 48.0 -139.5 1327.0 404 408 -1
407 -33.0 -153.0 1384.0 405 409 -1
408 48.5 -139.0 1327.0 406 410 -1
409 -33.0 -153.0 1384.5 407 411 -1
410 49.0 -138.5 1327.0 408 412 -1
411 -33.0 -153.0 1385.0 409 413 -1
412 49.0 -138.0 1327.0 410 414 -1
413 -32.5 -153.0 1385.5 411 415 -1
414 49.5 -137.5 1327.0 412 416 -1
415 -32.5 -153.0 1386.0 413 417 -1
416 49.5 -137.0 1327.0 414 418 -1
417 -32.5 -153.0 1386.5 415 419 -1
418 50.0 -136.5 1327.0 416 420 -1
419 -32.5 -153.0 1387.0 417 421 -1
420 50.5 -136.0 1327.0 418 422 -1
421 -32.0 -153.0 1387.5 419 -1 -1
422 50.5 -135.5 1327.0 420 423 -1
423 51.0 -135.0 1327.0 422 424 -1
424 51.5 -134.5 1327.0 423 425 -1
425 51.5 -134.0 1327.0 424 426 -1
426 52.0 -133.5 1327.0 425 427 -1
427 52.5 -133.0 1327.0 426 428 -1
428 52.5 -132.5 1327.0 427 429 -1
429 53.0 -132.0 1327.0 428 430 -1
430 53.5 -131.5 1327.0 429 431 -1
431 54.0 -131.0 1326.5 430 432 -1
432 54.5 -130.5 1326.5 431 433 -1
433 55.0 -130.0 1326.5 432 434 -1
434 55.5 -129.5 1326.5 433 435 -1
435 56.0 -129.0 1326.0 434 436 -1
436 56.5 -128.5 1326.0 435 437 -1
437 57.0 -128.0 1326.0 436 438 -1
438 57.5 -127.5 1326.0 437 439 -1
439 58.0 -127.0 1325.5 438 440 -1
440 58.5 -127.0 1325.0 439 441 -1
441 59.0 -126.5 1325.0 440 442 -1
442 59.5 -126.5 1324.5 441 443 -1
443 60.0 -126.0 1324.0 442 444 -1
444 60.5 -126.0 1323.5 443 445 -1
445 61.0 -125.5 1323.0 444 446 -1
446 61.5 -125.5 1322.5 445 447 -1
447 62.0 -125.0 1322.5 446 448 -1
448 62.5 -125.0 1322.0 447 449 -1
449 63.0 -125.0 1321.5 448 450 -1
450 63.5 -124.5 1321.0 449 451 -1
451 64.0 -124.0 1321.0 450 452 -1
452 64.5 -124.0 1320.5 451 453 -1
453 65.0 -123.5 1320.5 452 454 -1
454 65.5 -123.5 1320.0 453 455 -1
455 65.5 -123.5 1319.5 454 456 -1
456 66.0 -123.5 1319.0 455 457 -1
457 66.5 -123.5 1319.0 456 458 -1
458 67.0 -123.0 1318.5 457 459 -1
459 67.5 -123.0 1318.5 458 460 -1
460 68.0 -123.0 1318.0 459 461 -1
461 68.5 -123.0 1317.5 460 462 -1
462 68.5 -123.5 1317.0 461 463 -1
463 69.0 -124.0 1316.5 462 464 -1
464 69.5 -124.5 1316.0 463 -1 -1
