0 23.5 -122.5 -249.0 -1 1 -1
1 23.0 -122.0 -249.0 0 2 -1
2 23.0 -121.5 -248.5 1 3 -1
3 22.5 -121.0 -248.0 2 4 -1
4 22.0 -120.5 -248.0 3 5 -1
5 21.5 -120.5 -248.0 4 6 -1
6 21.0 -120.0 -247.5 5 7 -1
7 20.5 -119.5 -247.5 6 8 -1
8 20.5 -119.0 -247.5 7 9 -1
9 20.0 -118.5 -247.5 8 10 -1
10 19.5 -118.5 -247.0 9 11 -1
11 19.0 -118.0 -247.0 10 12 -1
12 18.5 -117.5 -247.0 11 13 -1
13 18.0 -117.0 -247.0 12 14 -1
14 17.5 -117.0 -247.0 13 15 -1
15 17.0 -117.0 -247.0 14 16 -1
16 16.5 -116.5 -247.0 15 17 -1
17 16.0 -116.5 -246.5 16 18 -1
18 15.5 -116.0 -247.0 17 19 -1
19 15.0 -116.0 -246.5 18 20 -1
20 14.5 -116.0 -246.5 19 21 -1
21 14.0 -116.0 -246.0 20 22 -1
22 13.5 -115.5 -246.5 21 23 -1
23 13.0 -116.0 -246.0 22 24 -1
24 12.5 -115.5 -246.5 23 25 -1
25 12.0 -115.5 -246.0 24 26 -1
26 11.5 -115.5 -246.0 25 27 -1
27 11.0 -115.5 -246.0 26 28 -1
28 10.5 -115.5 -245.5 27 29 -1
29 10.0 -115.5 -245.5 28 30 -1
30 9.5 -115.5 -245.5 29 31 -1
31 9.0 -116.0 -245.5 30 32 -1
32 8.5 -116.0 -245.5 31 33 -1
33 8.0 -116.0 -245.5 32 34 -1
34 7.5 -116.0 -245.5 33 35 -1
35 7.0 -116.5 -245.5 34 36 -1
36 6.5 -116.5 -245.5 35 37 -1
37 6.0 -116.5 -245.0 36 38 -1
38 5.5 -117.0 -245.0 37 39 -1
39 5.0 -117.5 -245.0 38 40 -1
40 4.5 -118.0 -245.0 39 41 -1
41 4.0 -118.0 -245.0 40 42 -1
42 3.5 -118.5 -245.0 41 43 -1
43 3.0 -119.0 -244.5 42 44 -1
44 2.5 -119.5 -244.5 43 45 -1
45 2.5 -120.0 -244.5 44 46 -1
46 2.0 -120.5 -244.5 45 47 -1
47 1.5 -121.0 -244.0 46 48 -1
48 1.0 -121.5 -244.0 47 49 -1
49 1.0 -122.0 -243.5 48 50 -1
50 0.5 -122.5 -243.5 49 51 -1
51 0.5 -123.0 -243.0 50 52 -1
52 0.0 -123.5 -243.0 51 53 -1
53 0.0 -124.0 -243.0 52 54 -1
54 -0.5 -124.5 -243.0 53 55 -1
55 -0.5 -125.0 -243.0 54 56 -1
56 -0.5 -125.5 -242.5 55 57 -1
57 -0.5 -126.0 -242.5 56 58 -1
58 -0.5 -126.5 -242.5 57 59 -1
59 -0.5 -127.0 -242.5 58 60 -1
60 -0.5 -127.5 -242.5 59 61 -1
61 -0.5 -128.0 -242.0 60 62 -1
62 -1.0 -128.5 -242.0 61 63 -1
63 -1.0 -129.0 -242.0 62 64 -1
64 -1.0 -129.5 -241.5 63 65 -1
65 -1.5 -130.0 -241.5 64 66 -1
66 -1.5 -130.5 -241.5 65 67 -1
67 -1.5 -131.0 -241.5 66 68 -1
68 -1.5 -131.5 -241.0 67 69 -1
69 -1.5 -132.0 -241.0 68 70 -1
70 -1.5 -132.5 -241.0 69 71 -1
71 -1.5 -133.0 -240.5 70 72 -1
72 -1.5 -133.5 -240.5 71 73 -1
73 -2.0 -134.0 -241.0 72 74 -1
74 -2.0 -134.5 -240.5 73 75 -1
75 -2.0 -135.0 -240.5 74 76 -1
76 -2.0 -135.5 -240.5 75 77 -1
77 -2.0 -136.0 -240.0 76 78 -1
78 -2.0 -136.5 -240.0 77 79 -1
79 -2.0 -137.0 -240.0 78 80 -1
80 -2.0 -137.5 -240.0 79 81 -1
81 -2.5 -138.0 -240.0 80 82 -1
82 -2.0 -138.5 -239.5 81 83 -1
83 -2.0 -139.0 -239.5 82 84 -1
84 -2.5 -139.5 -239.5 83 85 -1
85 -2.5 -140.0 -239.5 84 86 -1
86 -2.5 -140.5 -239.5 85 87 -1
87 -2.5 -141.0 -239.5 86 88 -1
88 -2.5 -141.5 -239.0 87 89 -1
89 -2.5 -142.0 -239.0 88 90 -1
90 -2.5 -142.5 -239.0 89 91 -1
91 -2.5 -143.0 -239.0 90 92 -1
92 -2.0 -143.5 -239.0 91 93 -1
93 -2.0 -144.0 -239.0 92 94 -1
94 -2.0 -144.5 -239.0 93 95 -1
95 -2.0 -145.0 -239.5 94 96 -1
96 -2.0 -145.5 -239.5 95 97 -1
97 -2.5 -146.0 -239.5 96 98 -1
98 -2.5 -146.5 -239.5 97 99 -1
99 -2.5 -147.0 -239.5 98 100 -1
100 -2.5 -147.5 -239.5 99 101 -1
101 -2.0 -148.0 -239.5 100 102 -1
102 -2.0 -148.5 -239.5 101 103 -1
103 -1.5 -149.0 -239.0 102 104 -1
104 -2.0 -149.5 -239.5 103 105 -1
105 -2.0 -150.0 -240.0 104 106 -1
106 -2.0 -150.5 -240.0 105 107 -1
107 -1.5 -151.0 -240.0 106 108 -1
108 -1.0 -151.0 -239.5 107 109 -1
109 -0.5 -152.0 -240.0 108 110 -1
110 0.0 -152.5 -240.0 109 111 -1
111 0.0 -153.0 -240.5 110 112 -1
112 0.0 -153.5 -241.0 111 113 -1
113 0.5 -154.0 -241.5 112 114 -1
114 1.0 -154.5 -242.0 113 115 -1
115 1.0 -155.0 -242.5 114 116 -1
116 1.0 -155.5 -242.5 115 117 -1
117 1.0 -156.0 -243.0 116 118 -1
118 1.0 -156.5 -243.5 117 119 -1
119 1.5 -156.5 -244.0 118 120 -1
120 1.5 -157.0 -244.5 119 121 -1
121 1.5 -157.5 -245.0 120 122 -1
122 1.5 -157.5 -245.5 121 123 -1
123 1.5 -158.0 -246.0 122 124 -1
124 1.0 -158.5 -246.5 123 125 -1
125 1.5 -158.5 -247.0 124 126 -1
126 1.5 -159.0 -247.5 125 127 -1
127 1.0 -159.5 -247.5 126 128 129
128 0.5 -159.5 -247.5 127 130 -1
129 1.5 -159.0 -248.5 127 131 -1
130 0.0 -160.0 -247.5 128 132 -1
131 1.5 -159.0 -249.0 129 133 -1
132 -0.5 -160.5 -247.5 130 134 -1
133 1.5 -159.0 -249.5 131 135 -1
134 -1.0 -160.5 -247.0 132 136 -1
135 1.5 -159.5 -250.0 133 137 -1
136 -1.5 -160.5 -246.5 134 -1 -1
137 1.5 -159.5 -250.5 135 138 -1
138 1.0 -160.0 -251.0 137 139 -1
139 1.0 -160.0 -251.5 138 140 -1
140 1.0 -160.5 -252.0 139 141 -1
141 1.0 -160.5 -252.5 140 142 -1
142 1.0 -160.5 -253.0 141 143 -1
143 1.0 -160.5 -253.5 142 144 -1
144 0.5 -161.0 -254.0 143 145 146
145 0.0 -161.5 -254.5 144 147 -1
146 1.0 -160.0 -254.5 144 148 -1
147 -0.5 -161.5 -255.0 145 149 -1
148 0.5 -160.0 -255.0 146 150 -1
149 -0.5 -162.0 -255.5 147 151 -1
150 0.5 -160.0 -255.5 148 152 -1
151 -1.0 -162.5 -256.0 149 153 -1
152 0.5 -160.0 -256.0 150 154 -1
153 -1.5 -162.5 -256.5 151 155 -1
154 0.0 -160.0 -256.5 152 156 -1
155 -2.0 -162.5 -257.0 153 157 -1
156 0.0 -159.5 -257.0 154 -1 -1
157 -2.0 -162.5 -257.5 155 158 -1
158 -2.5 -163.0 -258.0 157 159 -1
159 -3.0 -163.0 -258.5 158 160 -1
160 -3.5 -163.0 -259.0 159 161 -1
161 -4.0 -163.5 -259.5 160 162 -1
162 -4.0 -163.0 -260.0 161 163 -1
163 -5.0 -163.0 -261.0 162 164 -1
164 -5.5 -163.0 -261.5 163 165 -1
165 -6.0 -163.0 -262.0 164 166 167
166 -6.5 -163.5 -262.0 165 170 -1
167 -10.0 -160.0 -265.5 165 171 -1
168 -9.0 -159.5 -265.0 165 172 -1
169 -6.0 -161.5 -262.5 165 173 -1
170 -7.0 -164.0 -262.0 166 174 -1
171 -10.5 -160.0 -265.5 167 175 -1
172 -8.5 -159.0 -264.5 168 176 -1
173 -5.5 -161.0 -262.5 169 177 -1
174 -7.5 -164.5 -262.0 170 178 -1
175 -11.0 -160.0 -265.5 171 179 -1
176 -8.0 -158.5 -264.5 172 180 -1
177 -5.5 -160.5 -263.0 173 181 -1
178 -8.0 -165.0 -261.5 174 182 -1
179 -11.5 -160.0 -265.5 175 183 -1
180 -8.0 -158.0 -264.5 176 184 -1
181 -5.5 -160.0 -263.0 177 185 -1
182 -8.5 -165.5 -261.0 178 -1 -1
183 -12.0 -160.0 -265.5 179 186 -1
184 -8.0 -157.5 -264.5 180 187 -1
185 -5.5 -159.5 -263.0 181 188 -1
186 -12.5 -159.5 -265.5 183 189 -1
187 -8.0 -157.0 -264.5 184 190 -1
188 -5.5 -159.0 -263.0 185 191 -1
189 -13.0 -159.5 -266.0 186 192 -1
190 -8.0 -156.5 -264.5 187 193 -1
191 -5.5 -158.5 -263.0 188 194 -1
192 -13.5 -159.0 -266.0 189 195 -1
193 -8.0 -156.0 -264.0 190 196 -1
194 -5.5 -158.0 -263.0 191 197 -1
195 -14.0 -159.0 -266.0 192 198 -1
196 -8.0 -155.5 -264.0 193 199 -1
197 -5.5 -157.5 -263.0 194 200 -1
198 -14.5 -158.5 -266.0 195 201 -1
199 -8.0 -155.0 -263.5 196 -1 -1
200 -5.5 -157.0 -263.0 197 -1 -1
201 -15.0 -158.5 -266.0 198 202 -1
202 -15.5 -158.0 -266.0 201 203 -1
203 -16.0 -157.5 -266.0 202 204 -1
204 -16.5 -157.5 -266.0 203 205 -1
205 -17.0 -157.5 -266.0 204 206 -1
206 -17.5 -157.0 -266.0 205 207 -1
207 -18.0 -157.0 -266.0 206 208 -1
208 -18.5 -156.5 -266.0 207 209 -1
209 -19.0 -156.5 -266.0 208 210 -1
210 -19.5 -156.0 -266.0 209 211 -1
211 -20.0 -156.0 -266.0 210 212 -1
212 -20.5 -155.5 -266.0 211 213 -1
213 -21.0 -155.5 -266.0 212 214 -1
214 -21.5 -155.5 -266.0 213 215 -1
215 -22.0 -155.0 -265.5 214 216 -1
216 -22.5 -155.0 -265.5 215 217 -1
217 -23.0 -154.5 -265.0 216 218 -1
218 -23.5 -154.5 -265.0 217 219 -1
219 -24.0 -154.5 -265.0 218 220 -1
220 -24.5 -154.0 -264.5 219 221 -1
221 -25.0 -154.0 -264.5 220 222 -1
222 -25.5 -154.5 -264.5 221 223 -1
223 -26.0 -154.5 -264.5 222 224 -1
224 -26.5 -154.5 -264.5 223 225 -1
225 -27.0 -154.5 -264.5 224 226 -1
226 -27.5 -154.0 -264.5 225 227 -1
227 -28.0 -153.5 -264.0 226 228 -1
228 -28.5 -153.5 -264.0 227 229 -1
229 -29.0 -153.0 -264.0 228 230 -1
230 -30.0 -152.5 -263.5 229 231 232
231 -30.5 -152.0 -263.5 230 233 -1
232 -29.5 -152.0 -263.5 230 234 -1
233 -31.0 -152.0 -263.5 231 235 -1
234 -29.5 -151.5 -263.0 232 236 -1
235 -31.5 -151.5 -263.5 233 237 -1
236 -29.0 -151.5 -262.5 234 238 -1
237 -32.0 -151.5 -263.5 235 239 -1
238 -28.5 -151.5 -262.5 236 240 -1
239 -32.5 -151.0 -263.0 237 241 -1
240 -28.0 -151.5 -262.5 238 242 -1
241 -33.0 -151.0 -263.0 239 243 -1
242 -27.5 -151.0 -262.0 240 244 -1
243 -33.5 -151.0 -263.0 241 245 -1
244 -27.0 -151.0 -261.5 242 -1 -1
245 -34.0 -150.5 -262.5 243 246 -1
246 -34.5 -150.5 -263.0 245 247 -1
247 -35.0 -150.5 -263.0 246 248 -1
248 -35.5 -150.5 -263.0 247 249 250
249 -36.0 -151.0 -263.0 248 251 -1
250 -36.0 -150.0 -262.5 248 252 -1
251 -35.5 -151.5 -263.5 249 253 -1
252 -36.0 -149.5 -262.0 250 254 -1
253 -35.5 -152.0 -263.5 251 255 -1
254 -36.5 -149.0 -261.5 252 256 -1
255 -36.0 -152.5 -264.0 253 257 -1
256 -36.5 -148.5 -261.0 254 258 -1
257 -36.5 -153.0 -264.0 255 259 -1
258 -36.5 -148.0 -260.5 256 260 -1
259 -36.5 -153.5 -264.5 257 261 -1
260 -37.0 -148.0 -260.0 258 262 -1
261 -37.0 -154.0 -264.5 259 263 -1
262 -37.5 -147.5 -259.5 260 264 265
263 -37.5 -154.0 -265.0 261 266 -1
264 -38.0 -147.0 -259.5 262 267 -1
265 -37.0 -147.0 -259.0 262 268 -1
266 -38.0 -154.5 -265.0 263 269 -1
267 -38.5 -146.5 -259.0 264 270 -1
268 -36.5 -147.0 -259.0 265 271 -1
269 -38.0 -155.0 -265.0 266 272 -1
270 -39.0 -146.0 -258.5 267 273 -1
271 -36.0 -147.5 -259.0 268 274 -1
272 -38.0 -155.5 -265.5 269 275 -1
273 -39.5 -145.5 -258.0 270 276 -1
274 -35.5 -147.0 -258.5 271 277 -1
275 -38.5 -156.0 -266.0 272 278 -1
276 -40.0 -145.0 -258.0 273 279 -1
277 -35.0 -147.0 -258.5 274 280 -1
278 -39.0 -156.5 -266.5 275 281 -1
279 -40.5 -144.5 -257.5 276 282 -1
280 -34.5 -147.0 -258.5 277 283 -1
281 -39.0 -157.0 -266.5 278 284 -1
282 -41.0 -144.0 -257.0 279 285 -1
283 -34.0 -147.0 -258.0 280 286 -1
284 -39.0 -157.5 -267.0 281 287 -1
285 -41.5 -143.5 -257.0 282 288 -1
286 -33.5 -147.0 -258.5 283 289 -1
287 -39.5 -158.0 -267.5 284 290 -1
288 -42.0 -143.5 -257.0 285 291 -1
289 -33.0 -147.0 -258.5 286 292 -1
290 -39.5 -158.5 -268.0 287 293 -1
291 -42.5 -143.0 -256.5 288 294 -1
292 -32.5 -147.5 -258.0 289 295 -1
293 -39.5 -159.0 -268.5 290 296 -1
294 -43.0 -143.0 -256.0 291 297 -1
295 -32.0 -147.5 -257.5 292 298 -1
296 -40.0 -159.0 -269.0 293 299 -1
297 -43.5 -142.5 -255.5 294 300 -1
298 -31.5 -147.5 -257.5 295 301 -1
299 -40.0 -159.5 -269.5 296 302 -1
300 -44.0 -142.0 -255.5 297 303 -1
301 -31.0 -147.5 -257.5 298 304 305
302 -40.0 -160.0 -270.0 299 306 -1
303 -44.0 -141.5 -255.0 300 307 -1
304 -30.5 -147.5 -257.0 301 308 -1
305 -30.0 -148.0 -258.0 301 309 -1
306 -40.5 -160.0 -270.5 302 310 -1
307 -44.5 -141.5 -254.5 303 311 -1
308 -30.5 -148.0 -256.5 304 312 -1
309 -29.5 -148.0 -258.0 305 313 -1
310 -40.5 -160.0 -271.0 306 314 -1
311 -45.0 -141.0 -254.0 307 315 -1
312 -30.5 -148.0 -256.0 308 316 -1
313 -29.0 -148.5 -258.0 309 317 -1
314 -40.5 -160.5 -271.5 310 318 -1
315 -45.5 -140.5 -254.0 311 319 -1
316 -30.0 -148.0 -255.5 312 320 -1
317 -28.5 -148.5 -258.0 313 321 -1
318 -41.0 -160.5 -272.0 314 322 -1
319 -46.0 -140.5 -254.0 315 323 -1
320 -30.0 -148.0 -255.0 316 324 -1
321 -28.0 -149.0 -258.0 317 325 -1
322 -40.5 -161.0 -272.5 318 326 -1
323 -46.5 -140.0 -253.5 319 327 -1
324 -29.5 -148.0 -254.5 320 328 -1
325 -27.5 -149.0 -258.0 321 329 -1
326 -41.0 -161.0 -273.0 322 330 -1
327 -47.0 -140.0 -253.5 323 331 -1
328 -29.0 -148.0 -254.0 324 332 -1
329 -27.0 -149.5 -258.0 325 333 -1
330 -41.0 -161.0 -273.5 326 334 -1
331 -47.5 -139.5 -253.0 327 335 -1
332 -28.5 -148.0 -253.5 328 336 -1
333 -26.5 -150.0 -258.0 329 337 -1
334 -41.0 -161.0 -274.0 330 338 -1
335 -48.0 -139.0 -252.5 331 339 -1
336 -28.0 -148.5 -253.0 332 340 -1
337 -26.0 -150.0 -258.0 333 -1 -1
338 -41.0 -161.0 -274.5 334 341 -1
339 -48.5 -139.0 -252.5 335 342 -1
340 -28.0 -148.5 -252.5 336 343 -1
341 -41.0 -161.0 -275.0 338 344 -1
342 -49.0 -138.5 -252.0 339 345 -1
343 -27.5 -148.5 -252.0 340 346 -1
344 -41.0 -161.0 -275.5 341 347 -1
345 -49.5 -138.5 -252.0 342 348 -1
346 -27.5 -149.0 -251.5 343 349 -1
347 -41.5 -161.0 -276.0 344 350 -1
348 -50.0 -138.0 -251.5 345 351 -1
349 -28.0 -149.0 -251.0 346 352 -1
350 -41.5 -161.0 -276.5 347 353 -1
351 -50.5 -137.5 -251.0 348 354 -1
352 -28.0 -149.0 -250.5 349 355 -1
353 -41.5 -161.0 -277.0 350 356 -1
354 -51.0 -137.5 -250.5 351 357 -1
355 -27.5 -149.5 -250.0 352 358 -1
356 -41.5 -161.0 -277.5 353 359 -1
357 -51.5 -137.0 -250.0 354 360 -1
358 -27.5 -149.5 -249.5 355 361 -1
359 -41.5 -161.0 -278.0 356 362 -1
360 -51.5 -136.5 -249.5 357 363 -1
361 -28.0 -149.5 -249.0 358 364 -1
362 -42.0 -161.5 -278.5 359 365 -1
363 -52.0 -136.5 -249.0 360 366 -1
364 -28.0 -149.5 -248.5 361 367 -1
365 -42.0 -161.5 -279.0 362 368 -1
366 -52.5 -136.5 -249.0 363 369 -1
367 -28.0 -149.5 -248.0 364 370 -1
368 -42.0 -161.5 -279.5 365 371 -1
369 -53.0 -136.0 -248.5 366 372 -1
370 -28.0 -150.0 -247.5 367 373 -1
371 -41.5 -161.5 -280.0 368 374 -1
372 -53.5 -136.0 -248.0 369 375 -1
373 -28.0 -150.0 -247.0 370 376 -1
374 -41.5 -161.5 -280.5 371 377 -1
375 -54.0 -136.0 -248.0 372 378 -1
376 -28.0 -150.0 -246.5 373 379 -1
377 -41.5 -161.5 -281.0 374 380 -1
378 -54.5 -135.5 -247.5 375 381 -1
379 -28.0 -150.0 -246.0 376 382 -1
380 -41.5 -161.5 -281.5 377 383 -1
381 -55.0 -135.5 -247.0 378 384 -1
382 -28.5 -150.0 -245.5 379 385 -1
383 -41.5 -161.5 -282.0 380 -1 -1
384 -55.5 -135.0 -246.5 381 386 -1
385 -28.5 -150.0 -245.0 382 387 -1
386 -56.0 -135.0 -246.0 384 388 -1
387 -28.5 -150.0 -244.5 385 389 -1
388 -56.5 -134.5 -245.5 386 390 -1
389 -28.5 -150.0 -244.0 387 391 -1
390 -57.0 -134.5 -245.0 388 392 -1
391 -29.0 -150.0 -243.5 389 393 -1
392 -57.0 -134.0 -244.5 390 394 -1
393 -29.0 -150.0 -243.0 391 395 -1
394 -57.5 -133.5 -244.0 392 396 -1
395 -29.0 -150.0 -242.5 393 397 -1
396 -58.0 -133.5 -243.5 394 398 -1
397 -29.0 -150.0 -242.0 395 399 -1
398 -58.5 -133.5 -243.5 396 400 -1
399 -29.5 -149.5 -241.5 397 401 -1
400 -59.0 -133.5 -243.0 398 402 -1
401 -29.0 -149.5 -241.0 399 403 -1
402 -59.5 -133.5 -242.5 400 404 -1
403 -29.0 -149.5 -240.5 401 405 -1
404 -60.0 -133.5 -242.0 402 406 -1
405 -28.5 -150.0 -240.0 403 407 -1
406 -60.5 -133.0 -241.5 404 408 -1
407 -28.5 -150.0 -239.5 405 409 -1
408 -61.0 -133.0 -241.0 406 410 -1
409 -28.0 -150.0 -239.0 407 411 -1
410 -61.5 -133.0 -240.5 408 412 -1
411 -28.0 -150.0 -238.5 409 413 -1
412 -62.0 -133.0 -240.0 410 414 -1
413 -28.0 -149.5 -238.0 411 415 -1
414 -62.5 -132.5 -239.5 412 416 -1
415 -27.5 -149.5 -237.5 413 417 -1
416 -63.0 -132.5 -238.5 414 418 -1
417 -28.0 -149.0 -237.0 415 419 -1
418 -63.5 -132.5 -238.5 416 420 -1
419 -27.5 -149.0 -236.5 417 421 -1
420 -64.0 -132.5 -238.0 418 422 -1
421 -27.5 -148.5 -236.0 419 423 -1
422 -64.5 -132.5 -237.5 420 424 -1
423 -27.0 -148.5 -235.5 421 425 -1
424 -65.0 -132.5 -237.0 422 426 -1
425 -26.5 -148.5 -235.0 423 427 -1
426 -65.5 -132.5 -236.5 424 428 -1
427 -26.5 -148.0 -234.5 425 429 -1
428 -65.5 -132.0 -236.0 426 430 -1
429 -26.5 -147.5 -234.0 427 431 -1
430 -66.0 -132.5 -235.5 428 432 -1
431 -26.0 -147.5 -233.5 429 433 -1
432 -66.0 -132.0 -235.0 430 434 -1
433 -25.5 -147.0 -233.0 431 435 -1
434 -66.5 -132.0 -234.5 432 436 -1
435 -25.0 -147.0 -232.5 433 437 -1
436 -67.0 -132.5 -233.5 434 438 -1
437 -24.5 -146.5 -232.0 435 439 -1
438 -67.5 -132.5 -233.0 436 440 -1
439 -24.0 -146.5 -231.5 437 441 -1
440 -68.0 -133.5 -232.5 438 442 443
441 -23.5 -146.5 -231.0 439 444 -1
442 -68.0 -134.0 -232.0 440 445 -1
443 -68.0 -133.0 -232.0 440 446 -1
444 -23.0 -146.0 -230.5 441 447 -1
445 -68.5 -134.5 -232.0 442 448 -1
446 -68.0 -132.5 -231.5 443 449 -1
447 -22.5 -146.0 -230.0 444 450 -1
448 -68.5 -135.0 -231.5 445 451 -1
449 -68.5 -132.5 -231.0 446 452 -1
450 -22.0 -145.5 -229.5 447 453 -1
451 -68.0 -135.5 -231.5 448 454 -1
452 -69.0 -132.0 -230.5 449 455 -1
453 -21.5 -145.5 -229.5 450 456 -1
454 -68.0 -136.0 -231.5 451 457 -1
455 -69.5 -132.0 -230.5 452 458 -1
456 -21.0 -145.5 -229.0 453 459 -1
457 -68.0 -136.5 -231.0 454 460 -1
458 -70.0 -132.0 -230.0 455 461 -1
459 -20.5 -145.5 -229.0 456 462 -1
460 -68.0 -137.0 -231.0 457 463 -1
461 -70.5 -132.0 -230.0 458 464 -1
462 -20.0 -145.5 -228.5 459 465 -1
463 -68.0 -137.5 -230.5 460 466 -1
464 -71.0 -131.5 -229.5 461 467 -1
465 -19.5 -145.5 -228.5 462 468 -1
466 -68.0 -138.0 -230.0 463 469 -1
467 -71.5 -131.5 -229.5 464 470 -1
468 -19.0 -145.5 -228.5 465 471 -1
469 -68.0 -138.5 -229.5 466 472 -1
470 -72.0 -131.0 -229.0 467 473 -1
471 -18.5 -145.5 -228.5 468 474 -1
472 -67.5 -139.0 -229.0 469 475 -1
473 -72.5 -131.0 -229.0 470 476 -1
474 -18.0 -146.0 -228.5 471 477 -1
475 -67.5 -139.5 -228.5 472 478 -1
476 -73.0 -131.0 -229.0 473 479 -1
477 -17.5 -146.0 -228.0 474 480 -1
478 -67.0 -140.0 -228.0 475 481 -1
479 -73.5 -130.5 -228.5 476 482 -1
480 -17.0 -146.0 -228.0 477 483 -1
481 -67.0 -140.0 -227.5 478 484 -1
482 -74.0 -130.5 -228.5 479 485 -1
483 -16.5 -146.0 -228.0 480 486 -1
484 -67.0 -140.5 -227.0 481 487 -1
485 -74.5 -130.5 -228.5 482 488 -1
486 -16.0 -146.0 -227.5 483 489 -1
487 -66.5 -140.5 -226.5 484 490 -1
488 -75.0 -130.0 -228.0 485 491 -1
489 -15.5 -146.5 -228.0 486 492 -1
490 -66.5 -141.0 -226.0 487 493 -1
491 -75.5 -130.0 -228.0 488 494 -1
492 -15.0 -146.5 -228.0 489 495 -1
493 -66.0 -141.0 -225.5 490 496 497
494 -76.0 -130.0 -227.5 491 498 -1
495 -14.5 -146.5 -227.5 492 499 -1
496 -65.5 -140.5 -225.0 493 500 -1
497 -65.5 -141.5 -224.5 493 501 -1
498 -76.5 -130.0 -227.5 494 502 -1
499 -14.0 -146.5 -227.0 495 503 -1
500 -65.5 -140.0 -225.0 496 504 -1
501 -65.5 -142.0 -224.0 497 505 -1
502 -77.0 -130.0 -227.5 498 506 -1
503 -13.5 -146.5 -227.0 499 507 -1
504 -65.5 -139.5 -225.0 500 508 -1
505 -65.5 -142.0 -223.5 501 509 -1
506 -77.5 -129.5 -227.5 502 510 -1
507 -13.0 -147.0 -227.0 503 511 -1
508 -65.5 -139.0 -225.0 504 512 -1
509 -65.0 -142.5 -223.0 505 513 -1
510 -78.0 -129.5 -227.5 506 514 -1
511 -12.5 -147.0 -227.0 507 515 -1
512 -65.0 -138.5 -225.0 508 516 -1
513 -65.0 -142.5 -222.5 509 517 -1
514 -78.5 -129.5 -227.5 510 518 -1
515 -12.0 -147.0 -227.0 511 519 -1
516 -65.0 -138.0 -225.5 512 520 -1
517 -65.0 -142.5 -222.0 513 521 -1
518 -79.0 -129.5 -227.0 514 522 -1
519 -11.5 -147.0 -226.5 515 523 -1
520 -64.5 -137.5 -225.0 516 524 -1
521 -64.5 -142.5 -221.5 517 525 -1
522 -79.5 -129.0 -227.0 518 526 -1
523 -11.0 -147.5 -226.5 519 527 -1
524 -64.0 -137.0 -225.0 520 -1 -1
525 -64.5 -142.5 -221.0 521 528 -1
526 -80.0 -129.0 -227.0 522 529 -1
527 -10.5 -147.5 -226.5 523 530 -1
528 -64.5 -143.0 -220.5 525 531 -1
529 -80.5 -128.5 -226.5 526 532 -1
530 -10.0 -147.0 -226.0 527 533 -1
531 -64.5 -143.5 -220.0 528 534 -1
532 -81.0 -128.0 -227.0 529 535 -1
533 -9.5 -147.5 -226.0 530 -1 -1
534 -64.5 -143.5 -219.5 531 536 -1
535 -81.5 -128.0 -227.0 532 537 -1
536 -64.5 -143.5 -219.0 534 538 -1
537 -82.0 -128.0 -227.0 535 539 -1
538 -64.0 -144.0 -218.5 536 540 -1
539 -82.5 -128.0 -227.0 537 541 -1
540 -63.5 -144.0 -218.0 538 542 -1
541 -83.0 -128.0 -227.0 539 543 -1
542 -63.0 -144.5 -217.5 540 544 -1
543 -83.5 -128.5 -226.5 541 545 -1
544 -63.0 -145.0 -217.0 542 546 -1
545 -84.5 -128.0 -227.0 543 547 -1
546 -62.5 -145.5 -216.5 544 548 -1
547 -85.0 -128.0 -227.0 545 549 -1
548 -62.0 -146.0 -216.0 546 550 -1
549 -85.5 -128.0 -227.0 547 551 -1
550 -61.5 -146.5 -215.5 548 552 -1
551 -86.0 -128.5 -227.0 549 553 -1
552 -61.0 -147.0 -215.5 550 554 -1
553 -86.5 -128.5 -227.0 551 555 -1
554 -60.5 -147.5 -215.0 552 556 -1
555 -87.0 -128.5 -227.0 553 557 -1
556 -60.5 -148.0 -214.5 554 558 -1
557 -87.5 -128.5 -227.0 555 559 -1
558 -60.0 -148.5 -214.0 556 560 -1
559 -88.0 -128.5 -227.5 557 561 -1
560 -59.5 -149.0 -214.0 558 562 -1
561 -88.5 -128.5 -228.0 559 563 -1
562 -59.5 -149.5 -213.5 560 564 -1
563 -89.0 -128.5 -228.0 561 565 -1
564 -59.0 -150.0 -213.5 562 566 -1
565 -89.5 -129.0 -228.0 563 567 -1
566 -59.0 -150.5 -213.0 564 568 -1
567 -90.0 -129.5 -228.5 565 -1 -1
568 -59.0 -151.0 -213.0 566 569 -1
569 -59.0 -151.5 -212.5 568 570 -1
570 -59.0 -152.0 -212.5 569 571 -1
571 -58.5 -152.5 -212.0 570 572 -1
572 -58.5 -153.0 -212.0 571 573 -1
573 -58.0 -153.5 -212.0 572 574 -1
574 -57.5 -154.0 -211.5 573 575 -1
575 -58.0 -154.5 -211.5 574 576 -1
576 -58.0 -155.0 -211.5 575 577 -1
577 -57.5 -155.5 -211.0 576 578 -1
578 -57.0 -156.0 -211.0 577 579 -1
579 -56.5 -156.5 -211.0 578 580 -1
580 -57.0 -157.0 -211.0 579 581 -1
581 -56.5 -157.5 -211.0 580 582 -1
582 -56.5 -158.0 -211.0 581 583 -1
583 -56.0 -158.5 -211.0 582 584 -1
584 -55.5 -159.0 -211.0 583 585 -1
585 -55.0 -159.5 -211.0 584 586 -1
586 -54.5 -160.0 -211.0 585 587 -1
587 -54.5 -160.5 -211.0 586 588 -1
588 -54.0 -161.0 -211.0 587 589 -1
589 -54.0 -161.5 -211.0 588 590 -1
590 -53.5 -162.0 -211.0 589 591 -1
591 -53.0 -162.5 -211.0 590 -1 -1
