0 -58.0 -137.0 634.0 -1 1 -1
1 -58.0 -136.5 633.5 0 2 -1
2 -58.5 -136.0 633.0 1 3 -1
3 -59.0 -136.0 632.5 2 4 -1
4 -59.0 -135.5 632.0 3 5 -1
5 -59.5 -135.0 631.5 4 6 -1
6 -60.0 -134.5 631.5 5 7 -1
7 -60.5 -134.0 631.0 6 8 -1
8 -60.5 -133.5 631.0 7 9 -1
9 -61.0 -133.0 630.5 8 10 -1
10 -61.5 -132.5 630.0 9 11 -1
11 -61.5 -132.0 629.5 10 12 -1
12 -62.0 -131.5 629.0 11 13 -1
13 -62.0 -131.0 628.5 12 14 -1
14 -62.0 -130.5 628.5 13 15 -1
15 -62.0 -130.0 628.0 14 16 -1
16 -62.0 -129.5 628.0 15 17 -1
17 -61.5 -129.0 627.5 16 18 19
18 -61.5 -128.5 628.0 17 21 -1
19 -60.0 -128.5 625.0 17 22 -1
20 -60.0 -127.5 626.0 17 23 -1
21 -61.5 -128.0 628.5 18 24 -1
22 -60.0 -128.5 624.5 19 25 -1
23 -60.0 -127.0 626.5 20 26 -1
24 -61.5 -127.5 628.5 21 27 -1
25 -59.5 -128.0 624.0 22 28 -1
26 -60.0 -126.5 627.0 23 29 -1
27 -61.5 -127.0 628.5 24 30 -1
28 -59.0 -127.5 623.5 25 31 -1
29 -60.0 -126.0 627.5 26 32 -1
30 -61.5 -126.5 629.0 27 33 -1
31 -59.0 -127.5 623.0 28 34 -1
32 -60.0 -125.5 627.5 29 35 -1
33 -61.5 -126.0 629.0 30 36 -1
34 -59.0 -127.5 622.5 31 37 -1
35 -59.5 -125.0 627.5 32 38 -1
36 -61.5 -125.5 629.5 33 39 -1
37 -58.5 -127.0 622.0 34 40 -1
38 -59.5 -124.5 627.5 35 -1 -1
39 -61.0 -125.0 629.0 36 41 -1
40 -58.5 -126.5 621.5 37 42 -1
41 -61.0 -124.5 629.0 39 43 -1
42 -58.0 -126.5 621.0 40 44 -1
43 -61.0 -124.0 629.5 41 45 -1
44 -58.0 -126.5 620.5 42 46 -1
45 -61.5 -123.5 630.0 43 47 -1
46 -58.0 -126.5 620.0 44 48 -1
47 -61.5 -123.0 630.0 45 49 -1
48 -57.5 -126.0 619.5 46 50 -1
49 -61.5 -122.5 630.0 47 51 -1
50 -57.5 -126.5 619.0 48 52 -1
51 -61.5 -122.0 630.0 49 53 -1
52 -57.0 -126.0 618.5 50 54 -1
53 -62.0 -121.5 630.5 51 55 -1
54 -57.0 -126.0 618.0 52 56 -1
55 -62.5 -121.0 630.5 53 57 -1
56 -57.0 -126.0 617.5 54 58 -1
57 -63.0 -120.5 631.0 55 -1 -1
58 -57.0 -126.0 617.0 56 59 -1
59 -56.5 -126.0 616.5 58 60 -1
60 -56.5 -126.0 616.0 59 61 -1
61 -56.0 -126.0 615.5 60 62 -1
62 -56.0 -126.0 615.0 61 63 -1
63 -55.5 -126.0 614.5 62 64 -1
64 -55.0 -126.0 614.0 63 65 -1
65 -55.0 -126.0 613.5 64 66 -1
66 -54.5 -126.0 613.0 65 67 -1
67 -54.5 -126.5 612.5 66 68 -1
68 -54.5 -126.5 612.0 67 69 -1
69 -54.0 -126.0 611.5 68 70 -1
70 -54.0 -126.5 611.0 69 71 -1
71 -53.5 -126.0 610.5 70 72 -1
72 -53.5 -126.5 610.0 71 73 -1
73 -53.5 -127.0 609.5 72 74 -1
74 -53.0 -126.5 609.0 73 75 -1
75 -53.0 -127.0 608.5 74 76 -1
76 -52.5 -127.0 608.0 75 77 -1
77 -52.5 -127.0 607.5 76 78 -1
78 -52.0 -127.0 607.0 77 79 -1
79 -52.0 -127.0 606.5 78 80 -1
80 -52.0 -127.5 606.0 79 81 -1
81 -52.0 -127.5 605.5 80 82 -1
82 -51.5 -127.5 605.0 81 83 -1
83 -51.0 -127.5 604.5 82 84 -1
84 -51.0 -127.5 604.0 83 85 -1
85 -51.0 -128.0 603.5 84 86 -1
86 -50.5 -127.5 603.0 85 87 -1
87 -50.5 -128.0 602.5 86 88 -1
88 -50.0 -128.0 602.0 87 89 -1
89 -50.0 -128.0 601.5 88 90 -1
90 -50.0 -128.5 601.0 89 91 -1
91 -50.0 -128.5 600.5 90 92 -1
92 -49.5 -128.5 600.0 91 93 -1
93 -49.0 -128.5 599.5 92 94 -1
94 -49.5 -129.0 599.0 93 95 -1
95 -49.0 -129.0 598.5 94 96 -1
96 -49.0 -129.0 598.0 95 97 -1
97 -48.5 -129.0 597.5 96 98 -1
98 -48.0 -129.0 597.0 97 99 -1
99 -48.0 -129.0 596.5 98 100 -1
100 -48.0 -129.5 596.0 99 101 -1
101 -48.0 -129.5 595.5 100 102 -1
102 -47.5 -129.5 595.0 101 103 -1
103 -47.5 -130.0 594.5 102 104 -1
104 -47.0 -130.0 594.0 103 105 -1
105 -47.0 -130.0 593.5 104 106 -1
106 -47.0 -130.0 593.0 105 107 -1
107 -47.0 -130.5 592.5 106 108 -1
108 -46.5 -130.5 592.0 107 109 -1
109 -46.0 -130.0 591.5 108 110 -1
110 -46.0 -130.5 591.0 109 111 -1
111 -46.0 -130.5 590.5 110 112 -1
112 -45.5 -130.5 590.0 111 113 -1
113 -45.0 -130.5 589.5 112 114 -1
114 -45.0 -131.0 589.0 113 115 -1
115 -45.0 -131.0 588.5 114 116 -1
116 -44.5 -131.0 588.0 115 117 -1
117 -44.0 -131.0 587.5 116 118 -1
118 -44.0 -131.5 587.0 117 119 -1
119 -44.0 -131.5 586.5 118 120 -1
120 -43.5 -132.0 586.0 119 121 -1
121 -43.0 -131.5 585.5 120 122 -1
122 -43.0 -132.0 585.0 121 123 -1
123 -42.5 -132.0 584.5 122 124 -1
124 -42.0 -132.0 584.0 123 125 -1
125 -42.0 -132.5 583.5 124 126 -1
126 -41.5 -132.5 583.0 125 127 -1
127 -41.5 -132.5 582.5 126 128 -1
128 -41.0 -132.5 582.0 127 129 -1
129 -40.5 -132.5 581.5 128 130 -1
130 -40.5 -133.0 581.0 129 131 -1
131 -40.0 -133.0 580.5 130 132 -1
132 -40.0 -133.5 580.0 131 133 -1
133 -39.5 -134.0 579.5 132 134 -1
134 -39.0 -134.0 579.0 133 135 -1
135 -38.5 -134.0 578.5 134 136 -1
136 -38.5 -134.5 578.0 135 137 -1
137 -38.5 -135.0 577.5 136 138 -1
138 -38.0 -135.5 577.0 137 139 -1
139 -37.5 -136.0 576.5 138 140 -1
140 -37.0 -136.5 576.0 139 141 -1
141 -36.5 -137.0 575.5 140 142 -1
142 -36.0 -137.5 575.0 141 143 -1
143 -35.5 -137.5 574.5 142 144 -1
144 -35.0 -138.0 574.0 143 145 -1
145 -34.5 -138.5 573.5 144 146 -1
146 -34.0 -138.5 573.0 145 147 -1
147 -33.5 -139.0 572.5 146 148 -1
148 -33.0 -139.5 572.0 147 149 -1
149 -32.5 -140.0 571.5 148 150 -1
150 -32.5 -140.5 571.0 149 151 -1
151 -32.0 -141.0 570.5 150 152 -1
152 -31.5 -141.5 570.0 151 153 -1
153 -31.0 -142.0 570.0 152 154 -1
154 -31.0 -142.5 569.5 153 155 -1
155 -30.5 -143.0 569.0 154 156 -1
156 -30.5 -143.5 568.5 155 157 -1
157 -30.0 -144.0 569.0 156 158 -1
158 -29.5 -144.5 569.0 157 159 -1
159 -29.5 -145.0 568.5 158 160 -1
160 -29.5 -145.5 567.5 159 161 162
161 -30.0 -146.0 567.0 160 163 -1
162 -29.0 -146.0 568.0 160 164 -1
163 -30.0 -146.0 566.5 161 165 -1
164 -28.5 -146.5 568.0 162 166 -1
165 -30.5 -146.5 566.0 163 167 -1
166 -28.0 -147.0 568.0 164 168 -1
167 -30.5 -146.5 565.5 165 169 -1
168 -27.5 -147.5 568.0 166 170 -1
169 -31.0 -146.5 565.0 167 171 -1
170 -27.0 -148.0 568.0 168 172 -1
171 -31.0 -146.5 564.5 169 173 -1
172 -26.5 -148.0 568.0 170 174 -1
173 -31.0 -146.5 564.0 171 175 -1
174 -26.0 -148.5 568.0 172 176 -1
175 -31.5 -146.5 563.5 173 177 -1
176 -25.5 -148.5 568.0 174 178 -1
177 -31.5 -147.0 563.0 175 179 -1
178 -25.0 -149.0 568.0 176 180 -1
179 -31.5 -147.0 562.5 177 181 -1
180 -24.5 -149.0 568.0 178 182 -1
181 -32.0 -147.0 562.0 179 183 -1
182 -24.0 -149.0 568.0 180 184 -1
183 -32.0 -147.0 561.5 181 185 -1
184 -23.5 -149.0 568.0 182 186 -1
185 -32.0 -147.5 561.0 183 187 -1
186 -23.0 -149.5 568.0 184 188 -1
187 -32.0 -147.5 560.5 185 189 -1
188 -22.5 -149.5 568.0 186 190 -1
189 -32.0 -148.0 560.0 187 191 -1
190 -22.0 -150.0 567.5 188 192 -1
191 -32.0 -148.5 559.5 189 193 -1
192 -21.5 -150.0 568.0 190 194 -1
193 -32.0 -148.5 559.0 191 195 -1
194 -21.0 -150.0 567.5 192 196 -1
195 -32.0 -149.0 558.5 193 197 -1
196 -20.5 -150.0 567.5 194 198 -1
197 -32.5 -149.0 558.0 195 199 -1
198 -20.0 -150.5 567.5 196 200 -1
199 -32.5 -149.5 557.5 197 201 -1
200 -19.5 -150.5 567.5 198 202 -1
201 -33.0 -149.5 557.0 199 203 -1
202 -19.0 -150.5 567.0 200 204 -1
203 -33.0 -150.0 556.5 201 205 -1
204 -18.5 -150.5 567.0 202 206 -1
205 -33.0 -150.5 556.0 203 207 -1
206 -18.0 -150.5 567.0 204 208 -1
207 -33.5 -150.5 555.5 205 209 -1
208 -17.5 -150.5 567.0 206 210 -1
209 -34.0 -151.0 555.0 207 211 -1
210 -17.0 -150.5 567.0 208 212 -1
211 -34.5 -151.5 554.5 209 213 -1
212 -16.5 -150.5 567.0 210 214 -1
213 -34.5 -152.0 554.0 211 215 -1
214 -16.0 -151.0 567.5 212 216 -1
215 -35.0 -152.0 553.5 213 217 -1
216 -15.5 -151.5 567.5 214 218 -1
217 -35.0 -152.5 553.0 215 219 -1
218 -15.0 -152.0 568.0 216 220 221
219 -35.5 -152.5 552.5 217 222 -1
220 -15.0 -152.0 568.5 218 223 -1
221 -14.5 -151.5 567.5 218 224 -1
222 -35.5 -153.0 552.0 219 225 -1
223 -14.5 -152.0 569.0 220 226 -1
224 -14.0 -151.5 567.0 221 227 -1
225 -35.5 -153.0 551.5 222 228 -1
226 -14.0 -152.0 569.5 223 229 -1
227 -13.5 -151.5 566.5 224 230 -1
228 -36.0 -153.0 551.0 225 231 -1
229 -13.5 -151.5 570.0 226 232 -1
230 -13.0 -152.0 566.5 227 233 -1
231 -36.0 -153.5 550.5 228 234 -1
232 -13.0 -151.5 570.5 229 235 -1
233 -12.5 -151.5 566.0 230 236 -1
234 -36.0 -153.5 550.0 231 237 -1
235 -12.5 -151.5 571.0 232 238 -1
236 -12.0 -151.0 565.5 233 239 -1
237 -36.0 -154.0 549.5 234 240 -1
238 -12.0 -151.5 571.5 235 241 -1
239 -11.5 -151.0 565.0 236 242 -1
240 -36.5 -153.5 549.0 237 243 -1
241 -12.0 -151.0 572.0 238 244 -1
242 -11.0 -151.0 565.0 239 245 -1
243 -36.5 -154.0 548.5 240 246 -1
244 -12.0 -151.5 572.5 241 247 -1
245 -10.5 -151.0 564.5 242 248 -1
246 -36.5 -154.0 548.0 243 249 -1
247 -12.0 -151.5 573.0 244 250 -1
248 -10.0 -151.0 564.0 245 251 -1
249 -36.5 -154.5 547.5 246 252 -1
250 -12.0 -151.5 573.5 247 253 -1
251 -9.5 -151.0 563.5 248 254 -1
252 -36.5 -154.5 547.0 249 255 -1
253 -11.5 -151.5 574.0 250 256 -1
254 -9.0 -150.5 563.0 251 257 -1
255 -37.0 -154.5 546.5 252 258 -1
256 -11.5 -151.5 574.5 253 259 -1
257 -9.0 -150.5 562.5 254 260 -1
258 -37.0 -154.5 546.0 255 261 -1
259 -11.5 -151.5 575.0 256 262 -1
260 -8.5 -150.5 562.0 257 263 -1
261 -37.5 -154.5 545.5 258 264 -1
262 -11.5 -151.5 575.5 259 265 -1
263 -8.0 -150.5 561.5 260 266 -1
264 -37.5 -154.5 545.0 261 267 -1
265 -11.5 -151.5 576.0 262 268 -1
266 -7.5 -150.5 561.0 263 269 -1
267 -37.5 -154.5 544.5 264 270 -1
268 -11.5 -151.0 576.5 265 271 -1
269 -7.0 -150.0 560.5 266 272 -1
270 -37.5 -155.0 544.0 267 273 -1
271 -11.5 -151.0 577.0 268 274 -1
272 -6.5 -150.0 560.0 269 275 -1
273 -37.5 -155.0 543.5 270 276 -1
274 -11.5 -151.0 577.5 271 277 -1
275 -6.0 -150.0 560.0 272 278 -1
276 -37.5 -155.0 543.0 273 279 -1
277 -11.5 -151.0 578.0 274 280 -1
278 -5.5 -150.0 559.5 275 281 -1
279 -37.5 -155.0 542.5 276 282 -1
280 -11.5 -151.0 578.5 277 283 -1
281 -5.5 -150.0 559.0 278 284 -1
282 -37.5 -155.0 542.0 279 285 -1
283 -11.5 -151.0 579.0 280 286 -1
284 -5.0 -150.0 558.5 281 287 -1
285 -37.5 -154.5 541.5 282 288 -1
286 -11.5 -151.0 579.5 283 289 -1
287 -4.5 -150.0 558.0 284 290 -1
288 -37.5 -154.5 541.0 285 291 -1
289 -11.5 -151.0 580.0 286 292 -1
290 -4.0 -150.0 557.5 287 293 -1
291 -37.5 -154.5 540.5 288 294 -1
292 -11.5 -151.0 580.5 289 295 -1
293 -3.5 -149.5 557.0 290 296 -1
294 -37.5 -154.5 540.0 291 297 -1
295 -11.5 -150.5 581.0 292 298 -1
296 -3.0 -149.5 556.5 293 299 -1
297 -37.5 -154.5 539.5 294 300 -1
298 -12.0 -150.5 581.5 295 301 -1
299 -3.0 -149.5 556.0 296 302 -1
300 -37.5 -154.5 539.0 297 303 -1
301 -12.0 -150.5 582.0 298 304 -1
302 -2.5 -149.5 555.5 299 305 -1
303 -37.5 -154.5 538.5 300 306 -1
304 -11.5 -150.5 582.5 301 307 -1
305 -2.0 -149.5 555.0 302 308 -1
306 -37.5 -154.5 538.0 303 309 -1
307 -12.0 -150.0 583.0 304 310 -1
308 -1.5 -149.5 554.5 305 311 -1
309 -37.5 -154.5 537.5 306 312 -1
310 -12.0 -150.0 583.5 307 313 -1
311 -1.0 -149.0 554.0 308 314 -1
312 -37.5 -154.5 537.0 309 315 -1
313 -12.0 -149.5 584.0 310 316 -1
314 -0.5 -149.0 553.5 311 317 -1
315 -38.0 -154.0 536.5 312 318 -1
316 -12.5 -149.5 584.5 313 319 -1
317 0.0 -149.0 553.0 314 320 -1
318 -37.5 -154.0 536.0 315 321 -1
319 -12.5 -149.0 585.0 316 322 -1
320 0.0 -149.0 552.5 317 323 -1
321 -38.0 -153.5 535.5 318 324 -1
322 -12.5 -149.0 585.5 319 325 -1
323 0.5 -149.0 552.0 320 326 -1
324 -37.5 -153.5 535.0 321 327 -1
325 -13.0 -149.0 586.0 322 328 -1
326 1.0 -148.5 551.5 323 329 -1
327 -37.5 -153.5 534.5 324 330 -1
328 -13.0 -148.5 586.5 325 331 -1
329 1.5 -148.5 551.0 326 332 -1
330 -37.5 -153.5 534.0 327 333 -1
331 -13.5 -148.5 587.0 328 334 -1
332 2.0 -148.5 550.5 329 335 -1
333 -37.0 -153.5 533.5 330 -1 -1
334 -13.5 -148.0 587.5 331 336 -1
335 2.5 -148.5 550.0 332 337 -1
336 -14.0 -148.0 588.0 334 338 -1
337 3.0 -148.5 549.5 335 339 -1
338 -14.0 -148.0 588.5 336 340 -1
339 3.5 -148.5 549.0 337 341 -1
340 -14.0 -147.5 589.0 338 342 -1
341 4.0 -148.0 548.5 339 343 -1
342 -14.5 -147.5 589.5 340 344 -1
343 4.5 -148.0 548.0 341 345 -1
344 -14.5 -147.0 590.0 342 346 -1
345 5.0 -148.0 547.5 343 347 -1
346 -14.5 -147.0 590.5 344 348 -1
347 5.5 -148.0 547.0 345 349 -1
348 -15.0 -147.0 591.0 346 350 -1
349 6.0 -148.0 546.5 347 351 -1
350 -14.5 -146.5 591.5 348 352 -1
351 6.5 -148.0 546.0 349 353 -1
352 -15.0 -146.5 592.0 350 354 -1
353 7.0 -147.5 545.5 351 355 -1
354 -15.0 -146.0 592.5 352 356 -1
355 7.5 -147.5 545.0 353 357 -1
356 -15.0 -146.0 593.0 354 358 -1
357 8.0 -147.5 544.5 355 359 -1
358 -15.5 -146.0 593.5 356 360 -1
359 8.5 -147.0 544.5 357 361 -1
360 -15.0 -145.5 594.0 358 362 -1
361 9.0 -147.0 544.0 359 363 -1
362 -15.5 -145.5 594.5 360 364 -1
363 9.5 -146.5 543.5 361 365 -1
364 -15.5 -145.0 595.0 362 366 -1
365 10.0 -146.5 543.0 363 367 -1
366 -15.5 -145.0 595.5 364 368 -1
367 10.5 -146.0 543.0 365 369 -1
368 -15.5 -145.0 596.0 366 370 -1
369 11.0 -146.0 542.5 367 371 -1
370 -15.0 -145.0 596.5 368 372 -1
371 11.5 -145.5 542.5 369 373 -1
372 -15.5 -145.0 597.0 370 374 -1
373 12.0 -145.0 542.0 371 375 -1
374 -15.5 -144.5 597.5 372 376 -1
375 12.5 -145.0 541.5 373 377 -1
376 -15.5 -144.5 598.0 374 378 -1
377 13.0 -144.5 541.5 375 379 -1
378 -15.5 -144.5 598.5 376 380 -1
379 13.5 -144.0 541.5 377 381 -1
380 -15.5 -144.5 599.0 378 382 -1
381 14.0 -144.0 541.0 379 383 -1
382 -15.5 -144.5 599.5 380 384 -1
383 14.5 -143.5 541.0 381 385 -1
384 -15.5 -144.5 600.0 382 -1 -1
385 15.0 -143.0 541.0 383 386 -1
386 15.5 -143.0 540.5 385 387 -1
387 16.0 -142.5 540.5 386 388 -1
388 16.5 -142.0 540.0 387 389 -1
389 17.0 -141.5 540.0 388 390 -1
390 17.5 -141.0 540.0 389 391 -1
391 18.0 -140.5 540.0 390 392 -1
392 18.5 -140.0 540.0 391 393 -1
393 19.0 -139.5 540.0 392 394 -1
394 19.5 -139.0 540.0 393 395 -1
395 19.5 -138.5 540.0 394 396 -1
396 20.0 -138.0 540.0 395 397 -1
397 20.5 -137.5 540.0 396 398 -1
398 21.0 -137.0 540.0 397 399 -1
399 21.5 -136.5 540.5 398 400 -1
400 21.5 -136.0 540.5 399 401 -1
401 22.0 -135.5 541.0 400 402 -1
402 22.5 -135.0 541.0 401 403 -1
403 23.0 -134.5 541.5 402 404 -1
404 23.0 -134.0 541.5 403 405 -1
405 23.5 -133.5 542.0 404 406 -1
406 24.0 -133.0 542.0 405 407 -1
407 24.5 -132.5 542.0 406 408 -1
408 25.0 -132.0 542.5 407 409 -1
409 25.5 -131.5 542.5 408 410 -1
410 25.5 -131.0 543.0 409 411 -1
411 26.0 -130.5 543.0 410 412 -1
412 26.5 -130.0 543.5 411 413 -1
413 26.5 -129.5 543.5 412 414 -1
414 27.0 -129.0 544.0 413 415 -1
415 27.0 -128.5 544.0 414 416 -1
416 27.5 -128.0 544.5 415 417 -1
417 28.0 -127.5 545.0 416 418 -1
418 28.5 -127.5 545.5 417 419 -1
419 28.5 -127.0 546.0 418 420 -1
420 28.5 -126.5 546.5 419 421 -1
421 28.5 -126.0 547.0 420 422 -1
422 29.0 -125.5 547.5 421 423 -1
423 29.0 -125.0 548.0 422 424 -1
424 29.5 -125.0 548.5 423 425 -1
425 29.5 -124.5 549.0 424 426 -1
426 29.0 -124.0 549.5 425 427 -1
427 29.5 -124.0 550.0 426 428 -1
428 29.5 -123.5 550.5 427 429 -1
429 29.5 -123.0 551.0 428 430 -1
430 29.5 -122.5 551.5 429 431 -1
431 29.5 -122.5 552.0 430 432 -1
432 30.0 -122.5 552.5 431 433 -1
433 30.0 -122.0 553.0 432 434 -1
434 29.5 -121.5 553.5 433 435 -1
435 29.5 -121.0 554.0 434 436 -1
436 29.5 -121.0 554.5 435 437 -1
437 29.5 -121.0 555.0 436 438 -1
438 29.5 -120.5 555.5 437 439 -1
439 29.5 -120.5 556.0 438 440 -1
440 30.0 -120.0 556.5 439 441 -1
441 29.5 -120.0 557.0 440 442 -1
442 29.0 -120.0 557.5 441 443 -1
443 29.0 -120.0 558.0 442 444 -1
444 29.5 -119.5 558.5 443 445 -1
445 29.0 -119.5 559.0 444 446 -1
446 29.0 -119.5 559.5 445 447 -1
447 29.5 -119.0 560.0 446 448 -1
448 29.0 -119.0 560.5 447 449 -1
449 29.0 -119.0 561.0 448 450 -1
450 29.5 -118.5 561.5 449 451 -1
451 29.0 -119.0 562.0 450 452 -1
452 28.5 -119.0 562.0 451 453 -1
453 28.0 -119.0 562.5 452 454 -1
454 28.5 -119.0 563.0 453 455 -1
455 29.0 -118.5 563.5 454 456 -1
456 29.0 -118.0 564.0 455 457 -1
457 28.5 -118.5 564.5 456 458 -1
458 28.5 -118.0 565.0 457 459 -1
459 28.5 -118.0 565.5 458 460 -1
460 28.5 -118.0 566.0 459 461 -1
461 28.5 -118.0 566.5 460 462 -1
462 28.5 -117.5 567.0 461 463 -1
463 28.5 -117.5 567.5 462 464 -1
464 28.5 -117.5 568.0 463 465 -1
465 28.0 -118.0 568.5 464 466 -1
466 28.0 -118.0 569.0 465 467 -1
467 28.0 -118.0 569.5 466 468 -1
468 28.0 -117.5 570.0 467 469 -1
469 28.0 -117.5 570.5 468 470 -1
470 28.0 -117.5 571.0 469 471 -1
471 28.0 -117.5 571.5 470 472 -1
472 27.5 -118.0 572.0 471 473 -1
473 27.5 -118.0 572.5 472 474 -1
474 27.5 -117.5 573.0 473 475 -1
475 27.5 -117.5 573.5 474 476 -1
476 27.5 -117.5 574.0 475 477 -1
477 27.5 -117.5 574.5 476 478 -1
478 27.5 -117.5 575.0 477 479 -1
479 27.5 -117.5 575.5 478 480 -1
480 27.5 -117.5 576.0 479 481 -1
481 27.5 -117.5 576.5 480 482 -1
482 27.5 -118.0 577.0 481 483 -1
483 27.5 -118.0 577.5 482 484 -1
484 27.5 -118.0 578.0 483 485 -1
485 28.0 -118.0 578.5 484 486 -1
486 28.0 -118.0 579.0 485 487 -1
487 28.0 -118.0 579.5 486 488 -1
488 28.0 -118.0 580.0 487 489 -1
489 28.0 -118.0 580.5 488 490 -1
490 28.0 -118.5 581.0 489 491 -1
491 28.0 -118.5 581.5 490 492 -1
492 28.0 -118.5 582.0 491 493 -1
493 28.0 -118.5 582.5 492 494 -1
494 28.5 -118.5 583.0 493 495 -1
495 28.5 -118.5 583.5 494 496 -1
496 28.5 -118.5 584.0 495 497 -1
497 29.0 -118.5 584.5 496 498 -1
498 29.0 -118.5 585.0 497 499 -1
499 29.5 -118.0 585.5 498 500 -1
500 29.5 -118.5 586.0 499 501 -1
501 29.5 -118.5 586.5 500 502 -1
502 30.0 -118.5 587.0 501 503 -1
503 30.0 -119.0 587.5 502 504 -1
504 30.0 -119.0 588.0 503 505 -1
505 30.5 -119.0 588.5 504 506 -1
506 31.0 -119.0 589.0 505 507 -1
507 31.0 -119.5 589.5 506 508 -1
508 31.5 -119.5 590.0 507 509 -1
509 32.0 -119.5 590.5 508 510 -1
510 32.5 -119.5 591.0 509 511 -1
511 33.0 -119.5 591.5 510 512 -1
512 33.0 -119.5 592.0 511 513 -1
513 33.5 -119.5 592.5 512 514 -1
514 34.0 -119.5 593.0 513 515 -1
515 34.5 -119.5 593.0 514 516 -1
516 35.0 -119.5 593.5 515 517 -1
517 35.5 -119.5 594.0 516 518 -1
518 36.0 -119.5 594.5 517 519 -1
519 36.5 -120.0 594.5 518 520 -1
520 37.0 -119.5 595.0 519 521 -1
521 37.5 -120.0 595.0 520 522 -1
522 38.0 -120.0 595.0 521 523 -1
523 38.5 -120.0 595.5 522 524 -1
524 39.0 -120.0 595.5 523 525 -1
525 39.5 -120.0 596.0 524 526 -1
526 40.0 -120.0 596.0 525 527 -1
527 40.5 -120.0 596.5 526 528 -1
528 41.0 -120.0 597.0 527 529 -1
529 41.5 -120.5 597.0 528 530 -1
530 42.0 -120.0 597.5 529 531 -1
531 42.5 -120.5 597.5 530 532 -1
532 43.0 -120.5 597.5 531 533 -1
533 43.5 -121.0 597.5 532 -1 -1
