0 -46.0 -183.5 421.5 -1 1 -1
1 -46.5 -183.0 421.5 0 2 -1
2 -47.0 -182.5 421.5 1 3 -1
3 -47.5 -182.0 421.0 2 4 -1
4 -48.0 -182.0 421.0 3 5 -1
5 -48.5 -181.5 421.0 4 6 -1
6 -49.0 -181.0 421.0 5 7 -1
7 -49.5 -181.0 421.0 6 8 -1
8 -50.0 -180.5 421.0 7 9 -1
9 -50.5 -180.0 420.5 8 10 -1
10 -50.5 -179.5 420.0 9 11 -1
11 -51.0 -179.0 420.0 10 12 -1
12 -51.0 -178.5 419.5 11 13 -1
13 -51.5 -178.0 419.5 12 14 -1
14 -51.5 -177.5 419.0 13 15 -1
15 -52.0 -177.0 419.0 14 16 -1
16 -52.5 -176.5 419.0 15 17 -1
17 -53.0 -176.0 418.5 16 18 -1
18 -53.5 -175.5 418.0 17 19 -1
19 -53.5 -175.0 417.5 18 20 -1
20 -54.0 -174.5 417.5 19 21 -1
21 -54.0 -174.0 417.0 20 22 -1
22 -54.0 -173.5 416.5 21 23 -1
23 -54.0 -173.0 416.0 22 24 -1
24 -54.5 -172.5 416.0 23 25 -1
25 -54.5 -172.0 415.5 24 26 -1
26 -54.5 -171.5 415.0 25 27 -1
27 -54.5 -171.0 414.5 26 28 -1
28 -54.5 -170.5 414.0 27 29 -1
29 -54.5 -170.0 413.5 28 30 -1
30 -54.0 -169.5 413.0 29 31 -1
31 -54.0 -169.0 413.0 30 32 -1
32 -54.0 -168.5 412.5 31 33 -1
33 -54.0 -168.0 412.0 32 34 -1
34 -53.5 -168.0 411.5 33 35 -1
35 -53.5 -167.5 411.0 34 36 -1
36 -53.0 -167.0 410.5 35 37 -1
37 -52.5 -166.5 410.0 36 38 -1
38 -52.5 -166.0 409.5 37 39 -1
39 -52.5 -165.5 409.0 38 40 -1
40 -52.5 -165.0 408.5 39 41 42
41 -53.0 -164.5 408.0 40 43 -1
42 -52.0 -164.5 408.0 40 44 -1
43 -53.5 -164.5 408.0 41 45 -1
44 -51.5 -164.5 407.5 42 46 -1
45 -54.0 -164.0 408.0 43 47 -1
46 -51.0 -164.0 407.0 44 48 -1
47 -54.5 -163.5 408.0 45 49 -1
48 -50.5 -164.0 407.0 46 50 -1
49 -55.0 -163.5 407.5 47 51 -1
50 -50.0 -164.0 406.5 48 52 -1
51 -55.5 -163.5 407.5 49 53 -1
52 -49.5 -163.5 406.0 50 54 -1
53 -56.0 -163.5 407.5 51 55 -1
54 -49.0 -163.5 405.5 52 56 -1
55 -56.5 -163.0 407.5 53 57 -1
56 -48.5 -163.5 405.0 54 58 -1
57 -57.0 -163.0 408.0 55 59 -1
58 -48.0 -163.5 405.0 56 60 -1
59 -57.5 -162.5 407.5 57 61 -1
60 -47.5 -163.5 405.0 58 62 -1
61 -58.0 -162.5 407.5 59 63 -1
62 -47.0 -163.5 404.5 60 64 -1
63 -58.5 -162.5 407.5 61 65 -1
64 -46.5 -163.5 404.5 62 66 -1
65 -59.0 -162.5 407.5 63 67 -1
66 -46.0 -163.5 404.0 64 68 -1
67 -59.5 -162.0 407.0 65 69 -1
68 -45.5 -163.5 404.0 66 70 -1
69 -60.0 -162.0 407.0 67 71 -1
70 -45.0 -163.5 403.5 68 72 -1
71 -60.5 -162.0 407.5 69 73 -1
72 -44.5 -164.0 403.5 70 74 -1
73 -61.0 -162.0 407.5 71 75 -1
74 -44.0 -164.0 403.5 72 76 -1
75 -61.5 -162.0 407.5 73 77 -1
76 -43.5 -164.5 403.5 74 78 -1
77 -62.0 -161.5 407.5 75 79 -1
78 -43.0 -164.5 403.0 76 80 -1
79 -62.5 -161.0 407.5 77 81 -1
80 -42.5 -164.5 402.5 78 82 -1
81 -63.0 -161.0 408.0 79 83 -1
82 -42.0 -164.5 402.5 80 84 -1
83 -63.5 -161.0 408.5 81 85 -1
84 -41.5 -165.0 402.5 82 86 -1
85 -64.0 -160.5 408.5 83 87 -1
86 -41.0 -165.0 402.5 84 88 -1
87 -64.5 -160.5 408.5 85 89 -1
88 -40.5 -165.5 402.0 86 90 -1
89 -65.0 -160.0 408.5 87 91 -1
90 -40.0 -165.5 401.5 88 92 -1
91 -65.5 -159.5 408.5 89 93 -1
92 -39.5 -166.0 401.0 90 94 -1
93 -66.0 -159.0 408.5 91 95 -1
94 -39.0 -166.0 401.0 92 96 -1
95 -66.5 -159.0 409.0 93 97 -1
96 -38.5 -166.0 400.5 94 98 -1
97 -67.0 -158.5 409.0 95 99 -1
98 -38.0 -166.0 400.5 96 100 -1
99 -67.5 -158.5 409.5 97 101 -1
100 -37.5 -166.0 400.0 98 102 -1
101 -68.0 -158.5 409.5 99 103 -1
102 -37.0 -166.0 400.0 100 104 -1
103 -68.5 -158.5 410.0 101 105 -1
104 -36.5 -165.5 399.5 102 106 -1
105 -69.0 -158.0 410.0 103 107 -1
106 -36.0 -165.5 399.0 104 108 -1
107 -69.5 -157.5 410.0 105 109 -1
108 -35.5 -165.5 399.0 106 110 -1
109 -70.0 -157.5 410.0 107 111 -1
110 -35.0 -165.0 398.5 108 112 -1
111 -70.5 -157.5 410.5 109 -1 -1
112 -34.5 -165.0 398.5 110 113 -1
113 -34.0 -165.0 398.0 112 114 -1
114 -33.5 -164.5 398.0 113 115 -1
115 -33.0 -164.5 397.5 114 116 -1
116 -33.0 -165.0 397.0 115 117 -1
117 -32.5 -165.0 396.5 116 118 -1
118 -32.5 -165.5 396.0 117 119 -1
119 -32.0 -166.0 395.5 118 120 -1
120 -31.5 -166.5 395.0 119 121 -1
121 -31.0 -166.5 394.5 120 122 123
122 -30.5 -167.0 394.0 121 124 -1
123 -30.5 -166.0 394.0 121 125 -1
124 -30.0 -167.5 393.5 122 126 -1
125 -30.0 -166.0 393.5 123 127 -1
126 -29.5 -168.0 393.0 124 128 -1
127 -29.5 -165.5 393.0 125 129 -1
128 -29.0 -168.5 392.5 126 130 -1
129 -29.0 -165.5 392.5 127 131 -1
130 -29.0 -169.0 392.5 128 132 -1
131 -28.5 -165.5 392.0 129 133 -1
132 -28.5 -169.5 392.0 130 134 -1
133 -28.0 -165.5 391.5 131 135 -1
134 -28.5 -170.0 392.0 132 136 -1
135 -27.5 -165.0 391.5 133 137 -1
136 -28.0 -170.5 391.5 134 138 -1
137 -27.0 -165.0 391.0 135 139 -1
138 -27.5 -171.0 391.0 136 140 -1
139 -26.5 -164.5 390.5 137 141 -1
140 -27.5 -171.5 390.5 138 142 -1
141 -26.5 -164.0 390.5 139 143 -1
142 -27.0 -172.0 390.0 140 144 -1
143 -26.0 -163.5 390.5 141 145 -1
144 -27.0 -172.5 390.0 142 146 -1
145 -25.5 -163.5 390.5 143 147 -1
146 -27.0 -173.0 389.5 144 148 -1
147 -25.0 -163.5 391.0 145 149 -1
148 -26.5 -173.5 389.0 146 150 -1
149 -24.5 -163.5 391.5 147 151 -1
150 -26.5 -174.0 388.5 148 152 -1
151 -24.0 -163.5 391.5 149 153 -1
152 -26.5 -174.5 388.0 150 154 -1
153 -23.5 -163.5 391.5 151 155 -1
154 -26.0 -175.0 387.5 152 156 -1
155 -23.0 -163.0 391.5 153 157 -1
156 -26.0 -175.0 387.0 154 158 -1
157 -22.5 -162.5 391.5 155 159 -1
158 -25.5 -175.5 386.5 156 160 -1
159 -22.0 -162.5 391.5 157 161 -1
160 -26.0 -176.0 386.0 158 162 -1
161 -21.5 -162.0 391.5 159 163 -1
162 -25.5 -176.0 385.5 160 164 -1
163 -21.0 -162.5 392.0 161 165 -1
164 -25.5 -176.5 385.0 162 166 -1
165 -20.5 -162.5 392.5 163 167 -1
166 -25.5 -177.0 384.5 164 168 -1
167 -20.5 -162.5 393.0 165 169 -1
168 -25.0 -177.5 384.0 166 170 -1
169 -20.0 -162.5 393.5 167 171 -1
170 -25.0 -177.5 383.5 168 172 -1
171 -19.5 -162.5 394.0 169 173 -1
172 -24.5 -177.5 383.0 170 174 -1
173 -19.5 -162.5 394.5 171 175 -1
174 -24.0 -178.0 382.5 172 176 -1
175 -19.0 -162.5 395.0 173 177 -1
176 -24.0 -178.0 382.0 174 178 -1
177 -18.5 -162.5 395.5 175 179 -1
178 -23.5 -178.5 381.5 176 180 -1
179 -18.0 -162.5 396.0 177 181 -1
180 -23.0 -179.0 381.0 178 182 -1
181 -18.0 -162.5 396.5 179 183 -1
182 -22.5 -179.5 380.5 180 184 -1
183 -17.5 -162.5 397.0 181 185 -1
184 -22.0 -179.5 380.0 182 186 -1
185 -17.5 -162.5 397.5 183 187 -1
186 -22.0 -179.5 379.5 184 188 -1
187 -17.5 -163.0 398.0 185 189 -1
188 -22.0 -179.5 379.0 186 190 -1
189 -17.0 -163.0 398.5 187 191 -1
190 -21.5 -180.0 378.5 188 192 -1
191 -17.0 -163.0 399.0 189 193 -1
192 -21.0 -180.0 378.0 190 194 -1
193 -16.5 -163.0 399.5 191 195 -1
194 -20.5 -180.0 377.5 192 196 -1
195 -16.5 -163.5 400.0 193 197 -1
196 -20.0 -180.0 377.0 194 198 -1
197 -16.0 -163.5 400.5 195 199 -1
198 -20.0 -179.5 376.5 196 200 -1
199 -16.0 -164.0 401.0 197 201 -1
200 -20.0 -180.0 376.0 198 202 -1
201 -15.5 -164.0 401.5 199 203 -1
202 -19.5 -179.5 375.5 200 204 -1
203 -15.0 -164.0 402.0 201 205 -1
204 -19.5 -179.5 375.0 202 206 -1
205 -15.0 -164.0 402.5 203 207 -1
206 -19.0 -179.5 374.5 204 208 -1
207 -14.5 -164.0 403.0 205 209 -1
208 -18.5 -179.5 374.0 206 210 -1
209 -14.0 -164.5 403.5 207 211 -1
210 -18.5 -179.5 373.5 208 212 -1
211 -13.5 -164.5 404.0 209 213 -1
212 -18.5 -179.5 373.0 210 214 215
213 -13.0 -165.0 404.5 211 216 -1
214 -19.0 -180.0 372.5 212 217 -1
215 -18.0 -179.5 372.5 212 218 -1
216 -12.5 -165.0 405.0 213 219 -1
217 -19.0 -180.0 372.0 214 220 -1
218 -18.0 -179.5 372.0 215 221 -1
219 -12.0 -165.0 405.5 216 222 -1
220 -19.0 -180.5 371.5 217 223 -1
221 -17.5 -179.5 371.5 218 224 -1
222 -11.5 -165.0 405.5 219 225 -1
223 -19.5 -181.0 371.0 220 226 -1
224 -17.5 -180.0 371.0 221 227 -1
225 -11.0 -165.5 406.0 222 228 -1
226 -20.0 -181.5 370.5 223 229 -1
227 -17.5 -180.0 370.5 224 230 -1
228 -10.5 -165.5 406.5 225 231 -1
229 -20.5 -182.0 370.0 226 232 -1
230 -17.0 -179.5 370.0 227 233 -1
231 -10.0 -166.0 406.5 228 234 -1
232 -20.5 -182.5 369.5 229 235 -1
233 -17.0 -180.0 369.5 230 236 -1
234 -9.5 -166.0 407.0 231 237 -1
235 -21.0 -183.0 369.0 232 238 -1
236 -16.5 -180.0 369.0 233 239 -1
237 -9.0 -166.0 407.5 234 240 -1
238 -21.0 -183.5 369.0 235 241 -1
239 -16.0 -180.0 368.5 236 242 -1
240 -8.5 -166.0 407.5 237 243 -1
241 -21.5 -184.0 368.5 238 244 -1
242 -15.5 -180.0 368.0 239 245 -1
243 -8.0 -166.5 407.5 240 246 -1
244 -21.5 -184.5 368.0 241 247 -1
245 -15.5 -180.0 367.5 242 248 -1
246 -7.5 -166.5 408.0 243 249 -1
247 -22.0 -185.0 367.5 244 250 -1
248 -15.0 -180.0 367.0 245 251 -1
249 -7.0 -166.5 408.0 246 252 -1
250 -22.5 -185.5 367.0 247 253 -1
251 -14.5 -180.0 366.5 248 254 -1
252 -6.5 -166.5 408.5 249 255 -1
253 -22.5 -186.0 367.0 250 256 -1
254 -14.0 -180.0 366.0 251 257 -1
255 -6.0 -166.5 408.5 252 258 -1
256 -22.5 -186.5 367.0 253 259 -1
257 -13.5 -180.0 365.5 254 260 -1
258 -5.5 -167.0 408.5 255 261 -1
259 -23.0 -187.0 366.5 256 262 -1
260 -13.0 -180.0 365.0 257 263 -1
261 -5.0 -167.0 408.5 258 264 -1
262 -23.0 -187.5 366.5 259 265 -1
263 -12.5 -180.5 364.5 260 266 -1
264 -4.5 -167.0 408.5 261 267 -1
265 -23.0 -188.0 366.5 262 268 -1
266 -12.0 -180.5 364.0 263 269 -1
267 -4.0 -167.5 408.5 264 270 -1
268 -23.5 -188.5 366.0 265 271 -1
269 -11.5 -180.5 363.5 266 272 -1
270 -3.5 -167.5 408.5 267 273 -1
271 -24.0 -189.0 365.5 268 274 -1
272 -11.5 -180.5 363.0 269 275 -1
273 -3.0 -167.5 408.5 270 276 -1
274 -24.5 -189.0 365.0 271 277 -1
275 -11.0 -180.5 362.5 272 278 -1
276 -2.5 -167.5 408.5 273 279 -1
277 -25.0 -189.5 365.0 274 280 -1
278 -10.5 -181.0 362.5 275 281 -1
279 -2.0 -167.5 409.0 276 282 -1
280 -25.5 -190.0 365.0 277 283 -1
281 -10.0 -181.0 362.0 278 284 -1
282 -1.5 -167.5 409.0 279 285 -1
283 -26.0 -190.5 364.5 280 286 -1
284 -9.5 -181.5 361.5 281 287 -1
285 -1.0 -167.5 409.0 282 288 -1
286 -26.5 -191.0 364.5 283 289 -1
287 -9.0 -181.5 361.0 284 290 -1
288 -0.5 -167.5 408.5 285 291 -1
289 -27.0 -191.5 364.0 286 292 -1
290 -8.5 -182.0 360.5 287 293 -1
291 0.0 -167.5 408.5 288 294 -1
292 -27.5 -192.0 364.0 289 295 -1
293 -8.0 -182.0 360.0 290 296 -1
294 0.5 -167.5 408.5 291 297 -1
295 -27.5 -192.5 364.0 292 298 -1
296 -7.5 -182.0 359.5 293 299 -1
297 1.0 -168.0 409.0 294 300 -1
298 -28.0 -193.0 363.5 295 301 -1
299 -7.0 -182.0 359.0 296 302 -1
300 1.5 -168.0 409.0 297 303 -1
301 -28.5 -193.5 363.0 298 304 -1
302 -6.5 -182.0 358.5 299 305 -1
303 2.0 -168.0 409.0 300 306 -1
304 -29.0 -194.0 362.5 301 307 -1
305 -6.0 -182.0 358.0 302 308 -1
306 2.5 -168.0 409.0 303 309 -1
307 -29.5 -194.5 362.0 304 310 -1
308 -5.5 -182.5 358.0 305 311 -1
309 3.0 -168.0 408.5 306 312 -1
310 -29.5 -195.0 361.5 307 313 -1
311 -5.0 -182.5 357.5 308 314 -1
312 3.5 -167.5 408.5 309 315 -1
313 -30.0 -195.5 361.0 310 316 -1
314 -4.5 -182.5 357.0 311 317 -1
315 4.0 -167.5 408.5 312 318 -1
316 -29.5 -195.5 360.5 313 319 -1
317 -4.0 -183.0 357.0 314 320 -1
318 4.5 -167.5 408.5 315 321 -1
319 -30.0 -196.0 360.0 316 322 -1
320 -3.5 -183.0 356.5 317 323 -1
321 5.0 -167.5 408.0 318 324 -1
322 -30.5 -196.5 359.5 319 325 -1
323 -3.0 -183.0 356.0 320 326 -1
324 5.5 -167.5 408.0 321 327 -1
325 -31.0 -197.0 359.5 322 328 -1
326 -2.5 -183.5 356.5 323 329 -1
327 6.0 -167.5 408.0 324 330 -1
328 -31.0 -197.5 359.0 325 331 -1
329 -2.0 -183.5 356.0 326 332 -1
330 6.5 -167.5 407.5 327 333 -1
331 -31.0 -198.0 358.5 328 334 -1
332 -1.5 -183.5 356.0 329 335 -1
333 7.0 -167.0 407.5 330 336 -1
334 -31.5 -198.5 358.5 331 337 -1
335 -1.0 -183.5 356.0 332 338 -1
336 7.5 -167.0 407.5 333 339 -1
337 -32.0 -199.0 358.0 334 340 -1
338 -0.5 -183.5 356.0 335 341 -1
339 8.0 -167.0 407.0 336 342 -1
340 -32.0 -199.5 357.5 337 343 -1
341 0.0 -183.5 356.0 338 344 -1
342 8.5 -167.0 407.0 339 345 -1
343 -32.0 -199.5 357.0 340 346 -1
344 0.5 -184.0 356.0 341 347 -1
345 9.0 -166.5 407.0 342 348 -1
346 -32.0 -200.0 356.5 343 349 -1
347 1.0 -184.0 355.5 344 350 -1
348 9.5 -166.5 406.5 345 351 -1
349 -32.5 -200.5 356.0 346 352 -1
350 1.5 -184.0 355.5 347 353 -1
351 10.0 -166.5 406.5 348 354 -1
352 -33.0 -201.0 355.5 349 355 -1
353 2.0 -184.5 355.5 350 356 -1
354 10.5 -166.0 406.5 351 357 -1
355 -33.5 -201.5 355.0 352 358 -1
356 2.5 -185.0 355.0 353 359 -1
357 11.0 -166.0 406.5 354 360 -1
358 -34.0 -202.0 354.5 355 361 -1
359 3.0 -185.0 355.0 356 362 -1
360 11.5 -166.0 406.0 357 363 -1
361 -34.5 -202.5 354.5 358 364 -1
362 3.5 -185.0 355.0 359 365 -1
363 12.0 -166.0 406.5 360 366 -1
364 -34.5 -203.0 354.0 361 367 -1
365 4.0 -185.0 354.5 362 368 -1
366 12.5 -166.0 406.0 363 369 -1
367 -35.0 -203.5 353.5 364 370 -1
368 4.5 -185.5 354.5 365 371 -1
369 13.0 -165.5 406.0 366 372 -1
370 -35.5 -203.5 353.5 367 373 -1
371 5.0 -185.5 354.5 368 374 -1
372 13.5 -165.5 406.0 369 375 -1
373 -36.0 -204.0 353.0 370 376 -1
374 5.5 -185.0 354.0 371 377 -1
375 14.0 -165.5 406.0 372 378 -1
376 -36.5 -204.5 352.5 373 379 -1
377 6.0 -185.0 354.0 374 380 -1
378 14.5 -165.5 406.0 375 381 -1
379 -37.0 -205.0 352.0 376 382 -1
380 6.5 -185.5 354.5 377 383 -1
381 15.0 -165.0 406.0 378 384 -1
382 -37.5 -205.0 351.5 379 385 -1
383 7.0 -185.5 354.5 380 386 -1
384 15.5 -165.0 406.0 381 387 -1
385 -38.0 -205.0 351.5 382 388 -1
386 7.5 -185.5 354.5 383 389 -1
387 16.0 -165.0 406.0 384 390 -1
388 -38.5 -205.5 351.0 385 391 -1
389 8.0 -185.0 354.0 386 392 -1
390 16.5 -164.5 406.5 387 393 -1
391 -39.0 -206.0 351.0 388 394 -1
392 8.5 -185.0 354.0 389 395 -1
393 17.0 -164.0 406.0 390 396 -1
394 -39.5 -206.0 350.5 391 397 -1
395 9.0 -185.0 354.0 392 398 -1
396 17.5 -163.5 406.0 393 399 -1
397 -40.0 -206.0 350.0 394 400 -1
398 9.5 -185.0 354.0 395 401 -1
399 18.0 -164.0 406.5 396 402 -1
400 -40.5 -206.5 350.0 397 403 -1
401 10.0 -185.5 354.0 398 404 -1
402 18.5 -163.5 406.5 399 405 -1
403 -41.0 -207.0 350.0 400 406 -1
404 10.5 -185.5 354.0 401 407 -1
405 19.0 -163.5 407.0 402 408 -1
406 -41.5 -207.0 349.5 403 409 -1
407 11.0 -185.5 353.5 404 410 -1
408 19.5 -163.0 407.0 405 411 -1
409 -42.0 -207.0 349.0 406 412 -1
410 11.5 -185.5 353.5 407 413 -1
411 20.0 -163.5 407.5 408 414 -1
412 -42.5 -207.5 349.0 409 415 -1
413 12.0 -185.5 353.5 410 416 -1
414 20.5 -163.0 407.5 411 417 -1
415 -43.0 -207.5 348.5 412 418 -1
416 12.5 -185.5 353.5 413 419 -1
417 21.0 -163.0 408.0 414 420 -1
418 -43.5 -208.0 348.5 415 421 -1
419 13.0 -185.5 353.5 416 422 -1
420 21.5 -163.0 408.5 417 423 -1
421 -44.0 -207.5 348.0 418 424 -1
422 13.5 -185.5 353.5 419 425 -1
423 22.0 -162.5 408.5 420 426 -1
424 -44.5 -208.0 348.0 421 427 -1
425 14.0 -185.5 353.0 422 428 -1
426 22.5 -162.5 409.0 423 429 -1
427 -45.0 -208.0 347.5 424 430 -1
428 14.5 -185.5 353.0 425 431 -1
429 23.0 -162.5 409.5 426 432 -1
430 -45.5 -208.0 347.5 427 433 -1
431 15.0 -186.0 353.0 428 434 -1
432 23.5 -162.5 409.5 429 435 -1
433 -46.0 -208.0 347.0 430 436 -1
434 15.5 -186.0 353.0 431 437 -1
435 24.0 -162.5 410.0 432 438 -1
436 -46.5 -208.5 347.0 433 439 -1
437 16.0 -186.0 353.0 434 440 -1
438 24.5 -162.0 410.0 435 441 -1
439 -47.0 -208.5 347.0 436 442 -1
440 16.5 -186.0 352.5 437 443 -1
441 25.0 -162.0 410.0 438 444 -1
442 -47.5 -208.5 346.5 439 445 -1
443 17.0 -186.0 352.5 440 446 -1
444 25.5 -162.0 410.5 441 447 -1
445 -48.0 -208.5 346.5 442 448 -1
446 17.5 -186.0 352.5 443 449 -1
447 26.0 -162.0 410.5 444 450 -1
448 -48.5 -208.5 346.5 445 451 -1
449 18.0 -186.0 352.5 446 452 -1
450 26.5 -162.0 411.0 447 453 -1
451 -49.0 -208.5 346.5 448 454 -1
452 18.5 -186.0 352.5 449 455 -1
453 27.0 -162.0 411.0 450 456 -1
454 -49.5 -208.5 346.5 451 -1 -1
455 19.0 -186.0 352.5 452 457 -1
456 27.5 -161.5 411.5 453 458 -1
457 19.5 -186.0 352.5 455 459 -1
458 28.0 -161.5 411.5 456 460 -1
459 20.0 -186.0 352.0 457 461 -1
460 28.5 -161.5 411.5 458 462 -1
461 20.5 -186.0 352.0 459 463 -1
462 29.0 -161.5 412.0 460 464 -1
463 21.0 -186.0 352.0 461 465 -1
464 29.5 -161.5 412.0 462 466 -1
465 21.5 -186.0 352.0 463 467 -1
466 30.0 -161.0 412.0 464 468 -1
467 22.0 -186.0 352.0 465 469 -1
468 30.5 -161.0 412.0 466 470 -1
469 22.5 -186.0 352.0 467 471 -1
470 31.0 -161.0 412.5 468 472 -1
471 23.0 -186.0 352.0 469 473 -1
472 31.5 -160.5 412.5 470 474 -1
473 23.5 -186.0 352.0 471 475 -1
474 32.0 -160.5 412.5 472 476 -1
475 24.0 -186.0 352.0 473 477 -1
476 32.5 -160.5 412.5 474 478 -1
477 24.5 -186.5 352.0 475 479 -1
478 33.0 -160.5 413.0 476 480 -1
479 25.0 -186.5 352.0 477 481 -1
480 33.5 -160.5 413.0 478 482 -1
481 25.5 -186.5 352.0 479 483 -1
482 34.0 -160.0 413.0 480 484 -1
483 26.0 -186.5 351.5 481 485 -1
484 34.5 -159.5 413.0 482 486 -1
485 26.5 -186.5 351.5 483 487 -1
486 35.0 -159.5 413.0 484 488 -1
487 27.0 -186.5 351.5 485 489 -1
488 35.5 -159.0 413.0 486 490 -1
489 27.5 -186.5 351.5 487 491 -1
490 36.0 -158.5 412.5 488 492 -1
491 28.0 -187.0 351.5 489 493 -1
492 36.0 -158.0 412.5 490 494 -1
493 28.5 -187.5 351.0 491 495 -1
494 36.5 -157.5 413.0 492 496 -1
495 29.0 -187.5 351.0 493 497 -1
496 36.5 -157.0 413.0 494 498 -1
497 29.5 -187.5 351.0 495 499 -1
498 37.0 -156.5 413.0 496 500 -1
499 30.0 -187.5 351.0 497 501 -1
500 37.0 -156.0 413.0 498 -1 -1
501 30.5 -187.5 351.0 499 502 -1
502 31.0 -188.0 351.0 501 503 -1
503 31.5 -188.0 351.0 502 504 -1
504 32.0 -188.0 351.0 503 505 -1
505 32.5 -188.5 350.5 504 506 -1
506 33.0 -189.0 350.5 505 507 -1
507 33.5 -189.0 351.0 506 508 -1
508 34.0 -189.5 351.0 507 509 -1
509 34.0 -190.0 350.5 508 510 -1
510 34.5 -190.5 350.5 509 511 -1
511 35.0 -191.0 351.0 510 512 -1
512 35.5 -191.5 351.0 511 513 -1
513 36.0 -192.0 351.5 512 514 -1
514 36.5 -192.5 352.0 513 515 -1
515 37.0 -193.0 352.0 514 516 -1
516 37.5 -193.5 352.5 515 517 -1
517 38.0 -194.0 353.0 516 518 -1
518 38.0 -194.5 353.5 517 519 -1
519 38.5 -195.0 354.0 518 520 -1
520 38.5 -195.5 354.5 519 521 -1
521 39.0 -196.0 355.0 520 522 -1
522 39.0 -196.5 355.5 521 523 -1
523 39.0 -197.0 356.0 522 524 -1
524 39.5 -197.5 356.5 523 525 -1
525 39.5 -198.0 357.0 524 526 -1
526 39.5 -198.5 357.5 525 527 -1
527 40.0 -199.0 357.5 526 528 -1
528 40.0 -199.5 358.0 527 529 -1
529 40.0 -199.5 358.5 528 530 -1
530 40.0 -200.0 359.0 529 531 -1
531 40.5 -200.5 359.5 530 532 -1
532 40.5 -201.0 359.5 531 533 -1
533 40.5 -201.5 360.0 532 534 -1
534 40.5 -202.0 360.5 533 535 -1
535 40.5 -202.5 360.5 534 536 -1
536 40.5 -203.0 361.0 535 537 -1
537 40.5 -203.5 361.0 536 538 -1
538 40.5 -204.0 361.5 537 539 -1
539 40.5 -204.5 361.5 538 540 -1
540 40.5 -205.0 362.0 539 541 -1
541 40.5 -205.5 362.5 540 542 -1
542 40.0 -206.0 363.0 541 543 -1
543 40.0 -206.5 363.5 542 544 -1
544 40.0 -207.0 364.0 543 545 -1
545 40.0 -207.5 364.0 544 546 -1
546 40.0 -208.0 364.0 545 547 -1
547 40.0 -208.5 364.5 546 548 -1
548 40.0 -209.0 365.0 547 549 -1
549 40.0 -209.5 365.5 548 550 -1
550 40.0 -210.0 365.5 549 551 -1
551 40.0 -210.5 366.0 550 552 -1
552 39.5 -211.0 366.0 551 553 -1
553 39.5 -211.5 366.0 552 554 -1
554 39.0 -212.0 366.0 553 555 -1
555 39.0 -212.5 366.0 554 556 -1
556 38.5 -213.0 366.0 555 557 -1
557 38.5 -213.5 366.0 556 558 -1
558 38.0 -214.0 366.0 557 559 -1
559 38.0 -214.5 366.0 558 560 -1
560 37.5 -215.0 366.5 559 561 -1
561 37.5 -215.5 366.0 560 562 -1
562 37.5 -216.0 366.0 561 563 -1
563 37.0 -216.5 366.5 562 564 -1
564 37.0 -217.0 366.0 563 565 -1
565 36.5 -217.5 366.0 564 566 -1
566 36.0 -218.0 366.0 565 567 -1
567 36.0 -218.5 365.5 566 568 -1
568 35.5 -219.0 365.5 567 569 -1
569 35.5 -219.5 365.0 568 570 -1
570 35.5 -220.0 364.5 569 571 -1
571 35.0 -220.5 364.5 570 572 -1
572 34.5 -221.0 364.0 571 573 -1
573 34.5 -221.5 363.5 572 574 -1
574 34.0 -222.0 363.5 573 575 -1
575 33.5 -222.5 363.5 574 576 -1
576 33.0 -223.0 363.0 575 577 -1
577 32.5 -223.5 362.5 576 578 -1
578 32.0 -224.0 362.0 577 579 -1
579 31.5 -224.5 361.5 578 580 -1
580 31.0 -225.0 361.0 579 581 -1
581 30.5 -225.5 360.5 580 582 -1
582 30.0 -225.0 360.5 581 583 -1
583 29.5 -225.5 360.0 582 584 -1
584 29.0 -226.0 359.5 583 585 -1
585 28.5 -226.0 359.0 584 586 -1
586 28.0 -226.0 358.5 585 587 -1
587 27.5 -226.5 358.0 586 588 -1
588 27.0 -226.5 357.5 587 589 -1
589 26.5 -227.0 357.0 588 590 -1
590 26.0 -227.0 356.5 589 591 -1
591 25.5 -227.0 356.0 590 592 -1
592 25.0 -227.0 355.5 591 593 -1
593 25.0 -227.5 355.0 592 594 -1
594 24.5 -227.5 354.5 593 595 -1
595 24.0 -227.5 354.0 594 596 -1
596 23.5 -227.5 353.5 595 597 -1
597 23.0 -227.5 353.0 596 598 -1
598 22.5 -227.5 352.5 597 599 -1
599 22.0 -228.0 352.0 598 600 -1
600 21.5 -228.0 351.5 599 601 -1
601 21.5 -228.0 351.0 600 602 -1
602 21.0 -228.0 350.5 601 603 -1
603 20.5 -228.0 350.0 602 604 -1
604 20.5 -228.0 349.5 603 605 -1
605 20.0 -228.0 349.0 604 606 -1
606 20.0 -228.0 348.5 605 607 -1
607 19.5 -228.0 348.0 606 608 -1
608 19.0 -227.5 347.5 607 609 -1
609 19.0 -227.5 347.0 608 610 -1
610 18.5 -227.5 346.5 609 611 -1
611 18.5 -227.5 346.0 610 612 -1
612 18.0 -227.5 345.5 611 613 -1
613 18.0 -227.5 345.0 612 614 -1
614 17.5 -227.5 344.5 613 615 -1
615 18.0 -227.0 344.0 614 616 -1
616 18.0 -227.0 343.5 615 617 -1
617 17.5 -227.0 343.0 616 618 -1
618 17.5 -227.0 342.5 617 619 -1
619 17.5 -227.0 342.0 618 620 -1
620 17.5 -226.5 341.5 619 621 -1
621 17.5 -226.5 341.0 620 622 -1
622 17.5 -226.0 340.5 621 623 -1
623 17.0 -226.0 340.0 622 624 -1
624 17.0 -226.0 339.5 623 625 -1
625 17.5 -226.0 339.0 624 626 -1
626 17.5 -226.0 338.5 625 627 -1
627 17.5 -226.0 338.0 626 628 -1
628 17.5 -225.5 337.5 627 629 -1
629 17.5 -225.5 337.0 628 630 -1
630 18.0 -225.0 336.5 629 631 -1
631 18.0 -225.5 336.0 630 632 -1
632 18.0 -225.0 335.5 631 633 -1
633 18.5 -225.0 335.0 632 634 -1
634 19.0 -225.0 334.5 633 635 -1
635 19.5 -224.5 334.0 634 636 -1
636 20.0 -224.5 333.5 635 637 -1
637 20.5 -224.5 333.0 636 638 -1
638 21.0 -224.5 332.5 637 639 -1
639 21.5 -224.5 332.0 638 640 -1
640 22.0 -224.5 332.0 639 641 -1
641 22.5 -224.5 332.0 640 642 -1
642 23.0 -224.5 332.0 641 643 -1
643 23.5 -224.5 332.0 642 644 -1
644 24.0 -224.5 332.0 643 645 -1
645 24.5 -224.5 332.0 644 646 -1
646 25.0 -224.5 332.0 645 647 -1
647 25.5 -224.5 332.0 646 648 -1
648 26.0 -225.0 332.0 647 649 -1
649 26.5 -225.0 332.5 648 650 -1
650 27.0 -225.5 332.5 649 651 -1
651 27.5 -225.5 333.0 650 652 -1
652 28.0 -226.0 333.5 651 653 -1
653 28.5 -226.0 334.0 652 654 -1
654 29.0 -226.0 334.5 653 655 -1
655 29.5 -226.0 334.5 654 656 -1
656 30.0 -226.0 335.0 655 657 -1
657 30.0 -226.5 335.5 656 658 -1
658 30.5 -226.5 336.0 657 659 -1
659 31.0 -227.0 336.5 658 660 -1
660 31.5 -226.5 337.0 659 661 -1
661 31.5 -226.5 337.5 660 662 -1
662 32.0 -227.0 338.0 661 663 -1
663 32.0 -227.0 338.5 662 664 -1
664 32.5 -227.0 339.0 663 665 -1
665 33.0 -227.0 339.5 664 666 -1
666 33.0 -227.5 340.0 665 667 -1
667 33.5 -227.5 340.5 666 668 -1
668 33.5 -227.5 341.0 667 669 -1
669 34.0 -227.5 341.5 668 670 -1
670 34.5 -227.5 342.0 669 671 -1
671 35.0 -227.5 342.5 670 672 -1
672 35.5 -227.5 343.0 671 673 -1
673 35.5 -227.5 343.5 672 674 -1
674 36.0 -227.5 344.0 673 675 -1
675 36.5 -227.5 344.5 674 676 -1
676 36.5 -227.5 345.0 675 677 -1
677 37.0 -227.5 345.5 676 678 -1
678 37.5 -227.5 346.0 677 679 -1
679 37.5 -228.0 346.5 678 680 -1
680 38.0 -228.0 347.0 679 681 -1
681 38.5 -228.0 347.5 680 682 -1
682 38.5 -228.0 348.0 681 683 -1
683 39.0 -227.5 348.5 682 684 -1
684 39.5 -227.5 349.0 683 685 -1
685 39.5 -227.0 349.5 684 686 -1
686 40.0 -227.0 350.0 685 687 -1
687 40.5 -226.5 350.5 686 688 -1
688 41.0 -226.0 351.0 687 689 -1
689 41.0 -226.0 351.5 688 690 -1
690 41.5 -225.5 352.0 689 691 -1
691 42.0 -225.0 352.5 690 692 -1
692 42.5 -224.5 353.0 691 693 -1
693 43.0 -224.0 353.0 692 694 -1
694 43.5 -223.5 353.0 693 695 -1
695 43.5 -223.0 353.5 694 696 -1
696 43.5 -222.5 354.0 695 697 -1
697 44.0 -222.0 354.0 696 698 -1
698 44.0 -221.5 354.0 697 699 -1
699 44.0 -221.0 354.5 698 700 -1
700 44.0 -220.5 354.5 699 701 -1
701 44.0 -220.0 354.5 700 702 -1
702 44.0 -219.5 354.5 701 703 -1
703 44.5 -219.0 354.5 702 704 -1
704 44.5 -218.5 354.5 703 705 -1
705 45.0 -218.0 354.5 704 706 -1
706 45.0 -217.5 354.5 705 707 -1
707 45.5 -217.0 354.5 706 708 -1
708 45.5 -216.5 354.5 707 709 -1
709 45.5 -216.0 354.0 708 710 -1
710 45.5 -215.5 354.0 709 711 -1
711 45.5 -215.0 353.5 710 712 -1
712 46.0 -214.5 353.5 711 713 -1
713 46.0 -214.0 353.0 712 714 -1
714 46.0 -213.5 352.5 713 715 -1
715 46.0 -213.0 352.0 714 716 -1
716 46.0 -212.5 351.5 715 717 -1
717 46.0 -212.0 351.5 716 718 -1
718 46.0 -211.5 351.0 717 719 -1
719 46.0 -211.0 350.5 718 720 -1
720 46.0 -210.5 350.0 719 721 -1
721 46.0 -210.0 349.5 720 722 -1
722 46.5 -209.5 349.0 721 723 -1
723 46.5 -209.0 348.5 722 724 -1
724 46.5 -209.0 348.0 723 725 -1
725 46.5 -208.5 347.5 724 726 -1
726 47.0 -208.0 347.0 725 -1 -1
