0 64.0 -13.5 930.0 -1 1 -1
1 63.5 -13.0 930.5 0 2 -1
2 63.5 -12.5 930.5 1 3 -1
3 63.0 -12.0 931.0 2 4 -1
4 62.5 -11.5 931.0 3 5 -1
5 62.0 -11.0 931.5 4 6 -1
6 61.5 -11.0 931.5 5 7 -1
7 61.0 -10.5 932.0 6 8 -1
8 60.5 -10.0 932.5 7 9 -1
9 60.5 -9.5 932.5 8 10 -1
10 60.0 -9.0 933.0 9 11 -1
11 59.5 -9.0 933.0 10 12 -1
12 59.0 -9.0 933.5 11 13 -1
13 58.5 -9.0 933.5 12 14 -1
14 58.0 -8.5 934.0 13 15 -1
15 57.5 -8.0 934.5 14 16 -1
16 57.0 -8.0 935.0 15 17 -1
17 56.5 -8.0 935.5 16 18 -1
18 56.0 -7.5 936.0 17 19 -1
19 55.5 -7.5 936.5 18 20 -1
20 55.0 -7.5 937.0 19 21 -1
21 54.5 -7.5 937.5 20 22 -1
22 54.0 -8.0 938.0 21 23 -1
23 53.5 -8.0 938.5 22 24 -1
24 53.0 -8.0 939.0 23 25 -1
25 52.5 -8.5 939.5 24 26 -1
26 52.0 -8.5 940.0 25 27 -1
27 52.0 -8.5 940.5 26 28 -1
28 51.5 -9.0 941.0 27 29 -1
29 51.0 -9.0 941.5 28 30 -1
30 50.5 -9.5 942.0 29 31 -1
31 50.5 -10.0 942.5 30 32 -1
32 50.0 -10.5 943.0 31 33 -1
33 49.5 -11.0 943.5 32 34 -1
34 49.0 -11.5 944.0 33 35 -1
35 48.5 -12.0 944.5 34 36 -1
36 48.5 -12.0 945.0 35 37 -1
37 48.0 -12.5 945.5 36 38 -1
38 47.5 -13.0 946.0 37 39 -1
39 47.0 -13.5 946.5 38 40 -1
40 47.0 -14.0 947.0 39 41 -1
41 46.5 -14.5 947.5 40 42 -1
42 46.0 -15.0 948.0 41 43 -1
43 45.5 -15.5 948.0 42 44 -1
44 45.5 -16.0 948.5 43 45 -1
45 45.5 -16.5 949.0 44 46 -1
46 45.0 -17.0 949.0 45 47 -1
47 44.5 -17.5 949.5 46 48 -1
48 44.5 -18.0 949.5 47 49 -1
49 44.5 -18.5 950.0 48 50 -1
50 44.0 -19.0 950.0 49 51 -1
51 43.5 -19.5 950.0 50 52 -1
52 43.5 -20.0 950.5 51 53 -1
53 43.0 -20.5 950.5 52 54 -1
54 43.0 -21.0 951.0 53 55 -1
55 42.5 -21.5 951.0 54 56 -1
56 42.0 -22.0 951.0 55 57 -1
57 42.0 -22.5 951.5 56 58 -1
58 42.0 -23.0 952.0 57 59 -1
59 41.5 -23.5 952.0 58 60 -1
60 41.0 -24.0 952.0 59 61 -1
61 41.0 -24.5 952.0 60 62 -1
62 41.0 -25.0 952.5 61 63 -1
63 40.5 -25.5 952.0 62 64 -1
64 40.5 -26.0 952.5 63 65 -1
65 40.0 -26.5 952.5 64 66 -1
66 40.0 -27.0 952.5 65 67 -1
67 39.5 -27.5 952.5 66 68 -1
68 39.0 -28.0 952.5 67 69 -1
69 38.5 -28.5 952.5 68 70 -1
70 38.5 -29.0 952.5 69 71 -1
71 38.0 -29.5 952.5 70 72 -1
72 37.5 -30.0 952.5 71 73 -1
73 37.0 -30.5 952.5 72 74 -1
74 37.0 -31.0 952.0 73 75 -1
75 36.5 -31.5 952.0 74 76 -1
76 36.0 -32.0 952.0 75 77 -1
77 35.5 -32.5 952.0 76 78 -1
78 35.0 -33.0 951.5 77 79 -1
79 34.5 -33.5 951.5 78 80 -1
80 34.5 -34.0 951.0 79 81 -1
81 34.0 -34.5 951.0 80 82 -1
82 33.5 -35.0 950.5 81 83 -1
83 33.0 -35.0 950.5 82 84 -1
84 32.5 -35.5 950.0 83 85 -1
85 32.5 -36.0 949.5 84 86 -1
86 32.0 -36.5 949.5 85 87 -1
87 31.5 -36.5 949.5 86 88 -1
88 31.0 -37.0 949.0 87 89 -1
89 30.5 -37.5 948.5 88 90 -1
90 30.0 -38.0 948.0 89 91 -1
91 29.5 -38.0 948.0 90 92 -1
92 29.0 -38.5 948.0 91 93 -1
93 28.5 -39.0 947.5 92 94 -1
94 28.0 -39.5 947.0 93 95 -1
95 27.5 -39.5 947.5 94 96 -1
96 27.0 -40.0 947.0 95 97 -1
97 26.5 -40.5 946.5 96 98 -1
98 26.0 -40.5 946.5 97 99 -1
99 25.5 -41.0 946.0 98 100 -1
100 25.0 -41.5 946.0 99 101 -1
101 24.5 -41.5 946.0 100 102 -1
102 24.0 -42.0 946.0 101 103 -1
103 23.5 -42.5 946.0 102 104 -1
104 23.0 -42.5 946.0 103 105 -1
105 22.5 -43.0 946.5 104 106 -1
106 22.0 -43.0 946.5 105 107 -1
107 21.5 -43.5 946.5 106 108 -1
108 21.0 -43.5 947.0 107 109 -1
109 20.5 -43.5 947.0 108 110 -1
110 20.0 -44.0 947.0 109 111 -1
111 19.5 -44.5 946.5 110 112 -1
112 19.0 -44.5 947.0 111 113 -1
113 18.5 -44.5 947.0 112 114 -1
114 18.0 -45.0 947.0 113 115 -1
115 17.5 -45.0 947.5 114 116 -1
116 17.0 -45.5 947.5 115 117 -1
117 16.5 -45.5 948.0 116 118 -1
118 16.0 -46.0 947.5 117 119 -1
119 15.5 -46.0 948.0 118 120 -1
120 15.0 -46.0 948.5 119 121 -1
121 14.5 -46.0 949.0 120 122 -1
122 14.0 -46.5 949.0 121 123 -1
123 13.5 -46.5 949.0 122 124 -1
124 13.0 -47.0 949.0 123 125 -1
125 12.5 -47.0 949.0 124 126 -1
126 12.0 -47.0 949.5 125 127 -1
127 11.5 -47.0 950.0 126 128 -1
128 11.0 -47.0 950.0 127 129 -1
129 10.5 -47.0 950.0 128 130 -1
130 10.0 -47.5 950.0 129 131 -1
131 9.5 -47.5 950.0 130 132 -1
132 9.0 -47.5 950.5 131 133 -1
133 8.5 -47.5 950.5 132 134 -1
134 8.0 -47.5 950.5 133 135 -1
135 7.5 -48.0 950.5 134 136 -1
136 7.0 -48.0 950.5 135 137 -1
137 6.5 -48.0 950.5 136 138 -1
138 6.0 -48.0 951.0 137 139 -1
139 5.5 -48.0 951.0 138 140 -1
140 5.0 -48.0 951.0 139 141 -1
141 4.5 -48.0 951.0 140 142 -1
142 4.0 -48.5 951.0 141 143 -1
143 3.5 -48.5 951.0 142 144 -1
144 3.0 -48.5 951.0 143 145 -1
145 2.5 -48.5 951.0 144 146 -1
146 2.0 -48.5 951.0 145 147 -1
147 1.5 -48.5 951.0 146 148 -1
148 1.0 -48.5 951.0 147 149 -1
149 0.5 -48.5 951.0 148 150 -1
150 0.0 -48.5 951.5 149 151 -1
151 -0.5 -48.5 951.5 150 152 -1
152 -1.0 -48.5 951.5 151 153 -1
153 -1.5 -48.5 951.5 152 154 -1
154 -2.0 -48.5 951.5 153 155 -1
155 -2.5 -48.5 951.5 154 156 -1
156 -3.0 -48.5 951.0 155 157 -1
157 -3.5 -48.5 951.5 156 158 -1
158 -4.0 -48.5 951.5 157 159 -1
159 -4.5 -48.5 951.5 158 160 -1
160 -5.0 -48.5 951.5 159 161 -1
161 -5.5 -48.0 951.5 160 162 -1
162 -6.0 -48.0 951.5 161 163 -1
163 -6.5 -48.0 951.5 162 164 -1
164 -7.0 -48.0 951.5 163 165 -1
165 -7.5 -48.0 951.0 164 166 -1
166 -8.0 -47.5 951.0 165 167 -1
167 -8.5 -47.5 951.0 166 168 -1
168 -9.0 -47.5 950.5 167 169 -1
169 -9.5 -47.5 950.5 168 170 -1
170 -10.0 -47.0 950.5 169 171 -1
171 -10.5 -47.0 950.5 170 172 -1
172 -11.0 -47.0 950.0 171 173 -1
173 -11.5 -47.0 949.5 172 174 -1
174 -12.0 -46.5 949.5 173 175 -1
175 -12.5 -46.5 949.0 174 176 177
176 -12.0 -47.0 948.5 175 178 -1
177 -13.0 -46.0 950.0 175 179 -1
178 -11.5 -47.5 948.0 176 180 -1
179 -13.0 -45.5 950.5 177 181 -1
180 -12.0 -47.5 947.5 178 182 -1
181 -13.5 -45.0 950.5 179 183 -1
182 -11.5 -48.0 947.0 180 184 -1
183 -14.0 -44.5 951.0 181 185 -1
184 -11.5 -48.0 946.5 182 186 -1
185 -14.5 -44.0 951.5 183 187 -1
186 -11.5 -48.0 946.0 184 188 -1
187 -15.0 -44.0 952.0 185 189 -1
188 -11.0 -48.0 945.5 186 190 -1
189 -15.5 -43.5 952.5 187 191 -1
190 -11.0 -48.5 945.0 188 192 -1
191 -16.0 -43.0 953.0 189 193 -1
192 -11.0 -48.5 944.5 190 194 -1
193 -16.5 -42.5 953.5 191 195 -1
194 -11.0 -48.5 944.0 192 196 -1
195 -17.0 -42.0 954.0 193 197 -1
196 -10.5 -48.5 943.5 194 198 -1
197 -17.5 -41.5 954.5 195 199 -1
198 -10.5 -48.5 943.0 196 200 -1
199 -18.0 -41.0 955.0 197 201 -1
200 -10.5 -48.5 942.5 198 202 -1
201 -18.5 -41.0 955.5 199 203 -1
202 -10.5 -49.0 942.0 200 204 -1
203 -18.5 -41.0 956.0 201 205 -1
204 -10.5 -49.0 941.5 202 206 -1
205 -19.0 -40.5 956.5 203 207 -1
206 -10.0 -49.0 941.0 204 208 -1
207 -19.5 -40.0 957.0 205 209 -1
208 -10.0 -49.0 940.5 206 210 -1
209 -20.0 -39.5 957.5 207 211 -1
210 -10.0 -49.0 940.0 208 212 -1
211 -20.5 -39.0 958.0 209 213 -1
212 -10.0 -49.0 939.5 210 214 -1
213 -20.5 -39.0 958.5 211 215 -1
214 -10.0 -49.5 939.0 212 216 -1
215 -21.0 -38.5 959.0 213 217 -1
216 -9.5 -49.5 938.5 214 218 -1
217 -21.5 -38.0 959.5 215 219 -1
218 -9.5 -49.5 938.0 216 220 -1
219 -22.0 -37.5 960.0 217 221 -1
220 -9.0 -49.5 937.5 218 222 -1
221 -22.5 -37.5 960.5 219 223 -1
222 -9.5 -50.0 937.0 220 224 -1
223 -22.5 -37.0 961.0 221 225 -1
224 -9.0 -50.0 936.5 222 226 -1
225 -22.5 -36.5 961.5 223 227 -1
226 -9.0 -50.5 936.0 224 228 -1
227 -23.0 -36.0 962.0 225 229 -1
228 -9.0 -50.5 935.5 226 230 -1
229 -23.5 -35.5 962.5 227 231 -1
230 -8.5 -50.5 935.0 228 232 -1
231 -23.5 -35.0 963.0 229 233 -1
232 -9.0 -51.0 934.5 230 234 -1
233 -24.0 -34.5 963.5 231 235 -1
234 -8.5 -51.0 934.0 232 236 -1
235 -24.5 -34.0 964.0 233 237 -1
236 -8.5 -51.0 933.5 234 238 -1
237 -25.0 -34.0 964.5 235 239 -1
238 -8.5 -51.5 933.0 236 240 -1
239 -25.0 -33.5 965.0 237 241 -1
240 -8.5 -52.0 932.5 238 242 -1
241 -25.0 -33.0 965.5 239 243 -1
242 -8.0 -52.0 932.0 240 244 -1
243 -25.0 -32.5 966.0 241 245 -1
244 -8.5 -52.5 931.5 242 246 -1
245 -25.0 -32.0 966.5 243 247 -1
246 -8.0 -52.5 931.0 244 248 -1
247 -25.5 -31.5 967.0 245 249 -1
248 -8.0 -52.5 930.5 246 250 -1
249 -25.5 -31.5 967.5 247 251 -1
250 -8.0 -53.0 930.0 248 252 -1
251 -26.0 -31.0 968.0 249 253 -1
252 -8.0 -53.0 929.5 250 254 -1
253 -26.0 -30.5 968.5 251 255 -1
254 -8.0 -53.0 929.0 252 256 -1
255 -26.5 -30.0 969.0 253 257 -1
256 -8.0 -53.5 928.5 254 258 -1
257 -26.5 -29.5 969.5 255 259 -1
258 -8.0 -53.5 928.0 256 260 -1
259 -27.0 -29.0 970.0 257 261 -1
260 -8.0 -53.5 927.5 258 262 -1
261 -27.5 -29.0 970.5 259 263 -1
262 -8.5 -53.5 927.0 260 264 -1
263 -27.5 -28.5 971.0 261 265 -1
264 -8.5 -53.5 926.5 262 266 -1
265 -28.5 -28.0 972.0 263 267 -1
266 -8.5 -54.0 926.0 264 268 -1
267 -28.5 -28.0 972.5 265 269 -1
268 -9.0 -54.0 925.5 266 270 -1
269 -29.0 -28.0 973.0 267 271 -1
270 -9.0 -54.0 925.0 268 272 -1
271 -29.5 -27.5 973.5 269 273 -1
272 -9.0 -54.0 924.5 270 274 -1
273 -29.5 -27.0 974.0 271 275 -1
274 -9.0 -54.0 924.0 272 276 -1
275 -30.0 -26.5 974.5 273 277 -1
276 -9.0 -54.0 923.5 274 278 -1
277 -30.5 -26.0 975.0 275 279 -1
278 -9.0 -53.5 923.0 276 280 -1
279 -31.0 -25.5 975.5 277 281 -1
280 -9.0 -53.5 922.5 278 282 -1
281 -31.5 -25.0 976.0 279 283 -1
282 -9.0 -53.5 922.0 280 284 -1
283 -31.5 -25.0 976.5 281 285 -1
284 -9.0 -53.5 921.5 282 286 -1
285 -32.0 -25.0 977.0 283 287 -1
286 -9.5 -54.0 921.0 284 288 -1
287 -32.5 -24.5 977.5 285 289 -1
288 -9.5 -53.5 920.5 286 290 -1
289 -34.0 -24.0 979.0 287 291 -1
290 -10.0 -54.0 920.0 288 292 -1
291 -34.5 -23.5 979.0 289 293 -1
292 -10.0 -54.0 919.5 290 294 -1
293 -35.0 -23.0 979.5 291 295 -1
294 -10.0 -54.0 919.0 292 296 -1
295 -35.5 -22.5 980.0 293 297 -1
296 -9.5 -54.0 918.5 294 298 -1
297 -36.0 -22.0 980.5 295 299 -1
298 -9.5 -53.5 918.0 296 300 -1
299 -36.5 -21.5 981.0 297 301 -1
300 -9.5 -53.5 917.5 298 302 -1
301 -37.0 -21.5 981.5 299 303 -1
302 -9.5 -53.5 917.0 300 304 -1
303 -37.5 -21.0 982.0 301 305 -1
304 -9.5 -53.5 916.5 302 306 -1
305 -38.0 -20.5 982.5 303 307 -1
306 -9.5 -53.5 916.0 304 308 -1
307 -38.5 -20.5 983.0 305 309 -1
308 -9.5 -53.5 915.5 306 310 -1
309 -39.0 -20.0 983.0 307 311 -1
310 -9.5 -53.0 915.0 308 312 -1
311 -39.5 -20.0 983.5 309 313 -1
312 -9.5 -53.0 914.5 310 314 -1
313 -40.0 -19.5 983.5 311 315 -1
314 -9.5 -53.0 914.0 312 316 -1
315 -40.5 -19.0 983.0 313 317 -1
316 -9.0 -53.0 913.5 314 318 -1
317 -41.0 -19.5 983.5 315 319 -1
318 -9.5 -52.5 913.0 316 320 -1
319 -41.5 -19.5 983.5 317 321 -1
320 -9.0 -53.0 912.5 318 322 -1
321 -44.0 -20.5 985.0 319 323 324
322 -9.0 -53.0 912.0 320 326 -1
323 -44.5 -20.5 984.5 321 327 -1
324 -44.0 -21.0 985.5 321 328 -1
325 -42.5 -19.0 983.0 321 329 -1
326 -9.5 -52.5 911.5 322 330 -1
327 -45.0 -20.0 984.0 323 331 -1
328 -44.5 -21.0 986.0 324 332 -1
329 -42.5 -18.5 982.5 325 333 -1
330 -9.5 -52.5 911.0 326 334 -1
331 -45.0 -19.5 983.5 327 335 -1
332 -44.5 -21.5 986.5 328 336 -1
333 -42.5 -18.0 982.0 329 337 -1
334 -9.5 -52.5 910.5 330 338 -1
335 -45.0 -19.5 983.0 331 339 -1
336 -45.0 -21.5 987.0 332 340 -1
337 -43.0 -17.5 981.5 333 341 -1
338 -9.0 -52.5 910.0 334 342 -1
339 -45.0 -19.0 982.5 335 343 -1
340 -45.5 -22.0 987.5 336 344 -1
341 -43.5 -17.0 981.0 337 345 -1
342 -9.0 -52.5 909.5 338 346 -1
343 -45.5 -19.0 982.0 339 347 -1
344 -46.0 -22.5 988.0 340 348 -1
345 -44.0 -17.0 981.0 341 349 -1
346 -9.0 -52.5 909.0 342 350 -1
347 -46.0 -19.0 981.5 343 351 -1
348 -46.0 -22.5 988.5 344 352 -1
349 -44.5 -16.5 980.5 345 353 -1
350 -9.0 -52.5 908.5 346 354 -1
351 -46.5 -19.5 981.0 347 355 -1
352 -46.5 -23.0 989.0 348 356 -1
353 -45.0 -16.0 980.5 349 357 -1
354 -9.0 -52.5 908.0 350 358 -1
355 -47.0 -19.5 981.0 351 -1 -1
356 -46.5 -23.0 989.5 352 359 -1
357 -45.5 -15.5 980.0 353 360 -1
358 -9.0 -52.5 907.5 354 361 -1
359 -46.5 -23.0 990.0 356 362 -1
360 -46.0 -15.0 979.5 357 363 -1
361 -9.5 -52.5 907.0 358 364 -1
362 -46.5 -23.5 990.5 359 365 -1
363 -46.0 -14.5 979.0 360 366 -1
364 -9.5 -52.0 906.5 361 367 -1
365 -47.0 -23.5 991.0 362 368 -1
366 -46.5 -14.0 979.0 363 369 -1
367 -9.5 -52.0 906.0 364 370 -1
368 -47.0 -24.0 991.5 365 371 -1
369 -47.0 -13.5 978.5 366 372 -1
370 -9.5 -52.0 905.5 367 373 -1
371 -47.5 -24.5 992.0 368 374 -1
372 -47.5 -13.5 978.0 369 375 -1
373 -9.5 -52.0 905.0 370 376 -1
374 -47.5 -25.0 992.5 371 377 -1
375 -48.0 -13.0 977.5 372 378 -1
376 -9.5 -52.0 904.5 373 379 -1
377 -48.0 -25.0 993.0 374 380 -1
378 -48.5 -13.0 977.0 375 381 -1
379 -9.5 -52.0 904.0 376 382 -1
380 -48.5 -25.5 993.5 377 383 -1
381 -49.0 -12.5 977.0 378 384 -1
382 -9.5 -52.0 903.5 379 385 -1
383 -49.0 -26.0 994.0 380 386 -1
384 -49.5 -12.5 976.5 381 387 -1
385 -9.5 -52.0 903.0 382 388 -1
386 -49.5 -26.5 994.0 383 389 -1
387 -49.5 -12.0 976.0 384 390 -1
388 -9.5 -52.0 902.5 385 391 -1
389 -49.5 -27.0 994.5 386 392 -1
390 -50.0 -12.0 975.5 387 393 -1
391 -9.0 -52.0 902.0 388 394 -1
392 -50.0 -27.5 994.5 389 395 -1
393 -50.5 -11.5 975.0 390 396 -1
394 -9.0 -52.0 901.5 391 397 -1
395 -50.5 -28.0 995.0 392 398 -1
396 -51.0 -11.0 974.5 393 399 -1
397 -9.0 -52.0 901.0 394 400 -1
398 -50.5 -28.5 995.5 395 401 -1
399 -51.5 -11.0 974.0 396 402 -1
400 -9.0 -52.0 900.5 397 403 -1
401 -50.5 -29.0 996.0 398 404 -1
402 -52.0 -10.5 973.5 399 405 -1
403 -9.0 -52.0 900.0 400 406 -1
404 -50.5 -29.5 996.5 401 407 -1
405 -52.0 -10.0 973.0 402 408 -1
406 -8.5 -52.0 899.5 403 409 -1
407 -51.0 -30.0 997.0 404 410 -1
408 -52.5 -10.0 972.5 405 -1 -1
409 -9.0 -51.5 899.0 406 411 -1
410 -51.0 -30.5 997.5 407 412 -1
411 -9.0 -51.5 898.5 409 413 -1
412 -51.0 -31.0 998.0 410 414 -1
413 -8.5 -51.5 898.0 411 415 -1
414 -50.5 -31.0 998.5 412 416 -1
415 -8.5 -51.5 897.5 413 417 -1
416 -50.5 -31.5 999.0 414 418 -1
417 -8.5 -51.5 897.0 415 419 -1
418 -50.5 -32.0 999.0 416 420 -1
419 -8.5 -51.5 896.5 417 421 -1
420 -50.5 -32.5 999.5 418 422 -1
421 -8.5 -51.0 896.0 419 423 -1
422 -51.0 -33.5 999.5 420 424 -1
423 -8.5 -51.0 895.5 421 425 -1
424 -51.0 -34.5 1000.0 422 426 -1
425 -8.5 -51.0 895.0 423 427 -1
426 -51.0 -35.0 1000.0 424 428 -1
427 -8.5 -51.0 894.5 425 429 -1
428 -51.0 -35.5 1000.5 426 430 -1
429 -8.5 -51.0 894.0 427 431 -1
430 -51.5 -36.0 1000.5 428 432 -1
431 -8.5 -51.0 893.5 429 433 -1
432 -51.5 -36.5 1001.0 430 434 -1
433 -8.5 -51.0 893.0 431 435 -1
434 -51.5 -37.0 1001.0 432 436 -1
435 -8.5 -51.0 892.5 433 437 -1
436 -52.0 -37.5 1001.5 434 438 -1
437 -8.5 -51.0 892.0 435 439 -1
438 -51.5 -37.5 1002.0 436 -1 -1
439 -8.5 -51.0 891.5 437 440 -1
440 -9.0 -50.5 891.0 439 441 -1
441 -9.0 -50.5 890.5 440 442 -1
442 -8.5 -50.5 890.0 441 443 -1
443 -8.5 -50.5 889.5 442 444 -1
444 -8.5 -50.5 889.0 443 445 -1
445 -8.5 -50.5 888.5 444 -1 -1
