0 64.0 -13.5 930.0 -1 1 -1
1 63.89554169090485 -13.350163736838892 930.083605794192 0 2 -1
2 63.7893107121511 -13.201011425382763 930.1664569767835 1 3 -1
3 63.68142900155832 -13.052659907448803 930.2486101112991 2 4 -1
4 63.57185409238633 -12.905185846571436 930.3300994562604 3 5 -1
5 63.46062953417399 -12.758623196561723 930.4109959331277 4 6 -1
6 63.347750675376865 -12.613032416538246 930.4913541598406 5 7 -1
7 63.2332027552855 -12.468483615478775 930.5712301564909 6 8 -1
8 63.11703042750108 -12.325010837141772 930.650699084468 7 9 -1
9 62.99919265471979 -12.18270789239576 930.729818542506 8 10 -1
10 62.87975358501949 -12.041596832691082 930.8086710814844 9 11 -1
11 62.75867458870942 -11.901778452322942 930.8873250201179 10 12 -1
12 62.63601310714973 -11.763281369496962 930.9658643917348 11 13 -1
13 62.511757992274944 -11.626192735376994 931.0443697832818 12 14 -1
14 62.38593768639839 -11.490570060369626 931.1229281952019 13 15 -1
15 62.258589378340055 -11.356462968418766 931.2016263939208 14 16 -1
16 62.129695377137914 -11.223982640772173 931.2805630477105 15 17 -1
17 61.999321143020055 -11.093157297130421 931.3598278965746 16 18 -1
18 61.867493596029874 -10.96405774173822 931.4395176231853 17 19 -1
19 61.734219416940356 -10.836788257369005 931.5197429962709 18 20 -1
20 61.5995565413852 -10.711394773394806 931.6006005514834 19 21 -1
21 61.46354745327801 -10.58794581986931 931.6821935098392 20 22 -1
22 61.32623470633265 -10.466516074199012 931.7646287895134 21 23 -1
23 61.18765235795778 -10.347204394038492 931.8480265675576 22 24 -1
24 61.04786452272795 -10.230068649339549 931.9324897136196 23 25 -1
25 60.90693173643974 -10.11517801364628 932.0181253405318 24 26 -1
26 60.76491559599437 -10.002608320860405 932.1050437224789 25 27 -1
27 60.62188290704455 -9.892435088366055 932.1933546355795 26 28 -1
28 60.47790578374648 -9.784733185885067 932.2831666896693 27 29 -1
29 60.333058455632525 -9.679587337665106 932.3745937388946 28 30 -1
30 60.187425553453885 -9.577068310015191 932.4677394678846 29 31 -1
31 60.0410984260061 -9.477236993451687 932.5626983707803 30 32 -1
32 59.89417027497595 -9.380161733178186 932.6595670110479 31 33 -1
33 59.7467392938374 -9.285907980205483 932.758437025047 32 34 -1
34 59.598908372564814 -9.194537722078898 932.8593943265752 33 35 -1
35 59.45078470889461 -9.106108888996726 932.9625183296237 34 36 -1
36 59.30247932235654 -9.020674744767385 933.0678812051452 35 37 -1
37 59.154099424251505 -8.938279448377942 933.1755346652171 36 38 -1
38 59.00570611695489 -8.858936476058975 933.285439502878 37 39 -1
39 58.85733811506952 -8.782663648941465 933.3975305013579 38 40 -1
40 58.709032095352434 -8.709446600145615 933.5117213316875 39 41 -1
41 58.5608227381029 -8.639276715305689 933.627932740698 40 42 -1
42 58.41274312167437 -8.572149097115298 933.7460903369297 41 43 -1
43 58.26482475162752 -8.508057793967447 933.8661211245882 42 44 -1
44 58.11709763395878 -8.446995964208911 933.987953544032 43 45 -1
45 57.96959035075597 -8.388956030350613 934.1115174983197 44 46 -1
46 57.822331679277546 -8.333946730448474 934.2367533322855 45 47 -1
47 57.67534812081763 -8.28196024875538 934.3635932373724 46 48 -1
48 57.52866312350044 -8.232971350553711 934.4919625100247 47 49 -1
49 57.382300354376845 -8.186970840319379 934.6217968770121 48 50 -1
50 57.23628244470343 -8.143949407126259 934.7530334962465 49 51 -1
51 57.09063106589841 -8.103897720918877 934.8856109256635 50 52 -1
52 56.94537259877581 -8.066846905507319 935.0194857513793 51 53 -1
53 56.80052238649082 -8.03274999744217 935.1545819797357 52 54 -1
54 56.65609950487543 -8.001596896775972 935.2908415603919 53 55 -1
55 56.51212251175985 -7.973378968616687 935.4282081778362 54 56 -1
56 56.36861164291831 -7.948101751378639 935.5666314062156 55 57 -1
57 56.2255880707772 -7.925777633201374 935.7060629921102 56 58 -1
58 56.08306351996675 -7.9063662424448085 935.8464380776073 57 59 -1
59 55.94105450006501 -7.889860555460664 935.987704632717 58 60 -1
60 55.7995783167418 -7.8762601645664905 936.1298132275492 59 61 -1
61 55.65865880673266 -7.865599371473929 936.2727235720208 60 62 -1
62 55.51830327164581 -7.85782745478148 936.4163730492758 61 63 -1
63 55.378527100281595 -7.852939524503188 936.5607129427813 62 64 -1
64 55.239348709994 -7.850946258450239 936.7056983063165 63 65 -1
65 55.10078930034108 -7.851870527250159 936.8512859536619 64 66 -1
66 54.96285558628668 -7.855668645511915 936.9974199079803 65 67 -1
67 54.82556262833486 -7.862338059909959 937.1440537515015 66 68 -1
68 54.6889344483125 -7.871914932481508 937.2911468725971 67 69 -1
69 54.552982990504034 -7.8843817445327025 937.4386496794701 68 70 -1
70 54.41771870770391 -7.899716610420551 937.5865134749841 69 71 -1
71 54.28315973993511 -7.917930173893429 937.7346941632411 70 72 -1
72 54.14933225292703 -7.939063207114938 937.883149352953 71 73 -1
73 54.01623961868169 -7.963065438169821 938.0318286052421 72 74 -1
74 53.883895786403585 -7.989921331887438 938.1806883749769 73 75 -1
75 53.75232545162645 -8.019642647031155 938.3296893498623 74 76 -1
76 53.621526575796075 -8.052144546145627 938.4787887340208 75 77 -1
77 53.491503596500856 -8.087372740186428 938.6279476874994 76 78 -1
78 53.36227364243151 -8.125320227428158 938.7771289905763 77 79 -1
79 53.23383844542183 -8.165929863803967 938.9262956032335 78 80 -1
80 53.10619424135924 -8.209131756360312 939.0754130051713 79 81 -1
81 52.979353375281654 -8.254912157127059 939.2244467545518 80 82 -1
82 52.85331773852482 -8.303225869194284 939.3733638097956 81 83 -1
83 52.728077935253935 -8.35399688689795 939.5221347789468 82 84 -1
84 52.60364465599344 -8.407214319916603 939.6707275941359 83 85 -1
85 52.48001521155033 -8.462828649130433 939.8191133923232 84 86 -1
86 52.35717776864783 -8.52076725801193 939.9672675413346 85 87 -1
87 52.235144753819704 -8.581030994716906 940.1151588398154 86 88 -1
88 52.11390355116421 -8.643550387719984 940.2627646650226 87 89 -1
89 51.99344339551993 -8.708265131804353 940.4100636842326 88 90 -1
90 51.873781813605056 -8.775195613714708 940.5570231338576 89 91 -1
91 51.75489081236643 -8.844238242939186 940.7036303587139 90 92 -1
92 51.636773371734336 -8.915377487460567 940.8498601727557 91 93 -1
93 51.51942776869364 -8.988586229183362 940.9956893898997 92 94 -1
94 51.402832966771136 -9.063788143464993 941.1411061291205 93 95 -1
95 51.28700241315366 -9.140999986556407 941.2860797056773 94 96 -1
96 51.17191007971296 -9.220136350538656 941.4306026955263 95 97 -1
97 51.05755608563144 -9.301182225852159 941.5746529304564 96 98 -1
98 50.94393394686178 -9.38410667418764 941.7182122429751 97 99 -1
99 50.831024457367626 -9.468848024451148 941.8612720839714 98 100 -1
100 50.718837826482485 -9.555420761035284 942.0038031112709 99 101 -1
101 50.607343266076775 -9.64373698630735 942.1458065696908 100 102 -1
102 50.49655080543801 -9.733813058844714 942.2872531157502 101 103 -1
103 50.38643620901584 -9.825580574581759 942.428140593863 102 104 -1
104 50.27699864039575 -9.919030894930687 942.5684483381559 103 105 -1
105 50.16822529999502 -10.01412665579886 942.7081657520396 104 106 -1
106 50.060104489954675 -10.1108344212144 942.8472819685967 105 107 -1
107 49.95263270289623 -10.209141958688718 942.9857784029831 106 108 -1
108 49.845789544898906 -10.308996451688675 943.1236532017996 107 109 -1
109 49.73957889675502 -10.410405748009124 943.2608803615954 108 110 -1
110 49.63397356442351 -10.513302214788245 943.3974661882903 109 111 -1
111 49.528983165965414 -10.617709541092914 943.5333778786361 110 112 -1
112 49.42457616932443 -10.723551114543351 943.6686280507926 111 113 -1
113 49.320764008888325 -10.830856767685509 943.8031806724401 112 114 -1
114 49.21751570947374 -10.939552690927094 943.9370494853483 113 115 -1
115 49.11483947281396 -11.049662388043991 944.0702010089499 114 116 -1
116 49.01270860842193 -11.16112383641832 944.2026453841736 115 117 -1
117 48.911127422895234 -11.273952481733593 944.3343528253174 116 118 -1
118 48.8100727812476 -11.388096182909877 944.4653301586378 117 119 -1
119 48.70954575223169 -11.503563817268315 944.5955508915566 118 120 -1
120 48.60952625167031 -11.620311820361232 944.7250186345062 119 121 -1
121 48.51001253976748 -11.738343410712575 944.8537100041403 120 122 -1
122 48.410987285370496 -11.857622853093668 944.9816252593439 121 123 -1
123 48.312446162121844 -11.97814807955991 945.1087442050161 122 124 -1
124 48.21437448023533 -12.099890953987199 945.2350633316985 123 125 -1
125 48.11676536492023 -12.222843996614685 945.3605660192043 124 126 -1
126 48.0196068188022 -12.346986920543966 945.4852442450841 125 127 -1
127 47.922889298653224 -12.47230624720185 945.609085703889 126 128 -1
128 47.82660368765243 -12.598790235463524 945.7320767395794 127 129 -1
129 47.73073752358961 -12.7264183917753 945.8542105017257 128 130 -1
130 47.63528486802248 -12.855188633198345 945.9754661536545 129 131 -1
131 47.540229987803286 -12.985072034873479 946.0958438908962 130 132 -1
132 47.44557050146497 -13.116077672885327 946.2153136686619 131 133 -1
133 47.35128698196157 -13.248166400341537 946.3338848242566 132 134 -1
134 47.25738103401006 -13.381360317056886 946.4515155382278 133 135 -1
135 47.163830636745175 -13.515612645496374 946.5682227162905 134 136 -1
136 47.070637141956986 -13.650946514590153 946.6839622945544 135 137 -1
137 46.977781495895165 -13.78732383932526 946.7987445934804 136 138 -1
138 46.885259642170894 -13.924752785422843 946.9125379233908 137 139 -1
139 46.793059272193226 -14.06321642055176 947.0253334537739 138 140 -1
140 46.701169389577636 -14.20270180361936 947.1371189991288 139 141 -1
141 46.60958477563879 -14.343216054647522 947.2478616128345 140 142 -1
142 46.51828865910492 -14.484727275946186 947.3575681241621 141 143 -1
143 46.42727867360194 -14.62725391866793 947.4661925574604 142 144 -1
144 46.33653921330905 -14.770768239272302 947.5737374337696 143 145 -1
145 46.24606136752085 -14.915266258253133 947.6801799379226 144 146 -1
146 46.155838600108964 -15.060754498473857 947.7854839687838 145 147 -1
147 46.065855813091936 -15.207206161433803 947.8896516947818 146 148 -1
148 45.9761065306675 -15.354629078084661 947.9926442533365 147 149 -1
149 45.88658024370292 -15.503015818079781 948.0944397267613 148 150 -1
150 45.797264350059876 -15.652349279462193 948.1950284249994 149 151 -1
151 45.70815145647606 -15.80263641627118 948.2943691346045 150 152 -1
152 45.61923083365656 -15.953870103326011 948.3924373874254 151 153 -1
153 45.530490404807274 -16.10603537471339 948.4892193325954 152 154 -1
154 45.441923519848125 -16.25912357081979 948.5846961203824 153 155 -1
155 45.35352902147353 -16.41312397208368 948.6788566056302 154 156 -1
156 45.265300482887035 -16.56799726106094 948.7717322374596 155 157 -1
157 45.17723391652591 -16.723719427607683 948.8633335076197 156 158 -1
158 45.08932509739011 -16.880267540688056 948.9536698859212 157 159 -1
159 45.00157052872565 -17.03762496760509 949.0427412819437 158 160 -1
160 44.91396232686349 -17.195754589230923 949.130580637823 159 161 -1
161 44.826494294953775 -17.354630610334937 949.2172044511992 160 162 -1
162 44.73915968855772 -17.514226902381495 949.3026306691481 161 163 -1
163 44.651951412420814 -17.67451813776226 949.3868767807653 162 164 -1
164 44.5648625260954 -17.83548293776384 949.4699540672121 163 165 -1
165 44.47788332597673 -17.997087102500075 949.5518972410187 164 166 -1
166 44.39100495492801 -18.159303774753624 949.6327296216871 165 167 -1
167 44.30421805398505 -18.322106006978775 949.712475780092 166 168 -1
168 44.217512776340214 -18.485466802757713 949.7911614912524 167 169 -1
169 44.130878802801845 -18.64935915523325 949.868813685195 168 170 -1
170 44.044305591744845 -18.813758350113815 949.9454557568791 169 171 -1
171 43.957781713852334 -18.97863651685096 950.021118393688 170 172 -1
172 43.87129530543802 -19.14396488294729 950.0958355930316 171 173 -1
173 43.784834343502645 -19.309716770772013 950.1696383398365 172 174 -1
174 43.698386428146705 -19.47586563304039 950.2425585124863 173 175 -1
175 43.61193880462253 -19.642385072673505 950.3146288284024 174 176 -1
176 43.52547838616148 -19.80924885969787 950.385882789527 175 177 -1
177 43.438991777487395 -19.976430945283266 950.4563546278988 176 178 -1
178 43.352465298930966 -20.14390547303647 950.5260792514822 177 179 -1
179 43.265884785763774 -20.31164758261851 950.5950899625591 178 180 -1
180 43.17923595050614 -20.479631485085942 950.66342348367 179 181 -1
181 43.09250457248536 -20.647831152833795 950.7311185698613 180 182 -1
182 43.005676083736994 -20.816221578585044 950.7982122817003 181 183 -1
183 42.918735758113826 -20.984777964735432 950.8647420960543 182 184 -1
184 42.831668737519564 -21.153475721422893 950.930745855796 183 185 -1
185 42.7444600583081 -21.322290462966087 950.9962617203556 184 186 -1
186 42.65709467780596 -21.491198002853714 951.061328117142 185 187 -1
187 42.5695569391431 -21.66017543077921 951.125980092437 186 188 -1
188 42.481822724849856 -21.829216244256852 951.1901985548496 187 189 -1
189 42.39386086140717 -21.998327495711795 951.2539181723192 188 190 -1
190 42.305638893828714 -22.167516610439545 951.3170689072031 189 191 -1
191 42.21712606190867 -22.33678999197649 951.3795835284978 190 192 -1
192 42.12829198888541 -22.5061533850419 951.4413946346747 191 193 -1
193 42.03910600929275 -22.67561199275626 951.5024330787986 192 194 -1
194 41.94953768578766 -22.84517025433632 951.5626289822217 193 195 -1
195 41.859556831867366 -23.014831768759517 951.6219116636556 194 196 -1
196 41.76913353939873 -23.18459921484468 951.680209574493 195 197 -1
197 41.67823821136502 -23.35447426758631 951.7374502411338 196 198 -1
198 41.586841600229896 -23.5244575106386 951.7935602151694 197 199 -1
199 41.494914852306366 -23.694548344916754 951.8484650323581 198 200 -1
200 41.40242955850165 -23.864744893361944 951.9020891814287 199 201 -1
201 41.30935781178228 -24.035043902012163 951.9543560838291 200 202 -1
202 41.21567170672493 -24.205440718286795 952.005186750632 201 203 -1
203 41.121343115535154 -24.37592917200383 952.0544990015826 202 204 -1
204 41.02634803165677 -24.54650092728377 952.1022176678159 203 205 -1
205 40.930661304997294 -24.7171461575873 952.1482620162958 204 206 -1
206 40.834258682225546 -24.88785312425752 952.1925503517667 205 207 -1
207 40.73711690839375 -25.058608065397713 952.2350000890102 206 208 -1
208 40.63921383598415 -25.229395085733188 952.2755278458188 207 209 -1
209 40.540528541054904 -25.40019604883432 952.3140495581965 208 210 -1
210 40.441041445994536 -25.57099047329059 952.3504806192307 209 211 -1
211 40.34073444821005 -25.741755434641302 952.3847360429776 210 212 -1
212 40.239591053868665 -25.912465475085828 952.4167306545447 211 213 -1
213 40.13759651559131 -26.08309252320462 952.4463793073397 212 214 -1
214 40.03473797275855 -26.253605826117706 952.4735971281771 213 215 -1
215 39.93100459284263 -26.423971896677166 952.498299790591 214 216 -1
216 39.82638771192594 -26.594154478427637 952.5204038162826 215 217 -1
217 39.72088097231598 -26.76411453115924 952.5398269041457 216 218 -1
218 39.61448045492712 -26.93381023991104 952.5564882857547 217 219 -1
219 39.50718535337907 -27.103197229172817 952.5703113982254 218 220 -1
220 39.39900960868678 -27.27223307716325 952.5812739646436 219 221 -1
221 39.28998145725343 -27.440880418535837 952.5894134897861 220 222 -1
222 39.18012948112236 -27.609103981779956 952.5947726730666 221 223 -1
223 39.06948167560128 -27.776870362591566 952.5973957019786 222 224 -1
224 38.95806539148367 -27.94414802286908 952.5973280634844 223 225 -1
225 38.845907284844074 -28.110907279253986 952.5946163613719 224 226 -1
226 38.733033274145505 -28.277120282200755 952.5893081405126 225 227 -1
227 38.619468504340816 -28.442760986570345 952.5814517187879 226 228 -1
228 38.50523731760486 -28.607805114735694 952.5710960272962 227 229 -1
229 38.39036062553776 -28.77222742053361 952.5582803748865 228 230 -1
230 38.274863350138475 -28.936008953075273 952.5430628531261 229 231 -1
231 38.15876758632832 -29.099130695804195 952.5254944174343 230 232 -1
232 38.04209429599989 -29.2615749373424 952.5056250592677 231 233 -1
233 37.92486357681775 -29.423325472707834 952.483504726318 232 234 -1
234 37.80709466354185 -29.584367540511032 952.4591832170217 233 235 -1
235 37.688805932993915 -29.744687758459627 952.4327100841795 234 236 -1
236 37.57001491224826 -29.90427405778935 952.4041345474453 235 237 -1
237 37.450738289645365 -30.063115617179918 952.3735054144023 236 238 -1
238 37.330990611628465 -30.221200584910466 952.3408653400194 237 239 -1
239 37.210785173275234 -30.378517059003624 952.3062543411246 238 240 -1
240 37.09013931094273 -30.535062511508418 952.2697327838773 239 241 -1
241 36.96906651027062 -30.69083046703437 952.231347256312 240 242 -1
242 36.847579501873646 -30.845815377219616 952.1911436562476 241 243 -1
243 36.725690282115124 -31.000012559829425 952.1491671555922 242 244 -1
244 36.60340856915163 -31.15341486491697 952.1054552350109 243 245 -1
245 36.48074303222536 -31.306014706371563 952.0600429904806 244 246 -1
246 36.35770710267047 -31.457816791942285 952.0129888615326 245 247 -1
247 36.23431004872153 -31.608819358112882 951.9643349274984 246 248 -1
248 36.11056051329061 -31.759021233990957 951.9141224414434 247 249 -1
249 35.98646348313162 -31.908414522348433 951.8623784315417 248 250 -1
250 35.86202703393545 -32.05700012210964 951.8091454320543 249 251 -1
251 35.73726050317536 -32.2047840948632 951.7544730552588 250 252 -1
252 35.61217023512222 -32.35176720842715 951.6983992641258 251 253 -1
253 35.48675939472674 -32.497943805452245 951.6409498990481 252 254 -1
254 35.36103277870536 -32.643313699992724 951.5821594823918 253 255 -1
255 35.23499839919192 -32.78788671206998 951.5220772286 254 256 -1
256 35.10866062005853 -32.931664917336526 951.4607378759059 255 257 -1
257 34.98201866429405 -33.07463808438755 951.3981565234706 256 258 -1
258 34.85507922541974 -33.21681706981787 951.3343800282973 257 259 -1
259 34.72784681841371 -33.35820845374768 951.2694467860501 258 260 -1
260 34.60032186485992 -33.49880903212108 951.2033800022645 259 261 -1
261 34.47250464003727 -33.63861630437065 951.1362038303276 260 262 -1
262 34.34440122023433 -33.77764472336651 951.0679648027428 261 263 -1
263 34.21601226523675 -33.915895125716844 950.9986894314198 262 264 -1
264 34.0873339413083 -34.053357134891606 950.9283896295307 263 265 -1
265 33.95837290399056 -34.19004995476244 950.8571148528437 264 266 -1
266 33.8291292714507 -34.32597588343463 950.7848914798286 265 267 -1
267 33.699596976976885 -34.46112145779299 950.7117269234964 266 268 -1
268 33.56978246897789 -34.5955079017423 950.6376697638266 267 269 -1
269 33.43968467950136 -34.729136847838745 950.5627439793386 268 270 -1
270 33.30929684966344 -34.861995729823505 950.4869578522706 269 271 -1
271 33.17862457886748 -34.994105504019856 950.4103565157925 270 272 -1
272 33.04766507723499 -35.12546548590295 950.33296027408 271 273 -1
273 32.91641216075744 -35.25606711472656 950.2547816264484 272 274 -1
274 32.78487005030955 -35.38592926435889 950.175860733903 273 275 -1
275 32.6530337972609 -35.51504776530356 950.0962137710293 274 276 -1
276 32.52089881357173 -35.64342026090546 950.0158591192122 275 277 -1
277 32.38846750957248 -35.77106221278839 949.9348313125945 276 278 -1
278 32.255732445651404 -35.897965280202385 949.8531425961637 277 279 -1
279 32.12269140177715 -36.02413458704879 949.7708175405153 278 280 -1
280 31.98934464411389 -36.14958133862041 949.6878851026244 279 281 -1
281 31.85568203402301 -36.274292810395394 949.6043542978896 280 282 -1
282 31.721704210968966 -36.398281963468456 949.5202551462811 281 283 -1
283 31.58740907692148 -36.52155538186812 949.4356116242374 282 284 -1
284 31.452783742853637 -36.644096208581765 949.350430569678 283 285 -1
285 31.317831860815925 -36.76592468760245 949.2647459636617 284 286 -1
286 31.182547507152552 -36.887039970553985 949.1785758908554 285 287 -1
287 31.04691934254897 -37.00743052064995 949.0919319885381 286 288 -1
288 30.910949612214647 -37.12711366332935 949.0048445406102 287 289 -1
289 30.77462777982168 -37.24608789808897 948.9173371402995 288 290 -1
290 30.63792907665348 -37.364363019315704 948.8294706554506 289 291 -1
291 30.500835289995507 -37.481973310269254 948.7413277367062 290 292 -1
292 30.363317290488876 -37.598934541414444 948.652982168585 291 293 -1
293 30.225344543753287 -37.71526356426279 948.5645109969491 292 294 -1
294 30.086897235773698 -37.830991874187326 948.4759933811753 293 295 -1
295 29.947944799792232 -37.94613686238767 948.3875065256693 294 296 -1
296 29.808452231953837 -38.0607134096855 948.2991317239919 295 297 -1
297 29.668399587375962 -38.174752034190774 948.2109472105649 296 298 -1
298 29.527757425165735 -38.288272771166596 948.1230331313034 297 299 -1
299 29.38648323680344 -38.40128634906988 948.0354797774493 298 300 -1
300 29.244557155348847 -38.51382193754577 947.9483662494937 299 301 -1
301 29.101948978401587 -38.62589944813755 947.8617777515773 300 302 -1
302 28.958624490096454 -38.73753625872209 947.7758048532279 301 303 -1
303 28.814543476935214 -38.84874703253411 947.6905473947375 302 304 -1
304 28.66968393475787 -38.95955607967634 947.606090017173 303 305 -1
305 28.52401323014019 -39.06998082703254 947.5225293701735 304 306 -1
306 28.37749853349606 -39.1800381340982 947.4399655497822 305 307 -1
307 28.230100269686282 -39.289741762893684 947.3585112541676 306 308 -1
308 28.08178801235761 -39.39910859730047 947.2782724396143 307 309 -1
309 27.932533949982854 -39.50815503962114 947.1993550826137 308 310 -1
310 27.78230474212028 -39.61689566074978 947.1218794925225 309 311 -1
311 27.631059945055767 -39.725349452653745 947.0459944506545 310 312 -1
312 27.478757016653397 -39.833536065595304 946.9718649872591 311 313 -1
313 27.32535489461475 -39.941473254889246 946.8996638578208 312 314 -1
314 27.170814561444168 -40.04917656274604 946.8295719314754 313 315 -1
315 27.01509967588463 -40.156658975849005 946.761778596247 314 316 -1
316 26.858177302558776 -40.26393053950325 946.6964820919377 315 317 -1
317 26.70001874683551 -40.3709979273959 946.633889746508 316 318 -1
318 26.54060050006252 -40.477863967470164 946.5742180874895 317 319 -1
319 26.379905297473602 -40.58452712638526 946.517692795537 318 320 -1
320 26.217923287085025 -40.6909809575894 946.4645484629522 319 321 -1
321 26.054653302549713 -40.797213521230866 946.415028116202 320 322 -1
322 25.890104226069916 -40.90320678800669 946.3693824586393 321 323 -1
323 25.724296419001856 -41.00893604356836 946.327868788372 322 324 -1
324 25.557263187745622 -41.11436931516969 946.2907495472847 323 325 -1
325 25.389052241117515 -41.21946684764622 946.2582904613947 324 326 -1
326 25.21972592026606 -41.32417408485243 946.2307410517961 325 327 -1
327 25.04939461109794 -41.42841791344042 946.2080590491687 326 328 -1
328 24.878176211690008 -41.53212714592236 946.1900952289368 327 329 -1
329 24.70617725144535 -41.635235466412965 946.1767071871418 328 330 -1
330 24.533495878570843 -41.737682067457705 946.1677472850879 329 331 -1
331 24.36021913998183 -41.83940719738905 946.1630854497049 330 332 -1
332 24.18643755813328 -41.94037359325193 946.1624926284296 331 333 -1
333 24.01222522413308 -42.04054338040386 946.1657824163087 332 334 -1
334 23.837647129826653 -42.139884586085486 946.1727658180723 333 335 -1
335 23.662756959778427 -42.23836240547432 946.1832834950338 334 336 -1
336 23.48760700167347 -42.33596883472388 946.1970892509838 335 337 -1
337 23.312236798894546 -42.43269094198081 946.2139817866197 336 338 -1
338 23.13667811033952 -42.52852087049835 946.2337593710502 337 339 -1
339 22.96095400993777 -42.6234470087414 946.2562439655482 338 340 -1
340 22.785083345294005 -42.71747635433755 946.2812146719715 339 341 -1
341 22.609077731234283 -42.81061612757004 946.3084656680257 340 342 -1
342 22.43294259520185 -42.90287410439341 946.3378011857437 341 343 -1
343 22.256678191087435 -42.99426079172234 946.3690280144976 342 344 -1
344 22.080279032470024 -43.08478248287853 946.4019674338716 343 345 -1
345 21.903737197197714 -43.174458984558996 946.4364201312563 344 346 -1
346 21.727040797815985 -43.26330882573128 946.472197329645 345 347 -1
347 21.550174485702453 -43.351349659702485 946.5091172108005 346 348 -1
348 21.373120237885644 -43.43860010951967 946.5470005481968 347 349 -1
349 21.1958577910942 -43.52507950113375 946.5856705169227 348 350 -1
350 21.018364196639546 -43.61080513928197 946.6249539571822 349 351 -1
351 20.84061540564291 -43.6957964984458 946.6646767297051 350 352 -1
352 20.662587937055306 -43.78007712835296 946.7046650337122 351 353 -1
353 20.484256563563477 -43.86366689612251 946.7447492328018 352 354 -1
354 20.305596644958634 -43.94658475364614 946.7847658817124 353 355 -1
355 20.126606813068868 -44.02883384661002 946.8246882867131 354 356 -1
356 19.94731343771546 -44.11039914650676 946.8646515063572 355 357 -1
357 19.76774492712206 -44.19126485325137 946.9048006789772 356 358 -1
358 19.58792992174555 -44.271414934709384 946.9452801937773 357 359 -1
359 19.40789718287907 -44.35083108361462 946.9862355192449 358 360 -1
360 19.227678378301775 -44.429502234485874 947.0278055016258 359 361 -1
361 19.047304958764393 -44.507413613380066 947.070128718018 360 362 -1
362 18.86680967526244 -44.584550512022616 947.1133413752776 361 363 -1
363 18.686226761572467 -44.66089824102872 947.1575769877052 362 364 -1
364 18.50559209491501 -44.73644209709508 947.2029660425939 363 365 -1
365 18.324943331521915 -44.81116734480381 947.2496356530243 364 366 -1
366 18.144320013895616 -44.88505921355611 947.297709198004 365 367 -1
367 17.96376364660728 -44.95810291000927 947.3473059508385 366 368 -1
368 17.783317737610684 -45.03028364622171 947.3985406974351 367 369 -1
369 17.603027802261455 -45.10158668351423 947.4515233471055 368 370 -1
370 17.42294132754352 -45.171997391829635 947.5063585392871 369 371 -1
371 17.243107663291504 -45.24150133608277 947.5631451392995 370 372 -1
372 17.06356134972333 -45.310090649865664 947.6219185492669 371 373 -1
373 16.884282029810322 -45.37777874235711 947.6825238845156 372 374 -1
374 16.70523339520648 -45.444584616273836 947.7447684538927 373 375 -1
375 16.526376120366706 -45.51052776848237 947.8084666491952 374 376 -1
376 16.34766841204706 -45.57562792104573 947.8734394329872 375 377 -1
377 16.16906648156638 -45.63990479489668 947.9395137737982 376 378 -1
378 15.99052505867955 -45.703370778161506 948.0065290127213 377 379 -1
379 15.811996489009616 -45.76605187052282 948.0743129195056 378 380 -1
380 15.633433089733895 -45.82796690719743 948.1427065104536 379 381 -1
381 15.45478654312902 -45.889134057274504 948.2115545139078 380 382 -1
382 15.27600812882568 -45.94957078650889 948.2807046994266 381 383 -1
383 15.097048935348232 -46.009293777342194 948.3500072816593 382 384 -1
384 14.917857423770919 -46.06831247689305 948.4193129309646 383 385 -1
385 14.738385356640874 -46.12664607431939 948.4884724424995 384 386 -1
386 14.558585122470882 -46.18431082438421 948.5573397751051 385 387 -1
387 14.378408939860142 -46.2413196947909 948.6257691207702 386 388 -1
388 14.197815908471167 -46.29768269261754 948.6936322751658 387 389 -1
389 14.016791003920076 -46.35339619503432 948.7608783161086 388 390 -1
390 13.835330930156626 -46.40845733038157 948.8274857175641 389 391 -1
391 13.653435963318639 -46.4628681198547 948.8934380514983 390 392 -1
392 13.471103596120855 -46.51662598639749 948.9587145349624 391 393 -1
393 13.288331551508213 -46.56972827696736 949.023294323239 392 394 -1
394 13.105115346730454 -46.6221686217809 949.0871524375731 393 395 -1
395 12.921451886094879 -46.673942267211956 949.1502653616643 394 396 -1
396 12.737343314222427 -46.72505181188531 949.2126180268845 395 397 -1
397 12.552788372858439 -46.775494324151786 949.2741893582811 396 398 -1
398 12.367786077749553 -46.825266811958834 949.3349582346377 397 399 -1
399 12.182332977052642 -46.874362079103435 949.3948983072584 398 400 -1
400 11.9964277696506 -46.92277561440343 949.4539862417322 399 401 -1
401 11.810073959730236 -46.97050966951386 949.5122074146958 400 402 -1
402 11.62327176217864 -47.01756104541862 949.5695405676324 401 403 -1
403 11.436021710958322 -47.06392650367001 949.6259644279951 402 404 -1
404 11.248320899112862 -47.109596914853775 949.6814496608065 403 405 -1
405 11.060171561670968 -47.154570445556224 949.7359766033694 404 406 -1
406 10.87157799046912 -47.19884797624954 949.7895296716556 405 407 -1
407 10.682542098542367 -47.24242615585701 949.8420876190416 406 408 -1
408 10.493066161213395 -47.28530162082153 949.8936292358562 407 409 -1
409 10.303147233588646 -47.32746186323784 949.944119712331 408 410 -1
410 10.112793014201412 -47.368910885766965 949.99354848542 409 411 -1
411 9.92200789537516 -47.409646876942205 950.0418968112438 410 412 -1
412 9.730795696138106 -47.44966647934745 950.0891437462087 411 413 -1
413 9.539158831805812 -47.48896323784695 950.135263522797 412 414 -1
414 9.347099040767336 -47.52752859541498 950.1802267993529 413 415 -1
415 9.154626156260388 -47.56536739905951 950.2240256571985 414 416 -1
416 8.961745649141822 -47.60247640986089 950.2666396672776 415 417 -1
417 8.768463411995645 -47.63885244040762 950.3080485837862 416 418 -1
418 8.574781899971397 -47.67448187276742 950.3482226654253 417 419 -1
419 8.380720592727762 -47.7093712836996 950.3871953044941 418 420 -1
420 8.1862958553871 -47.74352019408171 950.4249948244285 419 421 -1
421 7.991522713859412 -47.77692668261509 950.4616469715147 420 422 -1
422 7.796412034209161 -47.80958035260278 950.4971649050974 421 423 -1
423 7.600980000267748 -47.84148343148463 950.5315810184558 422 424 -1
424 7.405242102376288 -47.87263856968342 950.5649274850928 423 425 -1
425 7.209211419299909 -47.90304413065214 950.5972298636202 424 426 -1
426 7.012897548499459 -47.932689981246604 950.6285023824548 425 427 -1
427 6.816314220100346 -47.961577797819636 950.6587755602906 426 428 -1
428 6.619475076657018 -47.98971112518989 950.6880815829687 427 429 -1
429 6.422391455300349 -48.0170884449131 950.7164456406246 428 430 -1
430 6.225071209286593 -48.04369769594591 950.7438804441313 429 431 -1
431 6.027527196319099 -48.069543940713054 950.7704196109174 430 432 -1
432 5.829770742582384 -48.094629406735436 950.7960925313839 431 433 -1
433 5.631811660384928 -48.11895254728804 950.8209239252942 432 434 -1
434 5.433655964570437 -48.14249734094589 950.8449234791764 433 435 -1
435 5.235316467265033 -48.16527593375329 950.8681309362006 434 436 -1
436 5.036802100228253 -48.18728716326654 950.8905711625663 435 437 -1
437 4.838120448011399 -48.208524827447484 950.9122641818193 436 438 -1
438 4.639278628116568 -48.228980661445064 950.9332287436087 437 439 -1
439 4.440286910440457 -48.248663662520975 950.9534992829049 438 440 -1
440 4.241152956726688 -48.2675719390903 950.9730996443683 439 441 -1
441 4.0418823974773765 -48.28569260729183 950.9920448511377 440 442 -1
442 3.8424836297757525 -48.303029451587165 951.0103641074886 441 443 -1
443 3.642964441308139 -48.31958524650099 951.0280850053316 442 444 -1
444 3.4433312622470083 -48.33535561699209 951.0452294374668 443 445 -1
445 3.2435891548465805 -48.350326273317705 951.0618129468253 444 446 -1
446 3.043746472242636 -48.364508734151734 951.0778690033775 445 447 -1
447 2.8438093594881484 -48.37790045707582 951.0934207225555 446 448 -1
448 2.6437827724899075 -48.39048885661418 951.1084854457564 447 449 -1
449 2.4436730932137904 -48.402274444450846 951.1230889043384 448 450 -1
450 2.2434867246740935 -48.41326083127633 951.137257943734 449 451 -1
451 2.04322910897027 -48.42344369804062 951.1510147765481 450 452 -1
452 1.8429046638910256 -48.43280579980982 951.1643759893201 451 453 -1
453 1.642520064372151 -48.44135910854339 951.1773721850968 452 454 -1
454 1.4420805300031398 -48.44910018850849 951.1900260734911 453 455 -1
455 1.2415907134216302 -48.456016536934314 951.2023571261827 454 456 -1
456 1.0410559116781246 -48.46210548767978 951.2143892161145 455 457 -1
457 0.8404815961423074 -48.46737093216667 951.2261480569241 456 458 -1
458 0.639872713063533 -48.471808832858386 951.2376563185557 457 459 -1
459 0.4392337120479621 -48.47539920701427 951.2489328599672 458 460 -1
460 0.23857011300858197 -48.47815251315565 951.2600049888523 459 461 -1
461 0.03788680949491853 -48.48006513468034 951.2708956962065 460 462 -1
462 -0.16281139483352716 -48.48112770011852 951.2816270313485 461 463 -1
463 -0.36351958482378954 -48.48132814845496 951.2922213409626 462 464 -1
464 -0.5642326672949523 -48.48067327735236 951.3027037681638 463 465 -1
465 -0.7649457278987436 -48.47915786535224 951.3130973019075 464 466 -1
466 -0.9656537109337779 -48.47676825189449 951.3234246329341 465 467 -1
467 -1.1663514545579494 -48.473499140155425 951.3337096692783 466 468 -1
468 -1.3670339209806057 -48.46935273271062 951.3439763067408 467 469 -1
469 -1.567695945588882 -48.46432306791699 951.3542479570631 468 470 -1
470 -1.7683319525809604 -48.45839496335213 951.364548711294 469 471 -1
471 -1.9689369584160867 -48.45156440575667 951.3748939677484 470 472 -1
472 -2.169510409496886 -48.443831386489045 951.3852155446896 471 473 -1
473 -2.3700539117023762 -48.43518876197652 951.395396523298 472 474 -1
474 -2.5705686260914113 -48.42562302127095 951.4053156323316 473 475 -1
475 -2.771055292871485 -48.41512349550182 951.4148490197344 474 476 -1
476 -2.9715142206603424 -48.40369110601742 951.423878298472 475 477 -1
477 -3.1719444532880012 -48.39131747565251 951.4322812699431 476 478 -1
478 -3.3723438147033646 -48.377993976410096 951.4399343489629 477 479 -1
479 -3.5727081835308496 -48.363700215950054 951.4467004344939 478 480 -1
480 -3.77303239738078 -48.3484367797296 951.4524597186914 479 481 -1
481 -3.9733090882888296 -48.33219678822181 951.4570862209466 480 482 -1
482 -4.1735285315968085 -48.31497112340233 951.4604503677411 481 483 -1
483 -4.3736784380110745 -48.29675071015763 951.4624210206167 482 484 -1
484 -4.57374293810168 -48.27751957023572 951.4628539570604 483 485 -1
485 -4.773703563879345 -48.25727144568839 951.4616168097939 484 486 -1
486 -4.973538838950255 -48.23600291009775 951.4585818675941 485 487 -1
487 -5.1732230889691975 -48.21370609740204 951.4536128649924 486 488 -1
488 -5.3727265484689966 -48.19037375609345 951.4465727003235 487 489 -1
489 -5.572015062691589 -48.165999401560505 951.4373237501525 488 490 -1
490 -5.77104957174093 -48.14057666138347 951.425726317029 489 491 -1
491 -5.969783641782257 -48.11409335912434 951.4116234002911 490 492 -1
492 -6.168170358044617 -48.086555188488006 951.394898268755 491 493 -1
493 -6.366155300741658 -48.05796046569471 951.3754158051288 492 494 -1
494 -6.563678534181086 -48.02830918783553 951.3530430090825 493 495 -1
495 -6.760674523139283 -47.99760323440816 951.3276497622834 494 496 -1
496 -6.957072122407637 -47.96584656740619 951.2991096675404 495 497 -1
497 -7.152794651519501 -47.933045425416424 951.2673009552844 496 498 -1
498 -7.347759545113869 -47.89920787458208 951.2321052909118 497 499 -1
499 -7.541876762366551 -47.86433715816789 951.1934074309768 498 500 -1
500 -7.735089801401661 -47.82844952138996 951.1512680060296 499 501 -1
501 -7.927347710529698 -47.791552393313225 951.1057662158668 500 502 -1
502 -8.118603506426627 -47.753653447401064 951.0569827806797 501 503 -1
503 -8.308814086544828 -47.71476052664804 951.0049994701029 502 504 -1
504 -8.497940129671735 -47.67488157154201 950.9498987314489 503 505 -1
505 -8.685944447414613 -47.634023268378584 950.8917594373945 504 506 -1
506 -8.872783896766844 -47.59218474323522 950.8306383880819 505 507 -1
507 -9.05844075509208 -47.54938346538481 950.766648099149 506 508 -1
508 -9.242889474073623 -47.50562712399364 950.6998706299396 507 509 -1
509 -9.426107546674908 -47.46092322857984 950.6303872982478 508 510 -1
510 -9.608075331386981 -47.415279068876146 950.5582784776245 509 511 -1
511 -9.78875878521763 -47.368689344397325 950.4835906180818 510 512 -1
512 -9.968156450273124 -47.3211706515501 950.4064297677284 511 513 -1
513 -10.146258831458836 -47.272731294770054 950.3268777536425 512 514 -1
514 -10.323056022255663 -47.223377349847176 950.2450097322886 513 515 -1
515 -10.498524868987241 -47.17310411054014 950.1608742655288 514 516 -1
516 -10.672663920662398 -47.121920366333285 950.0745534601712 515 517 -1
517 -10.845477963699858 -47.06983738804493 949.9861332086585 516 518 -1
518 -11.01696415214674 -47.01685972093663 949.8956820276594 517 519 -1
519 -11.187092592778745 -46.962972563516914 949.8032262324908 518 520 -1
520 -11.355889482758247 -46.90819740058752 949.7088713904553 519 521 -1
521 -11.523356446108036 -46.85253798665858 949.6126817635297 520 522 -1
522 -11.6894716909675 -46.795981477405505 949.5146882714803 521 523 -1
523 -11.854251944017882 -46.73853955856531 949.4149711431301 522 524 -1
524 -12.017709399747435 -46.680219933953424 949.3135998651973 523 525 -1
525 -12.179821329611881 -46.6210062084453 949.210599166642 524 526 -1
526 -12.34061026807021 -46.560911189648515 949.1060469358139 525 527 -1
527 -12.5 -46.5 949.0 526 528 529
528 -12.658033011475254 -46.36556824604934 949.1493927293839 527 530 -1
529 -12.451453205669168 -46.581709734173124 948.8574432186037 527 531 -1
530 -12.81576988038996 -46.23122227990052 949.2990299024341 528 532 -1
531 -12.40281086927333 -46.66141753187464 948.7137457491546 529 533 -1
532 -12.973021318307254 -46.09684483194358 949.4491489507875 530 534 -1
533 -12.35400676526991 -46.73924359205154 948.5690748880786 531 535 -1
534 -13.129782846801634 -45.962431321759254 949.599747333458 532 536 -1
535 -12.305054234168907 -46.8151755959981 948.4234507689513 533 537 -1
536 -13.286050236359396 -45.82797734417803 949.750822387736 534 538 -1
537 -12.255970189321701 -46.8892486488338 948.2769163268567 535 539 -1
538 -13.441817921473671 -45.69347852036509 949.9023728280713 536 540 -1
539 -12.206769191354299 -46.961469525633525 948.1294991511173 537 541 -1
540 -13.597080151035444 -45.55893056506626 950.0543975912142 538 542 -1
541 -12.157466375503521 -47.03185441628814 947.9812303826712 539 543 -1
542 -13.751832617136506 -45.4243294597796 950.206894334153 540 544 -1
543 -12.10807747774675 -47.10043577316719 947.8321472634493 541 545 -1
544 -13.90606985241508 -45.28967119317797 950.3598618662701 542 546 -1
545 -12.05861698034566 -47.16722303463918 947.6822753932723 543 547 -1
546 -14.059786279734782 -45.154951850541224 950.5132991426325 544 548 -1
547 -12.009100575010429 -47.23226269179108 947.5316552179762 545 549 -1
548 -14.212976208514252 -45.02016760875073 950.6672052593169 546 550 -1
549 -11.959542606304339 -47.295567338929644 947.3803111929547 547 551 -1
550 -14.365633830989143 -44.8853147315464 950.8215794490176 548 552 -1
551 -11.909958103423087 -47.35718793593295 947.228282335549 549 553 -1
552 -14.517753218399584 -44.75038956503214 950.9764210769188 550 554 -1
553 -11.860361309358666 -47.41714788164321 947.0755948270072 551 555 -1
554 -14.669328317097056 -44.61538853341635 951.1317296368151 552 556 -1
555 -11.810766455439486 -47.475495116246165 946.9222831436815 553 557 -1
556 -14.820352944564913 -44.4803081349751 951.287504747462 554 558 -1
557 -11.761187360916109 -47.53226930822923 946.7683768529954 555 559 -1
558 -14.970820785346993 -44.34514493822601 951.4437461491407 556 560 -1
559 -11.711637696078595 -47.58750991460251 946.6139040105897 557 561 -1
560 -15.120725386876833 -44.209895578303964 951.6004537004255 558 562 -1
561 -11.662130334538046 -47.64127495158917 946.4588978357397 559 563 -1
562 -15.270060155203586 -44.07455675352729 951.7576273751359 560 564 -1
563 -11.612678740229724 -47.69359586327073 946.3033804735254 561 565 -1
564 -15.418818350607532 -43.93912522214649 951.915267259464 562 566 -1
565 -11.563294819220365 -47.74453813016171 946.147384610645 563 567 -1
566 -15.566993083098913 -43.803597799267926 952.0733735492636 564 568 -1
567 -11.513990802160246 -47.7941499778768 945.9909352787523 565 569 -1
568 -15.714577307795789 -43.66797135394364 952.2319465474881 566 570 -1
569 -11.464778914910282 -47.84247932692989 945.8340560554705 567 571 -1
570 -15.861563820173387 -43.532242806421934 952.3909866617677 568 572 -1
571 -11.415669736462657 -47.88959189161117 945.6767749913012 569 573 -1
572 -16.007945199367768 -43.3964091164072 952.5504944417146 570 574 -1
573 -11.366674810188126 -47.935538003582835 945.5191136241931 571 575 -1
574 -16.15371243741965 -43.260467035326556 952.7104716066648 572 576 -1
575 -11.317804844625455 -47.98037617771349 945.3610948631621 573 577 -1
576 -16.298859165705494 -43.124413855124956 952.8709178216379 574 578 -1
577 -11.269069364396083 -48.02417176602646 945.202742484808 575 579 -1
578 -16.443377490547533 -42.988246675951736 953.0318338875861 576 580 -1
579 -11.22047903904698 -48.06697971159274 945.0440756954926 577 581 -1
580 -16.587259332851055 -42.85196263778684 953.1932206997402 578 582 -1
581 -11.172043377201586 -48.108862902261514 944.8851150609033 579 583 -1
582 -16.73049531313594 -42.715558710516106 953.3550800485939 580 584 -1
583 -11.123770844471423 -48.14988805507233 944.7258812459854 581 585 -1
584 -16.87307687188785 -42.57903208488389 953.5174130522716 582 586 -1
585 -11.075671107785858 -48.19011473347628 944.5663915936761 583 587 -1
586 -17.01499636675095 -42.44238020040819 953.6802201229243 584 588 -1
587 -11.027753017200244 -48.229606869830214 944.4066638421776 585 589 -1
588 -17.156244919183102 -42.30560033909151 953.8435025118159 586 590 -1
589 -10.980023933289104 -48.26843301408958 944.2467163529137 587 591 -1
590 -17.29681117910134 -42.16868937823134 954.0072631202364 588 592 -1
591 -10.932492431124322 -48.30665658323615 944.0865649938435 589 593 -1
592 -17.43668749377399 -42.03164497789447 954.1715021779448 590 594 -1
593 -10.88516732334595 -48.344341377521566 943.9262249206199 591 595 -1
594 -17.57586474329254 -41.89446459386975 954.336220888493 592 596 -1
595 -10.838054823084184 -48.381557363901216 943.7657128146122 593 597 -1
596 -17.71433142038455 -41.75714528959562 954.5014219942597 594 598 -1
597 -10.79116237529358 -48.41837056813381 943.6050434475798 595 599 -1
598 -17.852077770697733 -41.619684544290536 954.667106941004 596 600 -1
599 -10.744499366918163 -48.45484497943831 943.4442300648254 597 601 -1
600 -17.98909482250224 -41.482080070183436 954.8332765828752 598 602 -1
601 -10.6980708453792 -48.49105098321116 943.2832882016947 599 603 -1
602 -18.125370308661445 -41.34432900720469 954.9999338638305 600 604 -1
603 -10.651883776257975 -48.52705536802532 943.1222316676769 601 605 -1
604 -18.260893415905784 -41.206428859795665 955.1670806470654 602 606 -1
605 -10.605946754827348 -48.562924614374666 942.9610734935503 603 607 -1
606 -18.395654686473247 -41.068377482821795 955.3347178330291 604 608 -1
607 -10.560265589852387 -48.59872713311821 942.799827777001 605 609 -1
608 -18.529640602926005 -40.93017200689819 955.5028488186263 606 610 -1
609 -10.514846349750993 -48.63453028889347 942.6385082281258 607 611 -1
610 -18.662840100513687 -40.79181013317423 955.6714753015183 608 612 -1
611 -10.469696805193328 -48.67040162658692 942.4771281327138 609 613 -1
612 -18.79524270616731 -40.653289766265424 955.8405985157901 610 614 -1
613 -10.424824053523167 -48.70640920197588 942.3157011890909 611 615 -1
614 -18.926833297302654 -40.514607973717474 956.0102224493469 612 616 -1
615 -10.380233276079192 -48.742619456503874 942.1542414581634 613 617 -1
616 -19.057601082630065 -40.37576277420224 956.1803482728172 614 618 -1
617 -10.335931538351586 -48.779099511108804 941.9927629038358 615 619 -1
618 -19.18753417172415 -40.23675205867491 956.350977728932 616 620 -1
619 -10.291927504320377 -48.81591874297564 941.8312799430114 617 621 -1
620 -19.316615644406937 -40.097572817301945 956.5221154165005 618 622 -1
621 -10.248225546218203 -48.85314112172332 941.6698073908763 619 623 -1
622 -19.444835171303385 -39.95822344228429 956.6937618461079 620 624 -1
623 -10.204832196474696 -48.890827931347644 941.5083593492353 621 625 -1
624 -19.572178950606535 -39.81870173673697 956.8659194684167 622 626 -1
625 -10.161755209837828 -48.92900459274098 941.3469416792339 623 627 -1
626 -19.69862899961949 -39.67900478909033 957.0385929657905 624 628 -1
627 -10.118995866581818 -48.96766592670052 941.1855549175251 625 629 -1
628 -19.82417450684665 -39.53913120023276 957.2117827156786 626 630 -1
629 -10.07655787090831 -49.006810350636414 941.0241997863224 627 631 -1
630 -19.948799832747103 -39.399078732572306 957.3854917197357 628 632 -1
631 -10.034447727307267 -49.046440392632014 940.862877303192 629 633 -1
632 -20.072486473296614 -39.25884471232168 957.5597243661367 630 634 -1
633 -9.992667528083748 -49.086552019440305 940.7015880627945 631 635 -1
634 -20.195222144804795 -39.118427785283444 957.7344813912226 632 636 -1
635 -9.951220502370887 -49.12714297890662 940.5403327829858 633 637 -1
636 -20.31699013978836 -38.977825860997356 957.9097658156082 634 638 -1
637 -9.910113028016474 -49.1682154825524 940.3791125220564 635 639 -1
638 -20.437776602410903 -38.837038418911256 958.0855796436524 636 640 -1
639 -9.86934769679391 -49.209766332262575 940.2179279663169 637 641 -1
640 -20.557595244041714 -38.696073186069306 958.2619124925069 638 642 -1
641 -9.82892742668812 -49.25179289225161 940.0567798458936 639 643 -1
642 -20.67646050548535 -38.55493851937291 958.4387543368287 640 644 -1
643 -9.788858642815248 -49.29429731058409 939.8956692812055 641 645 -1
644 -20.794383876950256 -38.4136421525052 958.6160969468473 642 646 -1
645 -9.749144098356227 -49.33727669727306 939.7345970204718 643 647 -1
646 -20.911383104194112 -38.272192761880014 958.7939289983507 644 648 -1
647 -9.709786570833916 -49.38072829367852 939.5735638250081 645 649 -1
648 -21.027473699388153 -38.13059848045793 958.9722405928769 646 650 -1
649 -9.670792711739825 -49.42465441427073 939.4125709013543 647 651 -1
650 -21.142669611574043 -37.988867073425894 959.1510228796286 648 652 -1
651 -9.632165085938416 -49.469051996900106 939.2516190248597 649 653 -1
652 -21.25698577607303 -37.84700635455787 959.3302667064173 650 654 -1
653 -9.593906506723156 -49.51391839718945 939.0907090093741 651 655 -1
654 -21.370439741904416 -37.705024380275425 959.5099617742023 652 656 -1
655 -9.556024035206354 -49.55925630405538 938.9298421742932 653 657 -1
656 -21.483047271723247 -37.56292881153352 959.6900989397898 654 658 -1
657 -9.518519688662355 -49.60506204672287 938.7690192819806 655 659 -1
658 -21.59482263835303 -37.420727015495224 959.87067004811 656 660 -1
659 -9.48139649683823 -49.65133330997784 938.608241222739 657 661 -1
660 -21.70578274749341 -37.27842659512091 960.0516657804707 658 662 -1
661 -9.44466211691574 -49.69807334477813 938.4475094584706 659 663 -1
662 -21.81594488979811 -37.13603506589459 960.2330768269932 660 664 -1
663 -9.408317716706238 -49.74527739083686 938.2868246529014 661 665 -1
664 -21.925325475702326 -36.99355972314919 960.4148945398571 662 666 -1
665 -9.372367324817406 -49.792942847451066 938.1261874252959 663 667 -1
666 -22.033940156823885 -36.85100769202271 960.597110866328 664 668 -1
667 -9.33682026112402 -49.84107244685191 937.9655988419582 665 669 -1
668 -22.141805436812692 -36.70838610203442 960.7797175087226 666 670 -1
669 -9.301677133256165 -49.88965888876762 937.8050589345867 667 671 -1
670 -22.248939470002508 -36.56570212557642 960.9627055032691 668 672 -1
671 -9.266943459887463 -49.938700581584314 937.6445683460695 669 673 -1
672 -22.355359258937014 -36.42296272665453 961.1460666758494 670 674 -1
673 -9.232627260898795 -49.98819856822825 937.4841280392685 671 675 -1
674 -22.461081948530985 -36.2801747934022 961.32979296532 672 676 -1
675 -9.198729441701506 -50.038146151741785 937.3237381393209 673 677 -1
676 -22.566123903093295 -36.137345092281784 961.5138769070875 674 678 -1
677 -9.165256516464785 -50.0885427514279 937.1633994662112 675 679 -1
678 -22.670502919975334 -35.99448040932772 961.6983104682805 676 680 -1
679 -9.1322145132916 -50.1393871652319 937.0031128015052 677 681 -1
680 -22.774237259074834 -35.85158746217136 961.8830855469715 678 682 -1
681 -9.09960501985414 -50.190673652645685 936.8428784099408 679 683 -1
682 -22.877344613571772 -35.70867286087437 962.0681945138365 680 684 -1
683 -9.067435839689626 -50.242402834039495 936.6826973273832 681 685 -1
684 -22.979842811715812 -35.56574315418265 962.2536298402935 682 686 -1
685 -9.03571032564193 -50.29457079533828 936.5225700717699 683 687 -1
686 -23.081749816222935 -35.422804832718846 962.4393840956545 684 688 -1
687 -9.004431064183022 -50.347172985807795 936.3624970862415 685 689 -1
688 -23.183083271309787 -35.279864353506575 962.6254502060364 686 690 -1
689 -8.973607553350284 -50.400211491785115 936.2024796766757 687 691 -1
690 -23.28386955569319 -35.13693020020141 962.8118181314164 688 692 -1
691 -8.943239652544085 -50.453679169888325 936.0425179941838 689 693 -1
692 -23.38415108489117 -34.994014781726044 962.9984724994022 690 694 -1
693 -8.91333295169418 -50.50757439753037 935.8826129084089 691 695 -1
694 -23.483971988439315 -34.85113086571272 963.1853977057046 692 696 -1
695 -8.883894257158481 -50.56189657752569 935.7227654619804 693 697 -1
696 -23.58337680623987 -34.708291124009506 963.3725782418179 694 698 -1
697 -8.854923836510594 -50.616639212242596 935.5629759110868 695 699 -1
698 -23.682410465430916 -34.565508144176384 963.5599986812756 696 700 -1
699 -8.826430027897153 -50.67180306473791 935.403245530383 697 701 -1
700 -23.781118257781493 -34.42279444151181 963.7476436650464 698 702 -1
701 -8.798414768250128 -50.72738319946604 935.243574822521 699 703 -1
702 -23.879545817547875 -34.28016247155666 963.9354978861179 700 704 -1
703 -8.770881349838316 -50.78337596873817 935.0839644759412 701 705 -1
704 -23.977739099714327 -34.137624643031224 964.1235460733292 702 706 -1
705 -8.743838102820295 -50.839781958201506 934.9244158351801 703 707 -1
706 -24.07574435854117 -33.99519333115394 964.3117729745032 704 708 -1
707 -8.717283865147774 -50.89659379658417 934.7649290690711 705 709 -1
708 -24.173608062490477 -33.852880980102654 964.5001634390956 706 710 -1
709 -8.691227004834474 -50.95381206310089 934.6055055718316 707 711 -1
710 -24.271377125380532 -33.71069987747977 964.6887020881185 708 712 -1
711 -8.665669150684693 -51.01143178882027 934.4461459041594 709 713 -1
712 -24.36909858266444 -33.56866236026248 964.8773735980525 710 714 -1
713 -8.640613794877035 -51.06944959696599 934.2868508813617 711 715 -1
714 -24.466819663292995 -33.42678080641097 965.0661626157801 712 716 -1
715 -8.616068079393564 -51.12786494162929 934.1276218137102 713 717 -1
716 -24.564587790055285 -33.2850676312315 965.2550537141134 714 718 -1
717 -8.592030690995767 -51.18667074722055 933.9684589346001 715 719 -1
718 -24.662450558039335 -33.14353530199123 965.4440313719246 716 720 -1
719 -8.568512013281987 -51.245867556406345 933.8093635207333 717 721 -1
720 -24.760455712720486 -33.00219635258293 965.6330799539758 718 722 -1
721 -8.545517736297224 -51.30542687216562 933.6503267562002 719 723 -1
722 -24.858651127568315 -32.86106339818926 965.8221836905099 720 724 -1
723 -8.523069420682882 -51.365307995378906 933.4913328351458 721 725 -1
724 -24.957084781062296 -32.7201491498931 966.0113266566661 722 726 -1
725 -8.501184441736482 -51.42546656179619 933.3323651121077 723 727 -1
726 -25.055804733004617 -32.57946642918081 966.200492751787 724 728 -1
727 -8.479880436049998 -51.48585900876697 933.1734071469473 725 729 -1
728 -25.15485910001759 -32.43902818228366 966.3896656786894 726 730 -1
729 -8.459179620158643 -51.5464432921609 933.0144424878956 727 731 -1
730 -25.25429603011474 -32.29884749429895 966.5788289229708 728 732 -1
731 -8.439095342603562 -51.60717504110573 932.8554550096557 729 733 -1
732 -25.35416367623589 -32.1589376030296 966.7679657324287 730 734 -1
733 -8.419654979507744 -51.66801290099251 932.6964280708099 731 735 -1
734 -25.454510168635647 -32.01931191248218 966.9570590966762 732 736 -1
735 -8.40086915966673 -51.72891284230752 932.5373462426891 733 737 -1
736 -25.555383586020906 -31.879984005955247 967.1460917270367 734 738 -1
737 -8.382765532708596 -51.789832574366024 932.378192918001 735 739 -1
738 -25.65683161964234 -31.740967505523795 967.3350460888048 736 740 -1
739 -8.365357766479185 -51.85072905699758 932.2189530982088 737 741 -1
740 -25.75888730659087 -31.602268926126285 967.5239068330364 738 742 -1
741 -8.348670216621498 -51.91155910707039 932.059610824502 739 743 -1
742 -25.861562529697487 -31.46388429210101 967.7126620462084 740 744 -1
743 -8.332721803548774 -51.97227954552952 931.9001511077724 741 745 -1
744 -25.964867476826655 -31.325808808810223 967.9013000239448 742 746 -1
745 -8.317532445579955 -52.032847198376196 931.7405592393219 743 747 -1
746 -26.068812344498415 -31.18803771500803 968.0898089811618 744 748 -1
747 -8.303127167246291 -52.09321730108277 931.5808199056097 745 749 -1
748 -26.173407336255075 -31.050566283982256 968.2781770490357 746 750 -1
749 -8.289520588851625 -52.15334779625681 931.4209202588966 747 751 -1
750 -26.27866266092421 -30.9133898247113 968.4663922720011 748 752 -1
751 -8.276744922669472 -52.21319073899716 931.260844305028 749 753 -1
752 -26.38458853077373 -30.776503683037195 968.6544426047826 750 754 -1
753 -8.264811448732235 -52.27270517334738 931.1005810109093 751 755 -1
754 -26.491195159556483 -30.63990324285517 968.8423159094621 752 756 -1
755 -8.253751639140628 -52.33184214585401 930.9401154623528 753 757 -1
756 -26.59849276043966 -30.503583927321543 969.029999952588 754 758 -1
757 -8.243582765031563 -52.39055817407007 930.779436572443 755 759 -1
758 -26.706491543815947 -30.367541200080645 969.2174824023294 756 760 -1
759 -8.234329608238633 -52.448806225445296 930.6185321861273 757 761 -1
760 -26.815201714993545 -30.23177056651036 969.4047508256773 758 762 -1
761 -8.226019154577001 -52.506537327084615 930.457390249118 759 763 -1
762 -26.924633511636802 -30.096267589334374 969.5917926726675 760 764 -1
763 -8.218667653500269 -52.56370831754409 930.2960022242047 761 765 -1
764 -27.034797553693334 -29.961028010774047 969.7785951515032 762 766 -1
765 -8.212311670114387 -52.6202634001785 930.1343551519401 763 767 -1
766 -27.145703592476384 -29.826047311003755 969.9651456409094 764 768 -1
767 -8.206964812597283 -52.67616041895798 929.972442917574 765 769 -1
768 -27.25736178872338 -29.6913211747651 970.151431274301 766 770 -1
769 -8.202656955191536 -52.73134656092925 929.8102561058467 767 771 -1
770 -27.36978228453892 -29.556845335088056 970.337439070797 768 772 -1
771 -8.199415747644272 -52.785769522991146 929.6477868759328 769 773 -1
772 -27.482975200276 -29.422615574669436 970.5231559328206 770 774 -1
773 -8.197259441068466 -52.83938352644172 929.4850309419453 771 775 -1
774 -27.596950631271405 -29.288627727274726 970.7085686437836 772 776 -1
775 -8.196224727107458 -52.89212827487323 929.3219802911391 773 777 -1
776 -27.71171864443284 -29.154877679163057 970.8936638658613 774 778 -1
777 -8.196330086349214 -52.94395680190885 929.1586329126532 775 779 -1
778 -27.827289274674246 -29.021361370535896 971.0784281378651 776 780 -1
779 -8.197600094334971 -52.99481720092797 928.9949864210233 777 781 -1
780 -27.94367252119711 -28.888074797008812 971.2628478732179 778 782 -1
781 -8.200073367258442 -53.0446446783568 928.8310362552994 779 783 -1
782 -28.060878343614757 -28.755014011106546 971.44690935804 780 784 -1
783 -8.203764205317748 -53.09339468340713 928.6667854061718 781 785 -1
784 -28.17891665791754 -28.62217512378059 971.6305987493523 782 786 -1
785 -8.20870157144941 -53.14100957130362 928.5022346088142 783 787 -1
786 -28.297797332276183 -28.48955430594958 971.8139020734029 784 788 -1
787 -8.214921407299407 -53.187424042472564 928.3373846445401 785 789 -1
788 -28.417530648581632 -28.357147903903027 971.9968050001503 786 790 -1
789 -8.222439336427593 -53.23259121140775 928.1722426422003 787 791 -1
790 -28.538126566101464 -28.224952251173576 972.1792931760754 788 792 -1
791 -8.231283352650722 -53.276452067731896 928.0068144815075 789 793 -1
792 -28.659594179816864 -28.092963555993254 972.3613525077012 790 794 -1
793 -8.241490314590813 -53.31893752676446 927.8411061533817 791 795 -1
794 -28.78194312180204 -27.9611782446729 972.5429684820751 792 796 -1
795 -8.253074356438818 -53.360000751016265 927.6751301465729 793 797 -1
796 -28.905182952722132 -27.8295928115246 972.7241264492619 794 798 -1
797 -8.266060944185789 -53.39958300932003 927.5088983792209 795 799 -1
798 -29.02932315662575 -27.698203820521346 972.9048116215865 796 800 -1
799 -8.280487122943898 -53.43761200420922 927.3424229476603 797 801 -1
800 -29.154373135568413 -27.56700790697063 973.0850090730569 798 802 -1
801 -8.296366653157177 -53.47403971019335 927.1757219821224 799 803 -1
802 -29.28034220406404 -27.436001779203348 973.2647037389775 800 804 -1
803 -8.313721526670543 -53.508808822246145 927.0088140697234 801 805 -1
804 -29.407239656410603 -27.30518223456514 973.4438803742063 802 806 -1
805 -8.332581808713341 -53.54185190997503 926.8417189869748 803 807 -1
806 -29.53507601235937 -27.17454639787522 973.6225228237121 804 808 -1
807 -8.35296772215061 -53.57311176289055 926.674460138486 805 809 -1
808 -29.6638588822003 -27.044090924156666 973.8006163894138 806 810 -1
809 -8.374893289146724 -53.60253801289964 926.5070635324547 807 811 -1
810 -29.79359717076546 -26.913812830809963 973.9781454503262 808 812 -1
811 -8.39836614978255 -53.63008295390086 926.3395565724843 809 813 -1
812 -29.924299664906822 -26.7837092168669 974.1550942480845 810 814 -1
813 -8.42332858446622 -53.655752424810274 926.171966992841 811 815 -1
814 -30.0559750269423 -26.653777264718308 974.3314468879033 812 816 -1
815 -8.449678065949618 -53.679600517251245 926.0043206284482 813 817 -1
816 -30.188631787943507 -26.524014241838973 974.507187339791 814 818 -1
817 -8.477324098091541 -53.70166817717746 925.8366391044923 815 819 -1
818 -30.322278637346177 -26.39441755114161 974.6822992485402 816 820 -1
819 -8.506185316096095 -53.72198394486007 925.6689408246011 817 821 -1
820 -30.45692511531516 -26.264984839317886 974.8567654598875 818 822 -1
821 -8.536163344388447 -53.74060210900069 925.5012413599896 819 823 -1
822 -30.592577785911743 -26.135713382527445 975.0305705185364 820 824 -1
823 -8.567167130174912 -53.75756895359061 925.3335530942165 821 825 -1
824 -30.729244583173912 -26.006600805740884 975.2036978703694 822 826 -1
825 -8.599113793035835 -53.7729182455004 925.1658858484956 823 827 -1
826 -30.86693327390539 -25.877644827511737 975.3761308364847 824 828 -1
827 -8.63191177211205 -53.78669951929589 924.9982467117721 825 829 -1
828 -31.005651450110403 -25.748843261613086 975.5478526161647 826 830 -1
829 -8.665471074914544 -53.798962800434126 924.8306402616939 827 831 -1
830 -31.145406532446223 -25.62019402024929 975.7188462822238 828 832 -1
831 -8.699709811235005 -53.80974301451557 924.6630692054579 829 833 -1
832 -31.28620783782837 -25.491695408634115 975.8890932793444 830 834 -1
833 -8.734540168509932 -53.819088706397174 924.4955338945053 831 835 -1
834 -31.428060323142557 -25.36334523324224 976.0585779103012 832 836 -1
835 -8.769875542585318 -53.82704982112569 924.3280327626694 833 837 -1
836 -31.57097080016655 -25.235141704670742 976.227282923645 834 838 -1
837 -8.805635721205457 -53.83365942626997 924.1605629484152 835 839 -1
838 -31.714945866233673 -25.10708313642194 976.3951909662312 836 840 -1
839 -8.841735201487632 -53.8389684185091 923.993119622783 837 841 -1
840 -31.859992245441365 -24.97916886561159 976.5622849884312 838 842 -1
841 -8.878091466973144 -53.843023744179376 923.8256967462006 839 843 -1
842 -32.0061208101725 -24.851408587150846 976.7285518722326 840 844 -1
843 -8.914625037699555 -53.84585476820598 923.6582872526874 841 845 -1
844 -32.15334565310545 -24.723818732378653 976.8939803844175 842 846 -1
845 -8.951253187753935 -53.84751709346665 923.490882726616 843 847 -1
846 -32.3016776969314 -24.596415510966533 977.058561474866 844 848 -1
847 -8.987896430012551 -53.848049113835216 923.3234740601217 845 849 -1
848 -32.45112956311221 -24.469215562755505 977.2222844690177 846 850 -1
849 -9.024474452479856 -53.8474868918168 923.156051213967 847 851 -1
850 -32.601713785038285 -24.342235710199287 977.3851384251703 848 852 -1
851 -9.06090887153423 -53.84588074816541 922.988603802411 849 853 -1
852 -32.75344279893004 -24.21549296381543 977.5471121327432 850 854 -1
853 -9.09711930519061 -53.84326293978022 922.8211205516964 851 855 -1
854 -32.90633058505358 -24.08900491074594 977.7081928353385 852 856 -1
855 -9.133027649031225 -53.83967800946457 922.6535901761774 853 857 -1
856 -33.06038868493737 -23.962788849760834 977.8683692892157 854 858 -1
857 -9.168556782345748 -53.83516833292431 922.4860012887843 855 859 -1
858 -33.21562828393328 -23.836862190496802 978.0276301597556 856 860 -1
859 -9.203623505282394 -53.829764476451416 922.3183414720488 857 861 -1
860 -33.3720613295163 -23.711242748086644 978.1859631445725 858 862 -1
861 -9.238154573823952 -53.82351548488334 922.1505998776676 859 863 -1
862 -33.52969961855992 -23.585948549103037 978.3433556674397 860 864 -1
863 -9.272067647597025 -53.81645442336018 921.9827644504002 861 865 -1
864 -33.688555887374186 -23.460998159982978 978.4997940109795 862 866 -1
865 -9.305284058096312 -53.80862097891356 921.8148240260196 863 867 -1
866 -33.84864230891894 -23.336410300271314 978.6552644747709 864 868 -1
867 -9.337729193759692 -53.8000575995086 921.646768504607 865 869 -1
868 -34.009968421277804 -23.21220316585255 978.8097550149936 866 870 -1
869 -9.369312895718803 -53.79079382597776 921.478586099443 867 871 -1
870 -34.17254529086015 -23.088395665727337 978.963251959374 868 872 -1
871 -9.399965770182243 -53.780876336405996 921.3102688364116 869 873 -1
872 -34.3363837664892 -22.965006935103208 979.1157413651395 870 874 -1
873 -9.429602488483297 -53.77033950962984 921.1418072996838 871 875 -1
874 -34.50149590105925 -22.8420568495854 979.2672078603574 872 876 -1
875 -9.458139855580896 -53.75922065162614 920.9731934681715 873 877 -1
876 -34.66789242496484 -22.7195651878101 979.4176366516772 874 878 -1
877 -9.485504343752407 -53.74756157661074 920.8044218032638 875 879 -1
878 -34.835581727728446 -22.59755118446466 979.5670143714028 876 880 -1
879 -9.511600880331384 -53.73539508651632 920.6354852534182 877 881 -1
880 -35.00457363093386 -22.476034894195735 979.7153260163091 878 882 -1
881 -9.53635717719973 -53.722763772338276 920.4663812499152 879 883 -1
882 -35.17487765807515 -22.35503660088959 979.8625563275655 880 884 -1
883 -9.559689153059125 -53.70970542527738 920.2971072840272 881 885 -1
884 -35.346505818072366 -22.23457799356105 980.0086874529178 882 886 -1
885 -9.581502518666868 -53.69625618808706 920.127661569395 883 887 -1
886 -35.51946492713701 -22.114679026340884 980.153705316925 884 888 -1
887 -9.601727020733664 -53.68245842972803 919.9580469393695 885 889 -1
888 -35.69376283820519 -21.995360392924297 980.2975944751169 886 890 -1
889 -9.620267431044114 -53.668349086670375 919.7882656266431 887 891 -1
890 -35.869407698337966 -21.876643279027554 980.4403386976356 888 892 -1
891 -9.637039761515801 -53.65396819795244 919.6183233946808 889 893 -1
892 -36.04640868417234 -21.758549759171324 980.581920300764 890 894 -1
893 -9.651968388429601 -53.63935674084791 919.4482289922347 891 895 -1
894 -36.22477404167886 -21.641101942200386 980.7223217932464 892 896 -1
895 -9.664949597433347 -53.62455298962794 919.2779915768181 893 897 -1
896 -36.40450842479663 -21.52432061343279 980.8615282277574 894 898 -1
897 -9.675912046918475 -53.60959898966437 919.1076254947013 895 899 -1
898 -36.58561829256013 -21.408227796355305 980.9995225240347 896 900 -1
899 -9.684784336722421 -53.594533076718506 918.9371476374749 897 901 -1
900 -36.76811016316538 -21.292846143951365 981.1362870684626 898 902 -1
901 -9.691569539113543 -53.57937054959489 918.7665824475026 899 903 -1
902 -36.952023440228 -21.178276183673503 981.2718242832643 900 904 -1
903 -9.696368580930606 -53.564116134530096 918.5959579680708 901 905 -1
904 -37.13746830138483 -21.06480840689064 981.4061964787896 902 906 -1
905 -9.699255033562157 -53.54877284771927 918.4252982772465 903 907 -1
906 -37.324570401803705 -20.95277086615895 981.5394665401999 904 908 -1
907 -9.700302912617174 -53.533343473954325 918.2546250922917 905 909 -1
908 -37.513456213456244 -20.8425019769367 981.6716910288685 906 910 -1
909 -9.699609235350787 -53.517831648894095 918.0839575062586 907 911 -1
910 -37.70425461142128 -20.73435648983751 981.8029189064076 908 912 -1
911 -9.697245234837384 -53.50223956907691 917.913312112815 909 913 -1
912 -37.89708291913949 -20.62869260461678 981.9331971376758 910 914 -1
913 -9.693298327269009 -53.48656998694015 917.7427030430708 911 915 -1
914 -38.092060935319864 -20.525891262041863 982.062562026651 912 916 -1
915 -9.687859195865311 -53.470825644773036 917.5721418296664 913 917 -1
916 -38.28930989972049 -20.42636254414413 982.1910393752083 914 918 -1
917 -9.680994919233328 -53.455007893479866 917.4016387584849 915 919 -1
918 -38.4889280086219 -20.330514180840566 982.3186518390963 916 920 -1
919 -9.672804424630948 -53.43911955365499 917.2312007739652 917 921 -1
920 -38.691022184674004 -20.23880547256445 982.4454048934532 918 922 -1
921 -9.66336476207961 -53.4231621620808 917.060833799786 919 923 -1
922 -38.89566903931471 -20.15169087238751 982.5712984648259 920 924 -1
923 -9.652755829115282 -53.4071372301165 916.8905419384362 921 925 -1
924 -39.10294671195964 -20.069682984346287 982.6963131855832 922 926 -1
925 -9.641068307231919 -53.39104680104501 916.7203268300154 923 927 -1
926 -39.31289356371505 -19.99328290423001 982.820421284636 924 928 -1
927 -9.628371427492189 -53.37489146909858 916.5501901431477 925 929 -1
928 -39.525538034719965 -19.923048588235343 982.943573159495 926 930 -1
929 -9.614757549308663 -53.35867320896181 916.3801303344243 927 931 -1
930 -39.74086897341051 -19.859543321735465 983.0657037884927 928 932 -1
931 -9.60030128220477 -53.34239273887434 916.2101459712013 929 933 -1
932 -39.958835678975866 -19.803340509776692 983.1867295906318 930 934 -1
933 -9.585083779961824 -53.326051132559236 916.0402339053071 931 935 -1
934 -40.17934719131025 -19.75503215932016 983.3065450715934 932 936 -1
935 -9.569186368364573 -53.30964947451633 915.8703898628352 933 937 -1
936 -40.40226288959696 -19.715212839290462 983.4250232159151 934 938 -1
937 -9.552683081654708 -53.293188099132166 915.7006093766398 935 939 -1
938 -40.62738720886115 -19.684469755712772 983.5420152232443 936 940 -1
939 -9.535658084176193 -53.27666836342798 915.5308860607511 937 941 -1
940 -40.85446101530428 -19.66334360677051 983.657355974741 938 942 -1
941 -9.518182196790418 -53.260090064342684 915.3612142727773 939 943 -1
942 -41.083168006354875 -19.652342498730498 983.7708617377518 940 944 -1
943 -9.500338337795311 -53.243454568390746 915.1915863746618 941 945 -1
944 -41.31313324442818 -19.651912242644247 983.8823361236516 942 946 -1
945 -9.482199080610748 -53.22676172466205 915.0219954338411 943 947 -1
946 -41.54392864752228 -19.662417894119894 983.9915757722799 944 948 -1
947 -9.463842813553962 -53.21001246179475 914.8524333999983 945 949 -1
948 -41.77508237166279 -19.684136509414493 984.0983751055913 946 950 -1
949 -9.44534385169601 -53.19320683108362 914.6828924468648 947 951 -1
950 -42.006089695253124 -19.717246000696466 984.202532848562 948 952 -1
951 -9.42677802024354 -53.176345436820014 914.5133643377994 949 953 -1
952 -42.23643243338843 -19.761760130826268 984.3038739731063 950 954 -1
953 -9.408220004376206 -53.159428503544035 914.3438409063568 951 955 -1
954 -42.465589391307596 -19.81764347781435 984.4022280523764 952 956 -1
955 -9.38974452736382 -53.14245641373642 914.1743139756709 953 957 -1
956 -42.69306458604289 -19.884677326627774 984.4974704841704 954 958 -1
957 -9.37142575885369 -53.12542954677419 914.0047755380323 955 959 -1
958 -42.918389820917774 -19.962588760189483 984.5894952633558 956 960 -1
959 -9.35333834041011 -53.1083481568961 913.835217755344 957 961 -1
960 -43.14114240053128 -20.05100773332351 984.6782319704625 958 962 -1
961 -9.335555433945022 -53.0912127690941 913.6656332243375 959 963 -1
962 -43.36095689976055 -20.149481456746074 984.7636476693336 960 964 -1
963 -9.318152242360345 -53.07402359561149 913.4960147624057 961 965 -1
964 -43.5775336670811 -20.257490970762973 984.8457470603737 962 966 -1
965 -9.301200733626809 -53.0567813059872 913.3263559707295 963 967 -1
966 -43.790632083472296 -20.37449565822786 984.9245606861294 964 968 -1
967 -9.2847769947045 -53.03948615074395 913.1566506756893 965 969 -1
968 -44.0 -20.5 985.0 966 970 971
969 -9.268951842021197 -53.02213895015984 912.9868938478875 967 973 -1
970 -44.16010406963959 -20.45009782733996 984.8924254153056 968 974 -1
971 -44.08686694911367 -20.56591046524593 985.1766982846962 968 975 -1
972 -43.88529065557405 -20.36234876953187 984.828530725106 968 976 -1
973 -9.253802293458028 -53.004740068461636 912.8170807080085 969 977 -1
974 -44.30552735970859 -20.388568007769532 984.7709310759269 970 978 -1
975 -44.1742511595397 -20.633310087098174 985.3525995819558 971 979 -1
976 -43.77739733436202 -20.22139562458221 984.6553981177045 972 980 -1
977 -9.239398222454012 -52.987290489200724 912.6472079373407 973 981 -1
978 -44.43490747040464 -20.316896122582722 984.6374245991987 974 982 -1
979 -44.26205764630164 -20.702305119986846 985.5276701088965 975 983 -1
980 -43.67675309073097 -20.077124463473357 984.4806423494712 976 984 -1
981 -9.225817375590335 -52.969790761795835 912.477272560212 977 985 -1
982 -44.54809495388376 -20.237005450075294 984.4941979407464 978 986 -1
983 -44.35025858597639 -20.77287731542064 985.7019117538898 979 987 -1
984 -43.58390848730917 -19.929525355440386 984.3043565128306 980 988 -1
985 -9.213129015504396 -52.95224205089644 912.3072732963765 981 989 -1
986 -44.64600832142271 -20.15091215040241 984.3434770858918 982 990 -1
987 -44.43882657767935 -20.84500903716539 985.8753266414988 983 991 -1
988 -43.49943901196162 -19.778619117987997 984.1266664224644 984 992 -1
989 -9.20141117010201 -52.93464515931264 912.137209396863 985 993 -1
990 -44.73026952065374 -20.06046481233663 984.1871370824334 986 994 -1
991 -44.52773409467419 -20.918680748049812 986.0479184601543 987 995 -1
992 -43.42392204522081 -19.624469218496365 983.9477369847452 988 996 -1
993 -9.190732929634066 -52.91700145470492 911.9670819424426 989 997 -1
994 -44.80283539907728 -19.967230351280385 984.0266071104119 990 998 -1
995 -44.616954376673895 -20.993874874972523 986.21969038923 991 999 -1
996 -43.35793661835799 -19.467183071636253 983.7677732300592 992 1000 -1
997 -9.181171886893916 -52.89931205840203 911.7968928340616 993 1001 -1
998 -44.86574206498914 -19.872491299438504 983.8629012600084 994 1002 -1
999 -44.70646121127518 -21.070575332765735 986.3906453051902 995 1003 -1
1000 -43.30204717933013 -19.306918294140747 983.5870227052505 996 1004 -1
1001 -9.172797517516816 -52.88157856582358 911.6266458374442 997 1005 -1
1002 -44.9209691355676 -19.777297905535693 983.6966986488028 998 1006 -1
1003 -44.796228128651634 -21.14876309666732 986.5607881751314 999 1007 -1
1004 -43.2567738865508 -19.14388966543734 983.4057758506882 1000 1008 -1
1005 -9.165685937267888 -52.863802478356746 911.4563459079731 1001 1009 -1
1006 -44.970396096637835 -19.682537789477532 983.5284296962698 1002 1010 -1
1007 -44.88622949597535 -21.228422125808656 986.7301228186456 1003 1011 -1
1008 -43.222581899226796 -18.978367293153326 983.224361885251 1004 1012 -1
1009 -9.15990773345356 -52.84598564571705 911.285999828386 1005 1013 -1
1010 -45.01581084854756 -19.589005450763135 983.3583496556603 1006 1014 -1
1011 -44.976439915124324 -21.309536368440288 986.8986535086626 1007 1015 -1
1012 -43.19986059751851 -18.810675103981747 983.0431429525848 1008 1016 -1
1013 -9.155536052107008 -52.828130005664136 911.1156159673177 1009 1017 -1
1014 -45.05895080852056 -19.497468311029593 983.186598847863 1010 1018 -1
1015 -45.06683406314554 -21.392088179201988 987.0663858425232 1011 1019 -1
1016 -43.188893165824176 -18.641187010442188 982.862504257781 1012 1020 -1
1017 -9.152615316341825 -52.8102377339369 910.9452048918229 1013 1021 -1
1018 -45.10156239610168 -19.408731257773045 983.0132546612645 1014 1022 -1
1019 -45.157387356023406 -21.476063769885275 987.2333236926199 1015 1023 -1
1020 -43.189852369929696 -18.470315170189785 982.6828419274191 1016 1024 -1
1021 -9.151087180814413 -52.79231130714171 910.7747791744695 1017 1025 -1
1022 -45.14547324922008 -19.323706944261602 982.8383835305696 1018 1026 -1
1023 -45.24807506349691 -21.561445784595193 987.3994733238052 1019 1027 -1
1024 -43.2027843773594 -18.298498402774218 982.5045487793783 1020 1028 -1
1025 -9.150877963487252 -52.77435288814959 910.6043500477367 1021 1029 -1
1026 -45.19267542723459 -19.243497150322348 982.6621069218738 1022 1030 -1
1027 -45.33887304212925 -21.648220064565194 987.5648395993342 1023 1031 -1
1028 -43.22760181645795 -18.12618719598368 982.327998865481 1024 1032 -1
1029 -9.151902307419464 -52.75636473665721 910.4339269575573 1025 1033 -1
1030 -45.24541529880518 -19.169495405572757 982.4846990535384 1026 1034 -1
1031 -45.429757296868104 -21.736371547138383 987.7294282567522 1027 1035 -1
1032 -43.264094987833744 -17.95382761641103 982.1535345708638 1028 1036 -1
1033 -9.154090744430695 -52.73834855432469 910.2635177537614 1029 1037 -1
1034 -45.30627126663839 -19.103509817565143 982.3067459429936 1030 1038 -1
1035 -45.5207041091272 -21.82588544696623 987.8932452321986 1031 1039 -1
1036 -43.311933917567394 -17.78184654647379 981.9814534898 1032 1040 -1
1037 -9.157353991480518 -52.72030635913513 910.0931284517426 1033 1041 -1
1038 -45.378169838018955 -19.047890293589884 982.129400328185 1034 1042 -1
1039 -45.61169004068851 -21.916748404336584 988.0562959896675 1035 1043 -1
1040 -43.370689591436374 -17.61063860168293 981.8120006291917 1036 1044 -1
1041 -9.161627137048242 -52.70223942671217 909.9227640663894 1037 1045 -1
1042 -45.464222806020665 -19.005583964182637 981.9547469916572 1038 1046 -1
1043 -45.7026918460103 -22.00894556202658 988.2185871658827 1039 1047 -1
1044 -43.439853628596836 -17.440556492313835 981.6453636831134 1040 1048 -1
1045 -9.166819203873185 -52.68414953528228 909.7524276122952 1041 1049 -1
1046 -45.5671991501326 -18.97993700296224 981.7861744055344 1042 1050 -1
1047 -45.7936865198896 -22.10246473761571 988.3801241804509 1043 1051 -1
1048 -43.51885920105124 -17.271904788144724 981.4816718232798 1044 1052 -1
1049 -9.172864609787469 -52.66603770219021 909.5821216074444 1045 1053 -1
1050 -45.6885376661804 -18.97399030712621 981.6283725448804 1046 1054 -1
1051 -45.884651282221284 -22.197291482966527 988.5409140367157 1047 1055 -1
1052 -43.60710207510966 -17.104937121258384 981.3209977557133 1048 1056 -1
1053 -9.179677458031469 -52.647905351831085 909.4118467323865 1049 1057 -1
1054 -45.82733363396521 -18.989308196013912 981.4864103875186 1050 1058 -1
1055 -45.97556348510699 -22.2934143313968 988.7009623112249 1051 1059 -1
1056 -43.703961685837335 -16.939856874176193 981.1633629273533 1052 1060 -1
1057 -9.187186524479653 -52.62975342089555 909.2416031987676 1053 1061 -1
1058 -45.98029864560869 -19.025111083128735 981.3640164004844 1054 1062 -1
1059 -46.066400758052126 -22.39081965315332 988.8602760802937 1055 1063 -1
1060 -43.808816150423624 -16.776819677879867 981.0087432938299 1056 1064 -1
1061 -9.195313992442822 -52.61158293453983 909.0713900233901 1057 1065 -1
1062 -46.14303856014054 -19.07860150466881 981.2623661207947 1058 1066 -1
1063 -46.15714077611396 -22.48949629883158 989.018861248559 1059 1067 -1
1064 -43.92105558392177 -16.61593772628204 980.8570763250102 1060 1068 -1
1065 -9.203983254748623 -52.593394815575685 908.9012054444431 1061 1069 -1
1066 -46.311562248851224 -19.14617440223618 981.1803281445677 1062 1070 -1
1067 -46.247761482033 -22.58943179701812 989.1767247130476 1063 1071 -1
1068 -44.04009040864022 -16.457284444646557 980.7082674156791 1064 1072 -1
1069 -9.213122747847306 -52.575189743326426 908.7310472655269 1065 1073 -1
1070 -46.48298580581622 -19.22446331606787 981.1155553681607 1066 1074 -1
1071 -46.3382408738591 -22.69061497886609 989.333872845912 1067 1075 -1
1072 -44.16536159098314 -16.30090116296634 980.5621980412848 1068 1076 -1
1073 -9.222653381983635 -52.55696862699024 908.5609122492399 1069 1077 -1
1074 -46.65549216609058 -19.31077775052073 981.0654383571581 1070 1078 -1
1075 -46.428557078350394 -22.7930348043513 989.4903121542978 1071 1079 -1
1076 -44.296341050292334 -16.146801307447603 980.4187301876324 1072 1080 -1
1077 -9.23250520882166 -52.53873195462746 908.3907971843906 1073 1081 -1
1078 -46.82802601371443 -19.40311389107896 981.0275873868601 1074 1082 -1
1079 -46.518688443822484 -22.896679808610603 989.6460495847574 1075 1083 -1
1080 -44.43253598880249 -15.994976253650037 980.2777125141185 1076 1084 -1
1081 -9.242601590706213 -52.52048049862852 908.2206980356162 1077 1085 -1
1082 -47.0 -19.5 981.0 1078 -1 -1
1083 -46.60861312671856 -23.00154059162797 989.8010910852241 1079 1086 -1
1084 -44.573487906556295 -15.845399260067996 980.1389840136055 1080 1087 -1
1085 -9.25287020415815 -52.50221480381724 908.0506107192667 1081 1088 -1
1086 -46.698309857755255 -23.107605246529072 989.9554442095705 1083 1089 -1
1087 -44.71877294619774 -15.698029841761128 980.0023779968371 1084 1090 -1
1088 -9.263238403685753 -52.483935380989536 907.8805309155902 1085 1091 -1
1089 -46.7877566966037 -23.21486594337885 990.109114341134 1086 1092 -1
1090 -44.86800176759933 -15.552817966802504 979.8677255388113 1087 1093 -1
1091 -9.273633300271563 -52.465642888516044 907.7104541456973 1088 1094 -1
1092 -46.876932612825385 -23.32331099976354 990.2621092114152 1089 1095 -1
1093 -45.020812537110906 -15.409704018743222 979.7348550818626 1090 1096 -1
1094 -9.283982552134482 -52.44733772291062 907.5403759573858 1091 1097 -1
1095 -46.96581587724761 -23.432932336009806 990.4144346334473 1092 1098 -1
1096 -45.176874988381655 -15.268624617970247 979.6035971352874 1093 1099 -1
1097 -9.29421468437195 -52.42902052914277 907.3702919821035 1094 1100 -1
1098 -47.054385226907016 -23.54372024174941 990.5660974752575 1095 1101 -1
1099 -45.335884272338404 -15.129512389250879 979.473783513117 1096 1102 -1
1100 -9.304258608180515 -52.410691853241765 907.2001980323051 1097 1103 -1
1101 -47.14261930457294 -23.655665745907594 990.7171042978665 1098 1104 -1
1102 -45.4975589204323 -14.992297532436945 979.3452482730261 1099 1105 -1
1103 -9.314040959928365 -52.39235218228872 907.030090033329 1100 1106 -1
1104 -47.2304964332065 -23.76876110914653 990.8674610697839 1101 1107 -1
1105 -45.661638782950995 -14.856909086937456 979.2178283493204 1102 1108 -1
1106 -9.323493721202329 -52.37400223346653 906.8599645213794 1103 1109 -1
1107 -47.31799564511979 -23.88299655828818 991.0171750005551 1104 1110 -1
1108 -45.82788488149901 -14.723277573449106 979.091364708736 1105 1111 -1
1109 -9.33254405402014 -52.35564258602252 906.6898181868246 1106 1112 -1
1110 -47.40509479974554 -23.998365924471045 991.1662513513442 1107 1113 -1
1111 -45.996073002960394 -14.591332240515452 978.9657005020417 1108 1114 -1
1112 -9.34112116125125 -52.337273941092434 906.5196483293068 1109 1115 -1
1113 -47.49177300916961 -24.11485956038106 991.3146974113628 1110 1116 -1
1114 -46.16599563021453 -14.461004736066531 978.8406827290963 1111 1117 -1
1115 -9.349158198627364 -52.318897106522684 906.3494530117983 1112 1118 -1
1116 -47.57800825145646 -24.23247096947412 991.4625187627981 1113 1119 -1
1117 -46.33745835342537 -14.332228097849134 978.7161612798652 1114 1120 -1
1118 -9.356579747637687 -52.30051283662513 906.1792305690153 1115 1121 -1
1119 -47.663779015157814 -24.351192308155852 991.6097217940837 1116 1122 -1
1120 -46.51027829983493 -14.204937097342397 978.5919887742107 1117 1123 -1
1121 -9.363319475366678 -52.28212208082947 906.00898049463 1118 1124 -1
1122 -47.7490635910701 -24.471016245203163 991.7563126470708 1119 1125 -1
1123 -46.68428265229596 -14.079068490708899 978.4680203270427 1120 1126 -1
1124 -9.369310618399828 -52.26372584143011 905.8387030482008 1121 1127 -1
1125 -47.83383973399111 -24.591936556538368 991.9022968817404 1122 1128 -1
1126 -46.85930725303973 -13.95456119562454 978.3441132562671 1123 1129 -1
1127 -9.374475055356553 -52.24532515450276 905.6683990327 1124 1130 -1
1128 -47.91808601908386 -24.713945218397402 992.047681072414 1125 1131 -1
1129 -47.03519573209396 -13.831357191275742 978.2201266091251 1126 1132 -1
1130 -9.378751583353443 -52.22692125331258 905.498070792447 1127 1133 -1
1131 -48.001779396198934 -24.837037394442234 992.1924700482372 1128 1134 -1
1132 -47.211796852779614 -13.709399421699223 978.0959209618235 1129 1135 -1
1133 -9.382073282403477 -52.208515430702114 905.3277214882237 1130 1136 -1
1134 -48.0848985342893 -24.96120476627912 992.3366705504468 1131 1137 -1
1135 -47.38896492755527 -13.588634344827831 977.9713577985392 1132 1138 -1
1136 -9.384360143998137 -52.19010910259228 905.157355239616 1133 1139 -1
1137 -48.1674199111524 -25.086442969117854 992.4802871458437 1134 1140 -1
1138 -47.56655760688685 -13.469010053435056 977.8462994538611 1135 1141 -1
1139 -9.385555485824902 -52.17170382544257 904.9869777712945 1136 1142 -1
1140 -48.249321787781376 -25.212744255211003 992.6233262257905 1137 1143 -1
1141 -47.74443541667183 -13.350477706953548 977.7206082097846 1138 1144 -1
1142 -9.385592928903916 -52.1533012667777 904.8165958471509 1139 1145 -1
1143 -48.33058038626068 -25.340104194205416 992.7657923474292 1140 1146 -1
1144 -47.92246028003282 -13.23298990286146 977.5941468367441 1141 1147 -1
1145 -9.384392543684678 -52.134903301064355 904.6462176926235 1142 1148 -1
1146 -48.411173398495585 -25.468515708864274 992.9076914591029 1143 1149 -1
1147 -48.10049485005871 -13.116502824313931 977.4667766917485 1144 1150 -1
1148 -9.38190003510263 -52.116511860795676 904.4758528962602 1145 1151 -1
1149 -48.49107664673927 -25.597974439767146 993.0490279908735 1146 1152 -1
1150 -48.27840134491974 -13.000973825573485 977.3383593646001 1147 1153 -1
1151 -9.378051364445522 -52.098129050231805 904.3055124419291 1148 1154 -1
1152 -48.57026739023071 -25.72847359375869 993.1898076164181 1149 1155 -1
1153 -48.45604061856887 -12.886363376764965 977.2087546355946 1150 1156 -1
1154 -9.37277011684141 -52.07975724220554 904.1352092393695 1151 1157 -1
1155 -48.648720756793786 -25.86000920222344 993.3300344231803 1152 1158 -1
1156 -48.6332710452013 -12.772634403206803 977.0778206348992 1153 1159 -1
1157 -9.366005705785765 -52.06139879423357 903.9649571038509 1154 1160 -1
1158 -48.72641378165096 -25.992574340542603 993.4697139881831 1155 1161 -1
1159 -48.80994798955226 -12.659751737649987 976.9454146939198 1156 1162 -1
1160 -9.357777170083615 -52.04305566337256 903.7947677459833 1157 1163 -1
1161 -48.80332054338021 -26.126165751772064 993.6088498419366 1158 1164 -1
1162 -48.985921716108294 -12.547683762124617 976.8113903109946 1159 1165 -1
1163 -9.348148619066144 -52.024729412618385 903.6246499697775 1160 1166 -1
1164 -48.8794176803017 -26.260776500351362 993.7474473543788 1161 1167 -1
1165 -49.16103806305419 -12.43640037379526 976.6756010317098 1162 1168 -1
1166 -9.33718813288232 -52.006421398628376 903.4546108072336 1163 1169 -1
1167 -48.95467912410859 -26.39640275454974 993.885510131857 1164 1170 -1
1168 -49.33513524088039 -12.32587532863389 976.5378956584503 1165 1171 -1
1169 -9.324974451135859 -51.98813263213907 903.2846549563296 1166 1172 -1
1170 -49.029079883936696 -26.533038961328195 994.0230425542956 1167 1173 -1
1171 -49.508044658335635 -12.216084638697026 976.3981221459254 1168 1174 -1
1172 -9.31157688205026 -51.96986406920559 903.1147861039377 1169 1175 -1
1173 -49.102594441345744 -26.67067986648853 994.1600486942777 1170 1176 -1
1174 -49.67958868095587 -12.107007722815402 976.2561254042453 1171 1177 -1
1175 -9.297057269653681 -51.95161665676034 902.9450071601701 1172 1178 -1
1176 -49.17519554575729 -26.80932171861309 994.296531677863 1173 1179 -1
1177 -49.84957940035164 -11.998627528381016 976.111747501454 1174 1180 -1
1178 -9.28148902515905 -51.9333909785171 902.7753187964767 1175 1181 -1
1179 -49.24685781581076 -26.94895831009676 994.4324957391432 1176 1182 -1
1180 -50.01781756508045 -11.890930699666654 975.9648282125816 1177 1183 -1
1181 -9.264942754676625 -51.915187504841846 902.6057205911003 1178 1184 -1
1182 -49.31755395978772 -27.089585086401833 994.5679440582259 1179 1185 -1
1183 -50.1840914165599 -11.783907893558105 975.815205535469 1180 1186 -1
1184 -9.247485350645631 -51.897006644671784 902.43621128425 1181 1187 -1
1185 -49.38725587102514 -27.23119780579615 994.7028794489195 1182 1188 -1
1186 -50.34817529011009 -11.677554229618453 975.6627160747377 1183 1189 -1
1187 -9.229178832524012 -51.878848822946864 902.2667890738373 1184 1190 -1
1188 -49.45593668705608 -27.373790541477323 994.8373053807949 1185 1191 -1
1189 -50.50982855148008 -11.57186968805223 975.5071960794347 1186 1192 -1
1190 -9.21009171583902 -51.860714180546005 902.0974505237006 1187 1193 -1
1191 -49.523568105622516 -27.51735832141484 994.9712245898846 1188 1194 -1
1192 -50.668794354014956 -11.466859642673151 975.3484824158694 1189 1195 -1
1193 -9.190291544258312 -51.84260275439386 901.9281913601977 1190 1196 -1
1194 -49.59012382992272 -27.661895947323348 995.1046385300398 1191 1197 -1
1195 -50.82479582375995 -11.362536011218989 975.186410976142 1192 1198 -1
1196 -9.169842691021804 -51.82451457035697 901.7590068309739 1193 1199 -1
1197 -49.6555955137626 -27.807392816211692 995.2375452232263 1194 1200 -1
1198 -50.97754079401975 -11.258916539286972 975.0208249038109 1195 1201 -1
1199 -9.148808650596907 -51.80644959549178 901.5898915550978 1196 1202 -1
1200 -49.71998031634822 -27.95383707075515 995.3699413989764 1197 1203 -1
1201 -51.12671499435024 -11.156026841460779 974.8515699104136 1198 1204 -1
1202 -9.127249837542003 -51.78840786557576 901.4208398767404 1199 1205 -1
1203 -49.783275147971736 -28.101217135744943 995.5018237399499 1200 1206 -1
1204 -51.27198395905036 -11.053900500840273 974.6784996691699 1201 1207 -1
1205 -9.105233062091106 -51.770389049952925 901.2518447750001 1202 1208 -1
1206 -49.845476988508835 -28.24952142990325 995.6331890332879 1203 1209 -1
1207 -51.41299344185747 -10.952579679979888 974.5014792295157 1204 1210 -1
1208 -9.082820510543463 -51.752392935721794 901.082899274516 1205 1211 -1
1209 -49.906582628535844 -28.398738578681296 995.7640340475442 1206 1212 -1
1210 -51.54936914592381 -10.852115927444046 974.3203877235743 1207 1213 -1
1211 -9.060073917026697 -51.73441927064979 900.9139960228738 1208 1214 -1
1212 -49.9665891861015 -28.548856981260393 995.8943557777972 1209 1215 -1
1213 -51.68071881242142 -10.752570585622312 974.1351230342872 1210 1216 -1
1214 -9.0370546019023 -51.71646777063522 900.7451273562971 1211 1217 -1
1215 -50.02549416002994 -28.699864785451652 996.0241514732611 1212 1218 -1
1216 -51.80663284586934 -10.654015487287523 973.9456048868287 1213 1219 -1
1217 -9.013822585329715 -51.69853825781947 900.5762854775637 1214 1220 -1
1218 -50.08329476525208 -28.851750427760503 996.1534183202411 1215 1221 -1
1219 -51.92668625297942 -10.556533396450458 973.7517788342818 1216 1222 -1
1220 -8.990440067329068 -51.680630282673725 900.4074620852089 1217 1223 -1
1221 -50.13998826435979 -29.004502356808374 996.2821535994754 1218 1224 -1
1222 -52.04044797917904 -10.460217026387221 973.5536247056874 1219 1225 -1
1223 -8.966967490060524 -51.662743493849625 900.2386489418373 1220 1226 -1
1224 -50.19557196310694 -29.158109036392883 996.4103546839339 1221 1227 -1
1225 -52.147482316798424 -10.365169357384433 973.3511580530195 1222 1228 -1
1226 -8.943464913634887 -51.64487755060502 900.0698377639787 1223 1229 -1
1227 -50.25004320588206 -29.312558948351242 996.5380190365632 1224 1230 -1
1228 -52.24735378435819 -10.271503158150521 973.1444335823342 1225 1231 -1
1229 -8.91999219997309 -51.62703211484862 899.9010202630471 1226 1232 -1
1230 -50.30339937115554 -29.46784059522674 996.6651442079781 1227 1233 -1
1231 -52.33964294510445 -10.179338097620395 972.9335532680776 1228 1234 -1
1232 -8.896609165593066 -51.60920687209851 899.7321881866652 1229 1235 -1
1233 -50.35563786690462 -29.623942502739954 996.7917278341041 1230 1236 -1
1234 -52.423949930917765 -10.088799834023417 972.7186651323815 1231 1237 -1
1235 -8.873376507743181 -51.59140160032277 899.5633332491179 1232 1238 -1
1236 -50.40675612601918 -29.780853222066295 996.9177676337762 1233 1239 -1
1237 -52.5 -10.0 972.5 1234 -1 -1
1238 -8.850353240434721 -51.573615897368235 899.3944475788609 1235 1240 -1
1239 -50.45675160169026 -29.938561331919914 997.043261406297 1236 1241 -1
1240 -8.827598855868427 -51.55584950007635 899.2255234485625 1238 1242 -1
1241 -50.50562176278436 -30.09705544044683 997.1682070289559 1239 1243 -1
1242 -8.80517285998106 -51.53810217951078 899.0565534142614 1240 1244 -1
1243 -50.55336407572497 -30.256324196031546 997.292602447929 1241 1245 -1
1244 -8.78313480959937 -51.52037374713048 898.8875303733311 1242 1246 -1
1245 -50.59997540784608 -30.41635668108255 997.4164453861515 1243 1247 -1
1246 -8.761544347198686 -51.50266406096493 898.7184476230657 1244 1248 -1
1247 -50.64545378129796 -30.577141231534377 997.5397342001813 1245 1249 -1
1248 -8.740464352177952 -51.48497313443353 898.5492985254082 1246 1250 -1
1249 -50.68979668046995 -30.738666585748334 997.6624670534477 1247 1251 -1
1250 -8.719952549361805 -51.467300843825086 898.3800776597378 1248 1252 -1
1251 -50.73300158208697 -30.900921518221832 997.7846421745094 1249 1253 -1
1252 -8.70006878573042 -51.44964721667975 898.2107799246079 1250 1254 -1
1253 -50.77506595053039 -31.06389484036508 997.9062578544069 1251 1255 -1
1254 -8.68087334175813 -51.43201236097294 898.0414008323262 1252 1256 -1
1255 -50.81598618013184 -31.227576041089538 998.0273119268122 1253 1257 -1
1256 -8.662426708511862 -51.41439646266313 897.8719366039236 1254 1258 -1
1257 -50.85576055236719 -31.391953462139373 998.147803219537 1255 1259 -1
1258 -8.644789599000669 -51.39679979206559 897.70238423427 1256 1260 -1
1259 -50.8943865602054 -31.557015967476854 998.267730241162 1257 1261 -1
1260 -8.628026757061305 -51.37922279210624 897.5327411840589 1258 1262 -1
1261 -50.93186077308173 -31.722752976452366 998.3870911133293 1259 1263 -1
1262 -8.61219805486601 -51.36166588559821 897.3630063805697 1260 1264 -1
1263 -50.96818055083439 -31.88915344655596 998.5058844127882 1261 1265 -1
1264 -8.597363145995988 -51.34412959713292 897.1931797421925 1262 1266 -1
1265 -51.00334384614334 -32.05620602399469 998.62410907425 1263 1267 -1
1266 -8.583583638640205 -51.326614600783486 897.0232620539438 1264 1268 -1
1267 -51.03734639318259 -32.22390060003836 998.741763007592 1265 1269 -1
1268 -8.57092132597125 -51.309121687187364 896.8532552192548 1266 1270 -1
1269 -51.070186511748766 -32.39222563733514 998.858845459612 1267 1271 -1
1270 -8.559438156356986 -51.291651769841174 896.683162330873 1268 1272 -1
1271 -51.101860509873205 -32.56117070226947 998.9753547532521 1269 1273 -1
1272 -8.549201298157579 -51.27420598996666 896.5129874433056 1270 1274 -1
1273 -51.13236555405669 -32.73072489346699 999.0912896983365 1271 1275 -1
1274 -8.540263954796986 -51.25678553923487 896.3427367998215 1272 1276 -1
1275 -51.16169840125454 -32.900877519694966 999.2066489679025 1273 1277 -1
1276 -8.532604582711206 -51.239392026422344 896.1724210979843 1274 1278 -1
1277 -51.18985595917848 -33.07161780521714 999.321431373047 1275 1279 -1
1278 -8.526162186663171 -51.222027235925474 896.0020520557379 1276 1280 -1
1279 -51.216834487741465 -33.24293527891191 999.4356354708076 1277 1281 -1
1280 -8.520874870346 -51.20469281573819 895.8316401204731 1278 1282 -1
1281 -51.24263155469472 -33.414818825173775 999.5492605225371 1279 1283 -1
1282 -8.51668048281503 -51.18739028121063 895.6611944963805 1280 1284 -1
1283 -51.26724195112322 -33.58725862336107 999.662304492268 1281 1285 -1
1284 -8.513521274910012 -51.17012118589608 895.4907231170966 1282 1286 -1
1285 -51.29066360285379 -33.76024335605796 999.7747669416756 1283 1287 -1
1286 -8.511331085840045 -51.15288670687387 895.3202330091683 1284 1288 -1
1287 -51.31289257467166 -33.93376255865821 999.8866465827708 1285 1289 -1
1288 -8.510045670781563 -51.13568794918864 895.1497300489799 1286 1290 -1
1289 -51.33392385700096 -34.107806187156186 999.9979416658239 1287 1291 -1
1290 -8.50960243390046 -51.11852597005757 894.979219087309 1288 1292 -1
1291 -51.35375462017479 -34.28236320597725 1000.1086515664236 1289 1293 -1
1292 -8.509938773618156 -51.10140173201363 894.8087040588184 1290 1294 -1
1293 -51.37238066975967 -34.457423143604146 1000.2187750544757 1291 1295 -1
1294 -8.51099210954758 -51.084316110666705 894.6381880503413 1292 1296 -1
1295 -51.389797688725686 -34.63297553037802 1000.3283109009104 1293 1297 -1
1296 -8.51270292270836 -51.06727010673633 894.4676733844876 1294 1298 -1
1297 -51.40600083604657 -34.80901004863729 1000.4372576828911 1295 1299 -1
1298 -8.5150056966131 -51.05026429340873 894.2971616571925 1296 1300 -1
1299 -51.420985820177535 -34.985516102669514 1000.5456143043227 1297 1301 -1
1300 -8.51783726942516 -51.033299285349074 894.1266538116281 1298 1302 -1
1301 -51.43474817680806 -35.162483112725766 1000.6533796439643 1299 1303 -1
1302 -8.521135304320005 -51.01637568654081 893.9561502206672 1300 1304 -1
1303 -51.447283046034336 -35.33990058696365 1000.7605524477638 1301 1305 -1
1304 -8.524837537079819 -50.99949405231709 893.785650753388 1302 1306 -1
1305 -51.45858541765967 -35.517758017817776 1000.8671314475631 1303 1307 -1
1306 -8.528881773115343 -50.98265489671029 893.615154842887 1304 1308 -1
1307 -51.46865012547305 -35.69604487783902 1000.9731153579783 1305 1309 -1
1308 -8.53320687539001 -50.96585889690549 893.4446615602371 1306 1310 -1
1309 -51.47747184146785 -35.87475061530624 1001.0785028732444 1307 1311 -1
1310 -8.537749474735296 -50.94910638116206 893.2741696492584 1308 1312 -1
1311 -51.48504506999847 -36.053864649607206 1001.1832926640202 1309 1313 -1
1312 -8.5424471015304 -50.93239771482746 893.1036776316288 1310 1314 -1
1313 -51.491364141872374 -36.23337636637902 1001.2874833741553 1311 1315 -1
1314 -8.547237755667997 -50.91573331811294 892.9331838668505 1312 1316 -1
1315 -51.49642270327242 -36.4132752625827 1001.391073377272 1313 1317 -1
1316 -8.552059452997403 -50.899113605200746 892.7626866145754 1314 1318 -1
1317 -51.50021482772246 -36.593550594968434 1001.4940613066085 1315 1319 -1
1318 -8.556850210632971 -50.88253899093875 892.5921841009856 1316 1320 -1
1319 -51.50273451351575 -36.774191542414194 1001.5964458132629 1317 1321 -1
1320 -8.561547474724428 -50.8660100634606 892.421674553952 1318 1322 -1
1321 -51.50397533293386 -36.95518729803457 1001.6982253994262 1319 1323 -1
1322 -8.56608880330119 -50.84952721242259 892.2511563273592 1320 1324 -1
1323 -51.503929777567066 -37.13652721890798 1001.7993981111784 1321 1325 -1
1324 -8.57041236029979 -50.833090780575475 892.0806279669379 1322 1326 -1
1325 -51.50259114127572 -37.31820030848136 1001.8999624270525 1323 1327 -1
1326 -8.574456018192665 -50.81670125116521 891.9100882350787 1324 1328 -1
1327 -51.5 -37.5 1002.0 1325 -1 -1
1328 -8.57815758222569 -50.800359140263005 891.739536195587 1326 1329 -1
1329 -8.581454781552793 -50.78406500289102 891.5689712811727 1328 1330 -1
1330 -8.584283585703925 -50.7678195952269 891.3983933210752 1329 1331 -1
1331 -8.586581021416157 -50.75162357112512 891.2278026992495 1330 1332 -1
1332 -8.588285996233276 -50.7354774901863 891.0572004151975 1331 1333 -1
1333 -8.589335900051967 -50.71938212386176 890.8865880727097 1332 1334 -1
1334 -8.589668052908545 -50.703338311764654 890.7159679892112 1333 1335 -1
1335 -8.589219719976757 -50.68734696710777 890.5453432651619 1334 1336 -1
1336 -8.587924649161282 -50.67140929173159 890.374717868989 1335 1337 -1
1337 -8.585720557679618 -50.65552630584131 890.2040967283745 1336 1338 -1
1338 -8.582546879909836 -50.63969903758936 890.0334857291292 1337 1339 -1
1339 -8.578340936880887 -50.62392874688608 889.8628918149705 1338 1340 -1
1340 -8.573040169121564 -50.60821679142519 889.692323055861 1339 1341 -1
1341 -8.566582193961322 -50.592564630653115 889.5217887129487 1340 1342 -1
1342 -8.558897944639371 -50.57697417023333 889.3512996066102 1341 1343 -1
1343 -8.549930434877437 -50.56144683111233 889.1808674733453 1342 1344 -1
1344 -8.539619604987836 -50.54598433185251 889.0105054885498 1343 1345 -1
1345 -8.527904560952518 -50.530588571335535 888.8402283007143 1344 1346 -1
1346 -8.514725013735 -50.515261563034365 888.670052029758 1345 1347 -1
1347 -8.5 -50.5 888.5 1346 -1 -1
