0 -73.5 -149.0 1041.5 -1 1 -1
1 -73.0 -149.0 1041.0 0 2 -1
2 -72.5 -149.0 1040.5 1 3 -1
3 -72.0 -149.0 1040.5 2 4 -1
4 -71.5 -149.5 1040.5 3 5 -1
5 -71.0 -150.0 1040.0 4 6 -1
6 -70.5 -150.0 1039.5 5 7 -1
7 -70.0 -150.5 1039.5 6 8 -1
8 -69.5 -151.0 1039.0 7 9 -1
9 -69.5 -150.5 1038.5 8 10 -1
10 -69.0 -151.0 1038.0 9 11 -1
11 -69.0 -151.5 1037.5 10 12 -1
12 -68.5 -152.0 1037.0 11 13 -1
13 -68.5 -152.0 1036.5 12 14 -1
14 -68.0 -152.5 1036.0 13 15 -1
15 -67.5 -153.0 1036.0 14 16 -1
16 -67.5 -153.5 1035.5 15 17 -1
17 -67.0 -154.0 1035.0 16 18 -1
18 -67.0 -154.5 1034.5 17 19 -1
19 -66.5 -155.0 1034.0 18 20 -1
20 -66.5 -155.5 1034.0 19 21 -1
21 -66.5 -156.0 1033.5 20 22 23
22 -66.5 -156.5 1034.0 21 24 -1
23 -66.0 -156.5 1033.0 21 25 -1
24 -66.5 -157.0 1034.5 22 26 -1
25 -66.0 -157.0 1032.5 23 27 -1
26 -67.0 -157.5 1035.0 24 28 -1
27 -66.0 -157.0 1032.0 25 29 -1
28 -67.0 -158.0 1035.5 26 30 -1
29 -65.5 -157.0 1031.5 27 31 -1
30 -67.0 -158.5 1035.5 28 32 -1
31 -65.0 -157.5 1031.0 29 33 -1
32 -67.0 -159.0 1036.0 30 34 -1
33 -65.0 -157.5 1030.5 31 35 -1
34 -67.0 -159.5 1036.5 32 36 -1
35 -64.5 -157.5 1030.0 33 37 -1
36 -67.0 -160.0 1036.5 34 38 -1
37 -64.5 -158.0 1029.5 35 39 -1
38 -67.0 -160.5 1037.0 36 40 -1
39 -64.0 -157.5 1029.0 37 41 -1
40 -67.0 -161.0 1037.5 38 42 -1
41 -64.0 -157.5 1028.5 39 43 -1
42 -67.5 -161.0 1038.0 40 44 -1
43 -63.5 -157.5 1028.0 41 45 -1
44 -67.0 -161.5 1038.5 42 46 -1
45 -63.5 -157.5 1027.5 43 47 -1
46 -67.0 -162.0 1038.5 44 48 -1
47 -63.0 -157.5 1027.0 45 49 -1
48 -66.5 -162.5 1039.0 46 50 -1
49 -63.0 -157.5 1026.5 47 51 -1
50 -66.0 -163.0 1039.5 48 52 -1
51 -62.5 -157.5 1026.0 49 53 -1
52 -66.0 -163.0 1040.0 50 54 -1
53 -62.5 -157.5 1025.5 51 55 -1
54 -66.0 -163.0 1040.5 52 56 -1
55 -62.5 -157.5 1025.0 53 57 -1
56 -66.0 -163.0 1041.0 54 58 -1
57 -62.5 -157.5 1024.5 55 59 -1
58 -65.5 -163.5 1041.5 56 60 -1
59 -62.0 -157.5 1024.0 57 61 -1
60 -65.0 -164.0 1042.0 58 62 -1
61 -62.0 -157.5 1023.5 59 63 -1
62 -65.0 -164.0 1042.5 60 64 -1
63 -62.0 -158.0 1023.0 61 65 -1
64 -64.5 -164.0 1043.0 62 66 -1
65 -61.5 -158.0 1022.5 63 67 -1
66 -64.5 -164.0 1043.5 64 68 -1
67 -61.5 -158.0 1022.0 65 69 -1
68 -64.0 -164.5 1044.0 66 70 -1
69 -61.5 -158.0 1021.5 67 71 -1
70 -64.0 -164.5 1044.5 68 72 -1
71 -61.5 -158.0 1021.0 69 73 -1
72 -64.0 -164.5 1045.0 70 74 -1
73 -61.0 -158.0 1020.5 71 75 -1
74 -63.5 -164.5 1045.5 72 76 -1
75 -61.0 -158.5 1020.0 73 77 -1
76 -63.5 -164.5 1046.0 74 78 -1
77 -61.0 -158.5 1019.5 75 79 -1
78 -63.5 -164.5 1046.5 76 80 -1
79 -61.0 -158.5 1019.0 77 81 -1
80 -63.5 -164.5 1047.0 78 82 -1
81 -60.5 -158.5 1018.5 79 83 -1
82 -63.0 -164.5 1047.5 80 84 -1
83 -60.5 -158.5 1018.0 81 85 -1
84 -62.5 -164.5 1048.0 82 86 -1
85 -60.5 -159.0 1017.5 83 87 -1
86 -62.5 -165.0 1048.5 84 88 -1
87 -60.5 -159.0 1017.0 85 89 -1
88 -62.0 -165.0 1049.0 86 90 -1
89 -60.5 -159.0 1016.5 87 91 -1
90 -61.5 -165.0 1049.5 88 92 -1
91 -60.5 -159.0 1016.0 89 93 -1
92 -61.0 -165.0 1050.0 90 94 -1
93 -60.0 -159.0 1015.5 91 95 -1
94 -60.5 -165.0 1050.5 92 96 -1
95 -60.5 -159.5 1015.0 93 97 98
96 -60.5 -165.5 1051.0 94 99 -1
97 -61.0 -160.0 1015.0 95 100 -1
98 -60.0 -159.5 1014.5 95 101 -1
99 -60.5 -165.5 1051.5 96 102 -1
100 -61.5 -160.0 1015.0 97 103 -1
101 -59.5 -159.5 1014.0 98 104 -1
102 -60.0 -165.5 1052.0 99 105 -1
103 -62.0 -160.5 1015.0 100 106 -1
104 -59.0 -160.0 1013.5 101 107 -1
105 -60.0 -166.0 1052.5 102 108 -1
106 -62.5 -161.0 1014.5 103 109 -1
107 -58.5 -160.0 1013.0 104 110 -1
108 -59.5 -166.5 1053.0 105 111 -1
109 -63.0 -161.5 1014.0 106 112 -1
110 -58.0 -160.0 1012.5 107 113 -1
111 -59.0 -166.5 1053.5 108 114 -1
112 -63.0 -162.0 1013.5 109 115 -1
113 -57.5 -160.5 1012.0 110 116 -1
114 -58.5 -166.5 1054.0 111 117 -1
115 -63.0 -162.5 1013.0 112 -1 -1
116 -57.0 -160.5 1011.5 113 118 -1
117 -58.0 -167.0 1054.5 114 119 -1
118 -57.0 -161.0 1011.0 116 120 -1
119 -58.0 -167.5 1055.0 117 121 -1
120 -56.5 -161.0 1010.5 118 122 -1
121 -58.0 -168.0 1055.5 119 123 -1
122 -56.0 -161.0 1010.5 120 124 -1
123 -57.5 -168.0 1056.0 121 125 -1
124 -55.5 -161.0 1010.0 122 126 -1
125 -57.5 -168.5 1056.5 123 127 -1
126 -55.5 -161.5 1009.5 124 128 -1
127 -57.0 -168.5 1057.0 125 129 -1
128 -55.0 -162.0 1009.0 126 130 -1
129 -57.0 -169.0 1057.5 127 131 -1
130 -54.5 -162.5 1008.0 128 132 -1
131 -56.5 -169.0 1058.0 129 133 -1
132 -54.0 -162.5 1007.5 130 134 -1
133 -56.5 -169.5 1058.5 131 135 -1
134 -53.5 -162.5 1007.0 132 136 -1
135 -56.0 -170.0 1059.0 133 137 -1
136 -53.0 -162.5 1006.5 134 138 -1
137 -56.0 -170.5 1059.5 135 139 -1
138 -53.0 -163.0 1006.0 136 140 -1
139 -56.0 -171.0 1060.0 137 141 -1
140 -52.5 -163.0 1005.5 138 142 -1
141 -55.5 -171.0 1060.5 139 143 -1
142 -52.0 -163.5 1005.0 140 144 -1
143 -55.5 -171.5 1061.0 141 145 -1
144 -51.5 -164.0 1004.5 142 146 -1
145 -55.0 -172.0 1061.5 143 147 -1
146 -51.0 -164.0 1004.0 144 148 -1
147 -54.5 -172.5 1062.0 145 149 -1
148 -51.5 -164.5 1003.5 146 150 -1
149 -54.0 -173.0 1062.5 147 151 -1
150 -51.0 -164.5 1003.0 148 152 -1
151 -53.5 -173.5 1063.0 149 153 -1
152 -50.5 -165.0 1002.5 150 154 -1
153 -53.0 -174.0 1063.0 151 155 -1
154 -50.0 -165.0 1002.5 152 156 -1
155 -53.0 -174.5 1063.5 153 157 -1
156 -49.5 -165.0 1002.0 154 158 -1
157 -52.5 -175.0 1064.0 155 159 -1
158 -49.5 -165.0 1001.5 156 160 -1
159 -52.5 -175.5 1064.5 157 -1 -1
160 -49.5 -165.5 1001.0 158 161 -1
161 -49.0 -165.5 1000.5 160 162 -1
162 -49.0 -166.0 1000.0 161 163 -1
163 -48.5 -166.0 999.5 162 164 -1
164 -48.0 -166.0 999.0 163 165 -1
165 -48.0 -166.5 998.5 164 166 -1
166 -47.5 -166.5 998.0 165 167 -1
167 -47.0 -166.5 997.5 166 168 -1
168 -46.5 -167.0 997.0 167 169 -1
169 -46.5 -167.0 996.5 168 170 -1
170 -46.0 -167.5 996.0 169 171 -1
171 -46.0 -168.0 995.5 170 172 -1
172 -45.5 -168.0 995.0 171 173 -1
173 -45.0 -168.0 994.5 172 174 -1
174 -44.5 -168.0 994.0 173 175 -1
175 -44.0 -168.0 993.5 174 176 -1
176 -43.5 -168.5 993.0 175 177 -1
177 -43.0 -168.5 992.5 176 178 -1
178 -42.5 -168.5 992.0 177 179 -1
179 -42.0 -168.0 991.5 178 180 -1
180 -42.0 -168.5 991.0 179 181 -1
181 -42.0 -168.5 990.5 180 182 -1
182 -41.5 -168.5 990.0 181 183 -1
183 -41.5 -169.0 989.5 182 184 -1
184 -41.5 -169.0 989.0 183 185 -1
185 -40.5 -169.5 988.0 184 186 -1
186 -40.0 -169.5 987.5 185 187 -1
187 -39.5 -169.5 987.0 186 188 -1
188 -39.5 -170.0 986.5 187 189 -1
189 -39.0 -170.5 986.0 188 190 -1
190 -38.5 -170.5 985.5 189 191 -1
191 -38.0 -171.0 985.0 190 192 -1
192 -37.5 -171.5 984.5 191 193 -1
193 -37.0 -171.5 984.0 192 194 -1
194 -36.5 -172.0 983.5 193 195 -1
195 -36.0 -172.5 983.5 194 196 -1
196 -35.5 -172.5 983.5 195 197 -1
197 -35.0 -172.5 983.0 196 198 -1
198 -34.5 -173.0 982.5 197 199 -1
199 -34.0 -173.5 982.5 198 200 -1
200 -33.5 -173.5 982.5 199 201 -1
201 -33.0 -173.5 982.0 200 202 -1
202 -32.5 -173.5 982.0 201 203 -1
203 -32.0 -174.0 981.5 202 204 -1
204 -31.5 -174.5 981.0 203 205 -1
205 -31.0 -175.0 981.0 204 206 -1
206 -30.5 -175.5 980.5 205 207 -1
207 -30.0 -176.0 980.0 206 208 -1
208 -29.5 -176.5 980.0 207 209 -1
209 -29.0 -177.0 979.5 208 210 211
210 -29.0 -177.5 979.5 209 212 -1
211 -28.5 -176.5 980.0 209 213 -1
212 -28.5 -178.0 979.0 210 214 -1
213 -28.5 -176.0 980.5 211 215 -1
214 -28.0 -178.5 979.0 212 216 -1
215 -28.0 -175.5 981.0 213 217 -1
216 -27.5 -179.0 979.0 214 218 -1
217 -28.0 -175.0 981.5 215 219 -1
218 -27.0 -179.5 978.5 216 220 -1
219 -27.5 -174.5 982.0 217 221 -1
220 -26.5 -180.0 978.0 218 222 -1
221 -27.5 -174.0 982.0 219 223 -1
222 -26.5 -180.5 977.5 220 224 -1
223 -27.0 -173.5 982.5 221 225 -1
224 -26.0 -181.0 977.0 222 226 -1
225 -27.0 -173.0 982.5 223 227 -1
226 -26.0 -181.0 976.5 224 228 -1
227 -26.5 -172.5 983.0 225 229 -1
228 -25.5 -182.0 975.5 226 230 231
229 -26.0 -172.0 983.5 227 232 -1
230 -25.5 -182.5 975.0 228 233 -1
231 -25.0 -182.0 976.0 228 234 -1
232 -25.5 -171.5 984.0 229 235 -1
233 -25.0 -183.0 974.5 230 236 -1
234 -24.5 -182.5 976.0 231 237 -1
235 -25.0 -171.5 984.5 232 238 -1
236 -24.5 -183.5 974.0 233 239 -1
237 -24.0 -182.5 976.0 234 240 -1
238 -24.5 -171.0 985.0 235 241 -1
239 -24.5 -183.5 973.5 236 242 -1
240 -23.5 -182.5 976.0 237 243 -1
241 -24.0 -171.0 985.5 238 244 -1
242 -24.5 -184.0 973.0 239 245 -1
243 -23.0 -183.0 976.0 240 246 -1
244 -23.5 -170.5 986.0 241 247 -1
245 -24.0 -184.5 972.5 242 248 -1
246 -22.5 -183.5 976.0 243 249 -1
247 -23.0 -170.5 986.5 244 250 -1
248 -23.5 -185.0 972.0 245 251 -1
249 -22.0 -183.5 976.0 246 252 -1
250 -22.5 -170.0 987.0 247 253 -1
251 -23.5 -185.0 971.5 248 254 -1
252 -21.5 -183.5 976.5 249 255 -1
253 -22.0 -170.0 987.5 250 256 -1
254 -23.0 -185.0 971.0 251 257 -1
255 -21.0 -184.0 976.5 252 258 -1
256 -22.0 -169.5 988.0 253 259 -1
257 -23.0 -185.5 970.5 254 260 -1
258 -20.5 -184.0 976.5 255 261 -1
259 -21.5 -169.5 988.5 256 262 -1
260 -23.0 -185.5 970.0 257 263 -1
261 -20.0 -184.0 977.0 258 264 -1
262 -21.5 -169.5 989.0 259 265 -1
263 -23.0 -185.5 969.5 260 266 -1
264 -19.5 -184.0 977.0 261 267 -1
265 -21.0 -169.5 989.5 262 268 -1
266 -23.0 -185.5 969.0 263 269 -1
267 -19.0 -184.0 977.0 264 270 -1
268 -21.0 -169.0 990.0 265 271 -1
269 -23.0 -185.5 968.5 266 272 -1
270 -18.5 -184.0 977.0 267 273 -1
271 -21.0 -169.0 990.5 268 274 -1
272 -23.0 -185.5 968.0 269 275 -1
273 -18.0 -184.5 977.0 270 276 -1
274 -20.5 -169.0 991.0 271 277 -1
275 -23.0 -185.5 967.5 272 278 -1
276 -17.5 -184.5 977.0 273 279 -1
277 -20.5 -168.5 991.5 274 280 -1
278 -23.0 -185.5 967.0 275 281 -1
279 -17.0 -184.5 977.5 276 282 -1
280 -20.5 -168.5 992.0 277 283 -1
281 -22.5 -185.5 966.5 278 284 -1
282 -16.5 -184.5 977.5 279 285 -1
283 -20.5 -168.5 992.5 280 286 -1
284 -22.5 -186.0 966.0 281 287 -1
285 -16.0 -184.5 977.5 282 288 -1
286 -20.0 -168.0 993.0 283 289 -1
287 -22.5 -186.0 965.5 284 290 -1
288 -15.5 -184.5 977.5 285 291 -1
289 -20.0 -167.5 993.5 286 292 -1
290 -22.5 -186.0 965.0 287 293 -1
291 -15.0 -184.5 977.5 288 294 -1
292 -20.0 -167.5 994.0 289 295 -1
293 -22.5 -186.0 964.5 290 296 -1
294 -14.5 -184.5 977.5 291 297 -1
295 -20.0 -167.5 994.5 292 298 -1
296 -22.5 -186.0 964.0 293 299 -1
297 -14.0 -184.5 977.5 294 300 -1
298 -20.0 -167.5 995.0 295 301 -1
299 -22.5 -186.0 963.5 296 302 -1
300 -13.5 -184.5 977.5 297 303 -1
301 -20.0 -167.5 995.5 298 304 -1
302 -22.5 -186.0 963.0 299 305 -1
303 -13.0 -184.5 977.5 300 306 -1
304 -20.5 -167.5 996.0 301 307 -1
305 -22.5 -186.0 962.5 302 308 -1
306 -12.5 -184.5 977.5 303 309 -1
307 -20.5 -167.5 996.5 304 310 -1
308 -22.5 -186.0 962.0 305 311 -1
309 -12.0 -184.5 977.5 306 312 -1
310 -20.5 -167.5 997.0 307 313 -1
311 -22.5 -186.0 961.5 308 314 -1
312 -11.5 -184.5 977.5 309 315 -1
313 -21.0 -167.5 997.5 310 316 -1
314 -22.5 -186.0 961.0 311 317 -1
315 -11.0 -184.5 977.5 312 318 -1
316 -21.0 -167.5 998.0 313 319 -1
317 -23.0 -186.5 960.5 314 320 -1
318 -10.5 -184.5 977.5 315 321 -1
319 -21.0 -167.5 998.5 316 322 -1
320 -23.0 -186.5 960.0 317 323 -1
321 -10.0 -184.5 977.5 318 324 -1
322 -21.0 -167.5 999.0 319 325 -1
323 -23.0 -186.5 959.5 320 326 -1
324 -9.5 -184.5 977.5 321 327 -1
325 -21.0 -167.5 999.5 322 328 -1
326 -23.0 -186.5 959.0 323 329 -1
327 -9.0 -184.5 977.5 324 330 -1
328 -21.5 -167.5 1000.0 325 331 -1
329 -23.0 -186.5 958.5 326 332 -1
330 -8.5 -184.5 978.0 327 333 -1
331 -21.5 -167.5 1000.5 328 334 -1
332 -23.0 -186.5 958.0 329 335 -1
333 -8.0 -184.5 978.0 330 336 -1
334 -21.5 -167.5 1001.0 331 337 -1
335 -23.0 -186.5 957.5 332 338 -1
336 -7.5 -184.5 978.0 333 339 -1
337 -21.5 -167.5 1001.5 334 340 -1
338 -23.0 -187.0 957.0 335 341 -1
339 -7.0 -184.0 978.0 336 342 -1
340 -22.0 -167.5 1002.0 337 343 -1
341 -23.5 -186.5 956.5 338 344 -1
342 -6.5 -184.0 978.0 339 345 -1
343 -22.0 -168.0 1002.5 340 346 -1
344 -23.0 -186.5 956.0 341 347 -1
345 -6.0 -184.0 978.0 342 348 -1
346 -22.0 -168.0 1003.0 343 349 -1
347 -23.0 -186.0 955.5 344 350 -1
348 -5.5 -184.0 978.0 345 351 -1
349 -22.0 -168.5 1003.5 346 352 -1
350 -23.0 -186.5 955.0 347 353 -1
351 -5.0 -183.5 977.5 348 354 -1
352 -22.0 -169.0 1004.0 349 355 -1
353 -23.0 -186.5 954.5 350 356 -1
354 -4.5 -183.5 977.5 351 357 -1
355 -22.5 -169.5 1004.5 352 358 -1
356 -22.5 -186.5 954.0 353 359 -1
357 -4.0 -183.5 977.5 354 360 -1
358 -23.0 -170.0 1005.0 355 361 -1
359 -22.5 -186.5 953.5 356 362 -1
360 -3.5 -183.5 978.0 357 363 -1
361 -23.0 -170.0 1005.5 358 364 -1
362 -22.5 -186.0 953.0 359 365 -1
363 -3.0 -183.5 978.0 360 366 -1
364 -23.0 -170.5 1006.0 361 367 -1
365 -22.5 -186.0 952.5 362 368 -1
366 -2.5 -183.5 978.0 363 369 -1
367 -23.0 -171.0 1006.5 364 370 -1
368 -22.5 -186.0 952.0 365 371 -1
369 -2.0 -183.0 977.5 366 372 -1
370 -22.5 -171.5 1006.5 367 373 -1
371 -22.5 -186.0 951.5 368 374 -1
372 -1.5 -183.0 978.0 369 375 -1
373 -22.5 -172.0 1007.0 370 376 -1
374 -22.5 -186.0 951.0 371 377 -1
375 -1.0 -182.5 977.5 372 378 -1
376 -22.5 -172.5 1007.5 373 379 -1
377 -22.5 -186.0 950.5 374 380 -1
378 -0.5 -182.5 977.5 375 381 -1
379 -22.0 -173.0 1007.5 376 382 -1
380 -22.5 -186.0 950.0 377 383 -1
381 0.0 -182.5 977.5 378 384 -1
382 -21.5 -173.5 1008.0 379 385 -1
383 -22.5 -185.5 949.5 380 386 -1
384 0.5 -182.0 977.5 381 387 -1
385 -21.0 -174.0 1008.5 382 388 -1
386 -22.5 -185.5 949.0 383 389 -1
387 1.0 -182.0 977.5 384 390 -1
388 -21.0 -174.5 1009.0 385 391 -1
389 -22.5 -185.5 948.5 386 392 -1
390 1.5 -182.0 977.5 387 393 -1
391 -20.5 -175.0 1009.5 388 394 -1
392 -22.5 -185.5 948.0 389 395 -1
393 2.0 -181.5 977.5 390 396 -1
394 -20.0 -175.5 1010.0 391 397 -1
395 -22.5 -185.5 947.5 392 398 -1
396 2.5 -181.0 977.5 393 399 -1
397 -19.5 -175.5 1010.5 394 400 -1
398 -22.5 -185.5 947.0 395 401 -1
399 3.0 -180.5 977.0 396 402 -1
400 -19.0 -176.0 1011.0 397 403 -1
401 -22.5 -185.5 946.5 398 404 -1
402 3.5 -180.5 977.5 399 405 -1
403 -18.5 -176.0 1011.0 400 406 -1
404 -22.5 -185.5 946.0 401 407 -1
405 4.0 -180.5 977.5 402 408 -1
406 -18.0 -176.5 1011.5 403 409 -1
407 -23.0 -185.0 945.5 404 410 -1
408 4.5 -180.0 977.5 405 411 -1
409 -17.5 -176.0 1012.0 406 412 -1
410 -23.0 -185.0 945.0 407 413 -1
411 5.0 -179.5 977.0 408 414 -1
412 -17.0 -176.0 1012.5 409 415 -1
413 -23.5 -184.5 944.5 410 416 -1
414 5.5 -180.0 977.5 411 417 -1
415 -16.5 -176.0 1013.0 412 418 -1
416 -23.5 -184.5 944.0 413 419 -1
417 6.0 -179.5 977.0 414 420 -1
418 -16.0 -176.0 1013.0 415 421 -1
419 -23.5 -184.5 943.5 416 422 -1
420 6.5 -179.5 977.5 417 423 -1
421 -15.5 -175.5 1013.5 418 424 -1
422 -23.5 -184.0 943.0 419 425 -1
423 7.0 -179.0 977.0 420 426 -1
424 -15.0 -175.5 1014.0 421 427 -1
425 -24.0 -183.5 942.5 422 428 -1
426 7.5 -178.5 977.0 423 429 -1
427 -14.5 -175.5 1014.5 424 430 -1
428 -24.0 -183.5 942.0 425 431 -1
429 8.0 -178.0 977.5 426 432 -1
430 -14.0 -175.0 1015.0 427 433 -1
431 -24.5 -183.5 941.5 428 434 -1
432 8.5 -178.0 977.0 429 435 -1
433 -13.5 -174.5 1015.5 430 436 -1
434 -24.5 -183.0 941.0 431 437 -1
435 9.0 -177.5 977.0 432 438 -1
436 -13.0 -174.5 1016.0 433 439 -1
437 -25.0 -183.0 940.5 434 440 -1
438 9.5 -177.5 977.0 435 441 -1
439 -12.5 -174.0 1016.5 436 442 -1
440 -24.5 -182.5 940.0 437 443 -1
441 10.0 -177.0 977.0 438 444 -1
442 -12.0 -174.0 1017.0 439 445 -1
443 -24.5 -182.0 939.5 440 446 -1
444 10.5 -176.5 977.0 441 447 -1
445 -12.0 -173.5 1017.5 442 448 -1
446 -25.0 -182.0 939.0 443 449 -1
447 11.0 -176.0 977.0 444 450 -1
448 -11.5 -173.0 1018.0 445 451 -1
449 -24.5 -181.5 938.5 446 452 -1
450 11.5 -175.5 977.0 447 453 -1
451 -11.0 -173.0 1018.5 448 454 -1
452 -24.0 -181.5 938.0 449 455 -1
453 12.0 -175.0 977.0 450 456 -1
454 -11.0 -172.5 1019.0 451 457 -1
455 -24.0 -181.5 937.5 452 458 -1
456 12.5 -174.5 977.0 453 459 -1
457 -10.5 -172.0 1019.5 454 460 -1
458 -23.5 -181.0 937.0 455 461 -1
459 13.0 -174.5 977.0 456 462 -1
460 -10.0 -172.0 1020.0 457 463 -1
461 -23.0 -180.5 936.5 458 464 -1
462 13.5 -174.0 977.0 459 465 -1
463 -9.5 -172.0 1020.5 460 466 -1
464 -23.0 -180.0 936.0 461 467 -1
465 14.0 -173.5 977.5 462 468 -1
466 -9.5 -171.5 1021.0 463 469 -1
467 -22.5 -179.5 935.5 464 470 -1
468 14.5 -173.0 977.5 465 471 -1
469 -9.5 -171.5 1021.5 466 472 -1
470 -22.5 -179.0 935.0 467 473 -1
471 15.0 -172.5 977.5 468 474 -1
472 -9.0 -171.5 1022.0 469 475 -1
473 -22.0 -179.0 934.5 470 476 -1
474 15.5 -172.0 977.5 471 477 -1
475 -8.5 -171.0 1022.5 472 478 -1
476 -21.5 -179.0 934.0 473 479 -1
477 16.0 -172.0 977.5 474 480 -1
478 -8.0 -171.0 1023.0 475 481 -1
479 -21.5 -178.5 933.5 476 482 -1
480 16.5 -171.5 977.5 477 483 -1
481 -8.0 -171.0 1023.5 478 484 -1
482 -21.5 -178.5 933.0 479 485 -1
483 16.5 -171.0 977.5 480 486 -1
484 -7.5 -171.0 1024.0 481 487 -1
485 -21.5 -178.0 932.5 482 488 -1
486 17.0 -170.5 977.5 483 489 -1
487 -7.0 -171.0 1024.5 484 490 -1
488 -21.5 -177.5 932.0 485 491 -1
489 17.5 -170.0 977.5 486 492 -1
490 -6.5 -171.0 1025.0 487 493 -1
491 -21.0 -178.0 931.5 488 494 -1
492 18.0 -170.0 978.0 489 495 -1
493 -6.5 -171.0 1025.5 490 496 -1
494 -21.0 -178.0 931.0 491 497 -1
495 18.5 -169.5 978.0 492 498 -1
496 -6.0 -171.5 1026.0 493 499 -1
497 -21.5 -177.5 930.5 494 500 -1
498 19.0 -169.0 978.5 495 501 -1
499 -5.5 -171.5 1026.5 496 502 -1
500 -21.5 -177.5 930.0 497 503 -1
501 19.5 -168.5 978.5 498 504 -1
502 -5.0 -172.0 1027.0 499 505 -1
503 -21.5 -177.5 929.5 500 506 -1
504 20.0 -168.0 978.5 501 507 -1
505 -4.5 -172.5 1027.5 502 508 -1
506 -21.5 -177.0 928.5 503 509 -1
507 20.5 -167.5 979.0 504 510 -1
508 -4.5 -172.5 1028.0 505 511 -1
509 -21.0 -177.5 928.0 506 512 -1
510 21.0 -167.0 979.5 507 513 -1
511 -4.0 -173.0 1028.5 508 514 -1
512 -21.0 -177.0 927.5 509 515 -1
513 21.5 -166.5 980.0 510 516 -1
514 -3.5 -173.0 1028.5 511 517 -1
515 -21.5 -177.0 926.5 512 518 -1
516 21.5 -166.0 979.5 513 519 -1
517 -3.0 -173.5 1028.5 514 520 -1
518 -22.0 -177.0 926.0 515 521 -1
519 22.0 -165.5 980.0 516 522 -1
520 -2.5 -174.0 1029.0 517 523 -1
521 -22.0 -176.5 925.5 518 524 -1
522 22.5 -165.0 980.0 519 525 -1
523 -2.0 -174.5 1029.5 520 526 -1
524 -22.0 -176.5 925.0 521 527 -1
525 23.0 -165.0 980.5 522 528 -1
526 -1.5 -175.0 1029.5 523 529 -1
527 -22.0 -176.5 924.5 524 530 -1
528 23.5 -164.5 981.0 525 531 -1
529 -1.0 -175.5 1029.5 526 532 -1
530 -22.0 -176.0 924.0 527 533 -1
531 23.5 -164.0 981.0 528 534 -1
532 -1.0 -176.0 1030.0 529 535 -1
533 -21.5 -176.5 923.5 530 536 -1
534 24.0 -163.5 981.0 531 537 -1
535 -0.5 -176.5 1029.5 532 538 -1
536 -21.5 -176.0 923.0 533 539 -1
537 24.5 -163.0 981.5 534 540 -1
538 0.0 -177.0 1030.0 535 541 -1
539 -21.5 -176.0 922.5 536 542 -1
540 25.0 -162.5 981.5 537 543 -1
541 0.0 -177.5 1029.5 538 544 -1
542 -21.5 -176.0 922.0 539 545 -1
543 25.5 -162.5 982.0 540 546 -1
544 0.0 -178.0 1029.5 541 547 -1
545 -21.0 -176.0 921.5 542 -1 -1
546 26.0 -162.0 982.5 543 548 -1
547 0.5 -178.5 1029.5 544 549 -1
548 26.5 -161.5 983.0 546 550 -1
549 1.0 -179.0 1029.5 547 551 -1
550 27.0 -161.0 983.0 548 552 -1
551 1.0 -179.5 1029.0 549 553 -1
552 27.5 -160.5 983.0 550 554 -1
553 1.5 -180.0 1029.0 551 555 -1
554 28.0 -160.5 983.5 552 556 -1
555 1.5 -180.5 1028.5 553 557 -1
556 28.5 -160.0 984.0 554 558 -1
557 2.0 -181.0 1028.0 555 559 -1
558 29.0 -160.0 984.5 556 560 -1
559 2.0 -181.5 1027.5 557 561 -1
560 29.5 -159.5 985.0 558 562 -1
561 2.0 -182.0 1027.0 559 563 -1
562 30.0 -159.0 985.5 560 564 -1
563 2.5 -182.0 1026.5 561 565 -1
564 30.5 -158.5 986.0 562 566 -1
565 2.5 -182.5 1026.0 563 567 -1
566 31.0 -158.5 986.5 564 568 -1
567 2.5 -182.5 1025.5 565 569 -1
568 31.5 -158.5 987.0 566 570 -1
569 3.0 -182.5 1025.0 567 571 -1
570 31.5 -158.0 987.5 568 572 -1
571 3.0 -183.0 1024.5 569 573 -1
572 32.0 -158.0 988.0 570 574 -1
573 3.5 -182.5 1024.0 571 575 -1
574 32.5 -158.0 988.5 572 576 -1
575 3.5 -182.5 1023.5 573 577 -1
576 33.0 -158.0 989.0 574 578 -1
577 3.5 -183.0 1023.0 575 579 -1
578 33.5 -157.5 989.5 576 580 -1
579 3.5 -183.0 1022.5 577 581 -1
580 34.0 -157.5 990.0 578 582 -1
581 3.5 -183.0 1022.0 579 583 -1
582 34.5 -157.5 990.5 580 584 -1
583 4.0 -182.5 1021.5 581 585 -1
584 34.5 -157.5 991.0 582 586 -1
585 4.5 -182.5 1021.0 583 587 -1
586 35.0 -157.5 991.5 584 588 -1
587 5.0 -182.0 1020.5 585 589 -1
588 35.5 -157.5 992.0 586 590 -1
589 5.0 -182.0 1020.0 587 591 -1
590 36.0 -157.5 992.5 588 592 -1
591 5.5 -182.0 1019.5 589 593 -1
592 36.5 -157.5 993.0 590 594 -1
593 6.0 -181.5 1019.5 591 595 -1
594 37.0 -157.5 993.5 592 596 -1
595 6.5 -181.0 1019.0 593 597 -1
596 37.5 -157.5 994.0 594 598 -1
597 7.0 -180.5 1019.0 595 599 -1
598 37.5 -158.0 994.5 596 600 -1
599 7.5 -180.5 1018.5 597 601 -1
600 38.0 -158.0 995.0 598 602 -1
601 8.0 -180.0 1018.5 599 603 -1
602 38.5 -158.0 995.5 600 604 -1
603 8.5 -179.5 1018.5 601 605 -1
604 39.0 -158.0 996.0 602 606 -1
605 9.0 -179.5 1018.5 603 607 -1
606 39.0 -158.5 996.5 604 608 -1
607 9.5 -179.0 1018.5 605 609 -1
608 39.5 -158.5 997.0 606 610 -1
609 10.0 -179.0 1018.5 607 611 -1
610 40.0 -158.5 997.5 608 612 -1
611 10.5 -179.0 1019.0 609 613 -1
612 40.5 -158.5 998.0 610 614 -1
613 11.0 -178.5 1019.5 611 615 -1
614 40.5 -159.0 998.5 612 616 -1
615 11.5 -178.0 1020.0 613 617 -1
616 41.0 -159.0 999.0 614 618 -1
617 12.0 -178.0 1020.0 615 619 -1
618 41.5 -159.5 999.5 616 620 -1
619 12.5 -178.0 1020.5 617 621 -1
620 42.0 -159.5 1000.0 618 622 -1
621 12.5 -177.5 1021.0 619 623 -1
622 42.5 -160.0 1000.5 620 624 -1
623 13.0 -177.5 1021.5 621 625 -1
624 43.0 -160.0 1001.0 622 626 -1
625 13.5 -177.5 1022.0 623 627 -1
626 43.5 -160.5 1001.5 624 628 -1
627 13.5 -177.5 1022.5 625 629 -1
628 43.5 -161.0 1002.0 626 630 -1
629 13.5 -177.5 1023.0 627 631 -1
630 44.0 -161.5 1002.5 628 632 -1
631 14.0 -177.0 1023.5 629 633 -1
632 44.5 -161.5 1003.0 630 634 -1
633 14.0 -177.0 1024.0 631 635 -1
634 45.0 -162.0 1003.5 632 636 -1
635 14.0 -177.5 1024.5 633 637 -1
636 45.5 -162.5 1004.0 634 638 -1
637 14.5 -177.5 1025.0 635 639 -1
638 46.0 -163.0 1004.0 636 640 -1
639 14.5 -177.5 1025.5 637 641 -1
640 46.5 -163.5 1004.5 638 642 -1
641 14.5 -178.0 1026.0 639 643 -1
642 47.0 -164.0 1005.0 640 644 -1
643 14.5 -178.0 1026.5 641 645 -1
644 47.5 -164.5 1005.5 642 646 -1
645 14.5 -178.0 1027.0 643 647 -1
646 48.0 -165.0 1006.0 644 648 -1
647 14.5 -178.5 1027.5 645 649 -1
648 48.5 -165.5 1006.5 646 650 -1
649 14.5 -178.5 1028.0 647 651 -1
650 49.0 -166.0 1007.0 648 652 -1
651 14.5 -179.0 1028.5 649 653 -1
652 49.0 -166.5 1007.0 650 654 -1
653 14.5 -179.0 1029.0 651 655 -1
654 49.5 -167.0 1007.5 652 656 -1
655 14.5 -179.5 1029.5 653 657 -1
656 50.0 -167.5 1008.0 654 658 -1
657 14.0 -179.5 1030.0 655 659 -1
658 50.5 -168.0 1008.5 656 660 -1
659 14.0 -180.0 1030.5 657 661 -1
660 51.0 -168.5 1009.0 658 662 -1
661 14.0 -180.5 1031.0 659 663 -1
662 51.5 -169.0 1009.0 660 664 -1
663 14.0 -181.0 1031.5 661 665 -1
664 52.0 -169.5 1009.5 662 666 -1
665 14.0 -181.5 1032.0 663 667 -1
666 52.5 -170.0 1009.5 664 668 -1
667 13.5 -182.0 1032.5 665 669 -1
668 53.0 -170.5 1010.0 666 670 -1
669 13.5 -182.5 1033.0 667 671 -1
670 53.0 -171.0 1010.5 668 672 -1
671 13.0 -183.0 1033.5 669 673 -1
672 53.5 -171.5 1011.0 670 674 -1
673 13.0 -183.5 1034.0 671 675 -1
674 54.0 -171.5 1010.5 672 676 -1
675 13.0 -184.0 1034.5 673 677 -1
676 54.5 -172.0 1011.0 674 678 -1
677 13.0 -184.5 1035.0 675 679 -1
678 55.0 -172.5 1011.0 676 680 -1
679 12.5 -184.5 1035.5 677 681 -1
680 55.0 -173.0 1011.5 678 682 -1
681 13.0 -185.0 1036.0 679 683 -1
682 55.5 -173.5 1011.5 680 684 -1
683 13.0 -185.0 1036.5 681 685 -1
684 56.0 -174.0 1012.0 682 686 -1
685 13.0 -185.0 1037.0 683 687 -1
686 56.0 -174.5 1012.5 684 688 -1
687 13.5 -185.5 1037.5 685 689 -1
688 56.5 -175.0 1012.5 686 690 -1
689 13.5 -185.5 1038.0 687 691 -1
690 57.0 -175.5 1012.5 688 692 -1
691 13.5 -186.0 1038.5 689 693 -1
692 57.5 -176.0 1012.5 690 694 -1
693 13.5 -186.0 1039.0 691 695 -1
694 57.5 -176.5 1013.0 692 696 -1
695 14.0 -186.0 1039.5 693 697 -1
696 58.0 -177.0 1013.0 694 698 -1
697 14.5 -186.0 1040.0 695 699 -1
698 58.5 -177.5 1013.5 696 700 -1
699 15.0 -186.0 1040.5 697 701 -1
700 59.0 -178.0 1013.5 698 702 -1
701 15.5 -185.5 1041.0 699 703 -1
702 59.5 -178.5 1014.0 700 704 -1
703 16.0 -185.5 1041.5 701 705 -1
704 60.0 -179.0 1014.0 702 706 -1
705 16.5 -185.0 1041.5 703 707 -1
706 60.5 -179.5 1014.5 704 708 -1
707 17.0 -184.5 1042.0 705 709 -1
708 61.0 -180.0 1014.5 706 710 -1
709 17.5 -184.0 1042.5 707 711 -1
710 61.5 -180.5 1014.5 708 712 -1
711 18.0 -183.5 1042.5 709 713 -1
712 62.0 -181.0 1015.0 710 714 -1
713 18.5 -183.0 1042.5 711 715 -1
714 62.5 -181.5 1015.0 712 716 -1
715 19.0 -182.5 1042.5 713 717 -1
716 63.0 -181.5 1014.5 714 718 -1
717 19.5 -182.0 1042.0 715 719 -1
718 63.5 -182.0 1014.5 716 720 -1
719 19.5 -181.5 1042.0 717 721 -1
720 63.5 -182.5 1015.0 718 722 -1
721 20.0 -181.0 1042.0 719 723 -1
722 64.0 -183.0 1015.5 720 724 -1
723 20.0 -180.5 1042.0 721 725 -1
724 64.5 -183.5 1015.5 722 726 -1
725 20.0 -180.0 1041.5 723 727 -1
726 65.0 -183.5 1015.5 724 728 -1
727 20.5 -179.5 1041.5 725 729 -1
728 65.5 -184.0 1015.5 726 730 -1
729 20.5 -179.0 1041.5 727 731 -1
730 66.0 -184.5 1015.5 728 732 -1
731 20.5 -178.5 1041.0 729 733 -1
732 66.5 -184.5 1015.5 730 734 -1
733 20.5 -178.0 1040.5 731 735 -1
734 67.0 -185.0 1015.5 732 736 -1
735 20.5 -177.5 1040.0 733 737 -1
736 67.5 -185.5 1016.0 734 738 -1
737 20.5 -177.0 1039.5 735 739 -1
738 68.0 -185.5 1016.0 736 740 -1
739 20.0 -176.5 1039.0 737 741 -1
740 68.5 -186.0 1016.0 738 742 -1
741 20.0 -176.0 1039.0 739 743 -1
742 69.0 -186.5 1016.5 740 744 -1
743 20.0 -175.5 1039.0 741 745 -1
744 69.5 -186.5 1016.0 742 746 -1
745 19.5 -175.0 1038.5 743 747 -1
746 70.0 -187.0 1016.5 744 748 -1
747 19.5 -174.5 1038.0 745 749 -1
748 70.5 -187.0 1016.5 746 750 -1
749 19.5 -174.0 1037.5 747 751 -1
750 71.0 -187.0 1016.5 748 752 -1
751 19.0 -173.5 1037.5 749 753 -1
752 71.5 -187.5 1016.5 750 754 -1
753 19.0 -173.0 1037.0 751 755 -1
754 72.0 -187.5 1017.0 752 756 -1
755 18.5 -172.5 1037.0 753 757 -1
756 72.5 -187.5 1016.5 754 758 -1
757 18.5 -172.0 1036.5 755 759 -1
758 73.0 -187.5 1016.5 756 760 -1
759 18.5 -171.5 1036.5 757 761 -1
760 73.5 -187.5 1016.5 758 762 -1
761 18.5 -171.0 1036.5 759 763 -1
762 74.0 -187.5 1016.5 760 764 -1
763 19.0 -170.5 1036.5 761 765 -1
764 74.5 -187.5 1016.5 762 766 -1
765 19.5 -170.0 1036.0 763 767 -1
766 75.0 -187.5 1016.5 764 768 -1
767 19.5 -169.5 1036.0 765 -1 -1
768 75.5 -187.5 1016.5 766 769 -1
769 76.0 -187.5 1016.0 768 770 -1
770 76.5 -187.5 1016.0 769 771 -1
771 77.0 -187.5 1016.0 770 772 -1
772 77.5 -187.5 1016.0 771 773 -1
773 78.0 -187.5 1016.5 772 774 -1
774 78.5 -187.5 1016.5 773 775 -1
775 79.0 -187.0 1017.0 774 776 -1
776 79.5 -187.0 1017.0 775 777 -1
777 80.0 -187.0 1017.0 776 778 -1
778 80.5 -187.0 1017.0 777 779 -1
779 81.0 -187.0 1017.0 778 780 -1
780 81.5 -187.0 1017.0 779 781 -1
781 82.0 -187.0 1017.0 780 782 -1
782 82.5 -187.0 1017.0 781 783 -1
783 83.0 -187.0 1017.0 782 784 -1
784 83.5 -187.0 1017.5 783 785 -1
785 84.0 -187.0 1017.5 784 786 -1
786 84.5 -186.5 1017.5 785 787 -1
787 85.0 -186.5 1017.5 786 788 -1
788 85.5 -186.0 1018.0 787 789 -1
789 86.0 -186.0 1018.0 788 790 -1
790 86.5 -185.5 1018.0 789 791 -1
791 87.0 -185.5 1018.0 790 792 -1
792 87.5 -185.5 1017.5 791 793 -1
793 88.0 -185.0 1018.0 792 794 -1
794 88.5 -184.5 1018.0 793 795 -1
795 89.0 -184.5 1018.0 794 796 -1
796 89.5 -184.0 1018.0 795 797 -1
797 90.0 -183.5 1018.5 796 798 -1
798 90.5 -183.0 1018.5 797 799 -1
799 91.0 -182.5 1018.5 798 800 -1
800 91.5 -182.0 1018.5 799 801 -1
801 91.5 -181.5 1019.0 800 802 -1
802 92.0 -181.0 1018.5 801 803 -1
803 92.0 -180.5 1018.5 802 804 -1
804 92.5 -180.0 1018.5 803 805 -1
805 92.5 -179.5 1018.5 804 806 -1
806 93.0 -179.0 1018.5 805 807 -1
807 93.0 -178.5 1018.5 806 808 -1
808 93.0 -178.0 1018.5 807 809 -1
809 93.0 -177.5 1018.0 808 810 -1
810 93.0 -177.0 1018.0 809 811 -1
811 93.0 -176.5 1018.0 810 812 -1
812 93.0 -176.0 1018.0 811 813 -1
813 93.0 -175.5 1018.0 812 814 -1
814 93.0 -175.0 1018.0 813 815 -1
815 93.5 -174.5 1017.5 814 816 -1
816 93.5 -174.0 1017.5 815 817 -1
817 93.5 -173.5 1017.0 816 818 -1
818 93.5 -173.0 1017.0 817 819 -1
819 93.5 -172.5 1017.0 818 820 -1
820 93.5 -172.0 1017.0 819 821 -1
821 93.0 -171.5 1017.0 820 822 -1
822 92.5 -171.0 1017.5 821 823 -1
823 92.5 -170.5 1017.0 822 824 -1
824 92.5 -170.0 1017.0 823 825 -1
825 92.5 -169.5 1017.0 824 826 -1
826 92.5 -169.0 1016.5 825 827 -1
827 92.5 -168.5 1016.5 826 828 -1
828 92.0 -168.0 1016.5 827 829 -1
829 92.0 -167.5 1016.5 828 830 -1
830 92.0 -167.0 1016.5 829 831 -1
831 91.5 -166.5 1016.5 830 832 -1
832 91.5 -166.0 1016.5 831 833 -1
833 91.0 -165.5 1016.5 832 834 -1
834 91.0 -165.0 1016.5 833 835 -1
835 90.5 -164.5 1016.0 834 836 -1
836 90.5 -164.0 1016.5 835 837 -1
837 90.0 -163.5 1016.0 836 838 -1
838 90.0 -163.0 1016.5 837 839 -1
839 89.5 -162.5 1016.5 838 840 -1
840 89.0 -162.0 1016.0 839 841 -1
841 89.0 -161.5 1016.5 840 842 -1
842 89.0 -161.0 1016.5 841 843 -1
843 88.5 -160.5 1016.5 842 844 -1
844 88.0 -160.0 1016.0 843 845 -1
845 88.0 -159.5 1016.5 844 846 -1
846 87.5 -159.0 1016.5 845 847 -1
847 87.5 -158.5 1017.0 846 848 -1
848 87.0 -158.0 1017.0 847 849 -1
849 86.5 -157.5 1016.5 848 850 -1
850 86.5 -157.0 1017.0 849 851 -1
851 86.5 -156.5 1017.5 850 852 -1
852 86.0 -156.0 1017.5 851 853 -1
853 86.0 -155.5 1017.5 852 854 -1
854 86.0 -155.0 1018.0 853 855 -1
855 85.5 -154.5 1017.5 854 856 -1
856 85.5 -154.0 1018.0 855 857 -1
857 85.0 -153.5 1018.0 856 858 -1
858 84.5 -153.0 1018.0 857 859 -1
859 85.0 -152.5 1018.5 858 860 -1
860 84.5 -152.0 1018.5 859 861 -1
861 84.5 -151.5 1018.5 860 862 -1
862 84.0 -151.0 1018.5 861 863 -1
863 84.0 -150.5 1018.5 862 864 -1
864 84.0 -150.0 1019.0 863 865 -1
865 84.0 -149.5 1019.0 864 866 -1
866 84.0 -149.0 1019.0 865 867 -1
867 83.5 -148.5 1019.0 866 868 -1
868 83.5 -148.0 1019.0 867 869 -1
869 83.0 -147.5 1019.0 868 870 -1
870 83.5 -147.0 1019.5 869 871 -1
871 83.0 -146.5 1019.5 870 872 -1
872 82.5 -146.0 1019.0 871 873 -1
873 82.5 -145.5 1019.5 872 874 -1
874 83.0 -145.0 1020.0 873 875 -1
875 82.5 -144.5 1020.0 874 876 -1
876 82.0 -144.0 1019.5 875 877 -1
877 82.5 -143.5 1020.0 876 878 -1
878 82.5 -143.0 1020.0 877 879 -1
879 82.0 -142.5 1019.5 878 880 -1
880 82.0 -142.0 1020.0 879 881 -1
881 82.0 -141.5 1020.0 880 882 -1
882 81.5 -141.0 1020.0 881 883 -1
883 81.0 -140.5 1020.0 882 884 -1
884 81.0 -140.0 1020.0 883 885 -1
885 81.0 -139.5 1020.5 884 886 -1
886 80.5 -139.0 1020.5 885 887 -1
887 80.5 -138.5 1020.5 886 888 -1
888 80.5 -138.0 1021.0 887 889 -1
889 80.0 -137.5 1021.5 888 890 -1
890 79.5 -137.0 1021.5 889 -1 -1
