0 -13.0 -173.5 1396.0 -1 1 -1
1 -13.5 -173.5 1396.5 0 2 -1
2 -13.5 -173.5 1397.0 1 3 -1
3 -13.5 -174.0 1397.5 2 4 -1
4 -13.5 -174.0 1398.0 3 5 -1
5 -14.0 -173.5 1398.5 4 6 -1
6 -14.0 -173.5 1399.0 5 7 -1
7 -14.0 -173.5 1399.5 6 8 -1
8 -14.5 -173.5 1400.0 7 9 -1
9 -14.5 -174.0 1400.5 8 10 -1
10 -14.5 -174.0 1401.0 9 11 -1
11 -15.0 -173.5 1401.5 10 12 -1
12 -14.5 -174.0 1402.0 11 13 -1
13 -14.5 -174.0 1402.5 12 14 -1
14 -15.0 -173.5 1403.0 13 15 -1
15 -15.0 -173.5 1403.5 14 16 -1
16 -14.5 -174.0 1404.0 15 17 -1
17 -14.5 -174.0 1404.5 16 18 -1
18 -14.5 -174.0 1405.0 17 19 -1
19 -14.5 -173.5 1405.5 18 20 -1
20 -15.0 -173.5 1406.0 19 21 -1
21 -14.5 -173.5 1406.5 20 22 -1
22 -15.0 -173.0 1407.0 21 23 -1
23 -15.0 -173.0 1407.5 22 24 -1
24 -15.0 -173.0 1408.0 23 25 -1
25 -15.0 -173.0 1408.5 24 26 -1
26 -15.0 -172.5 1409.0 25 27 -1
27 -14.5 -172.5 1409.5 26 28 -1
28 -15.0 -172.0 1410.0 27 29 -1
29 -14.5 -172.5 1410.5 28 30 -1
30 -14.0 -172.0 1411.0 29 31 -1
31 -14.5 -171.5 1411.5 30 32 -1
32 -14.0 -171.5 1412.0 31 33 -1
33 -14.0 -171.0 1412.5 32 34 -1
34 -14.0 -170.5 1413.0 33 35 -1
35 -14.0 -170.5 1413.5 34 36 -1
36 -13.5 -170.0 1414.0 35 37 -1
37 -13.5 -170.0 1414.5 36 38 -1
38 -13.5 -169.5 1415.0 37 39 -1
39 -13.5 -169.0 1415.5 38 40 -1
40 -13.0 -168.5 1416.0 39 41 -1
41 -13.5 -168.0 1416.5 40 42 -1
42 -13.5 -167.5 1417.0 41 43 -1
43 -13.5 -167.5 1417.5 42 44 -1
44 -13.5 -167.5 1418.0 43 45 -1
45 -13.5 -167.5 1418.5 44 46 -1
46 -13.0 -167.0 1419.0 45 47 -1
47 -13.0 -167.0 1419.5 46 48 -1
48 -12.5 -167.0 1420.0 47 49 -1
49 -12.5 -166.5 1420.5 48 50 -1
50 -12.5 -166.5 1421.0 49 51 -1
51 -12.5 -166.0 1421.5 50 52 -1
52 -12.5 -166.0 1422.0 51 53 -1
53 -12.5 -166.0 1422.5 52 54 -1
54 -12.0 -165.5 1423.0 53 55 -1
55 -12.0 -165.5 1423.5 54 56 -1
56 -12.0 -165.5 1424.0 55 57 -1
57 -12.0 -165.0 1424.5 56 58 -1
58 -12.0 -165.0 1425.0 57 59 -1
59 -12.0 -165.0 1425.5 58 60 -1
60 -11.5 -165.0 1426.0 59 61 -1
61 -11.5 -165.0 1426.5 60 62 -1
62 -11.5 -165.0 1427.0 61 63 -1
63 -11.5 -165.0 1427.5 62 64 -1
64 -11.5 -165.0 1428.0 63 65 -1
65 -11.5 -165.0 1428.5 64 66 -1
66 -11.0 -164.5 1429.0 65 67 -1
67 -11.0 -164.0 1429.5 66 68 -1
68 -11.0 -164.0 1430.0 67 69 -1
69 -11.0 -164.0 1430.5 68 70 -1
70 -11.0 -164.0 1431.0 69 71 -1
71 -11.0 -163.5 1431.5 70 72 -1
72 -11.0 -163.5 1432.0 71 73 -1
73 -11.0 -163.5 1432.5 72 74 -1
74 -11.0 -163.5 1433.0 73 75 -1
75 -10.5 -163.0 1433.5 74 76 -1
76 -11.0 -163.0 1434.0 75 77 -1
77 -11.5 -163.0 1434.5 76 78 -1
78 -11.0 -163.0 1435.0 77 79 -1
79 -11.5 -162.5 1435.5 78 80 -1
80 -11.5 -162.5 1436.0 79 81 -1
81 -11.5 -162.5 1436.5 80 82 -1
82 -11.5 -162.5 1437.0 81 83 -1
83 -11.5 -162.0 1437.5 82 84 -1
84 -11.5 -162.0 1438.0 83 85 -1
85 -11.5 -162.0 1438.5 84 86 -1
86 -11.5 -162.0 1439.0 85 87 -1
87 -11.5 -162.0 1439.5 86 88 -1
88 -11.5 -162.0 1440.0 87 89 -1
89 -12.0 -161.5 1440.5 88 90 -1
90 -11.5 -161.5 1441.0 89 91 -1
91 -11.5 -161.5 1441.5 90 92 -1
92 -11.5 -161.5 1442.0 91 93 -1
93 -11.5 -161.5 1442.5 92 94 -1
94 -11.0 -161.5 1443.0 93 95 -1
95 -10.5 -161.0 1443.5 94 96 -1
96 -10.5 -161.0 1444.0 95 97 -1
97 -10.0 -160.5 1444.5 96 98 -1
98 -9.5 -160.5 1445.0 97 99 -1
99 -9.0 -160.0 1445.5 98 100 -1
100 -9.0 -159.5 1446.0 99 101 -1
101 -9.0 -159.0 1446.5 100 102 -1
102 -9.5 -158.5 1447.0 101 103 -1
103 -10.0 -158.0 1447.5 102 104 105
104 -10.0 -157.0 1448.0 103 106 -1
105 -9.0 -157.5 1448.0 103 107 -1
106 -9.5 -156.5 1448.5 104 108 -1
107 -8.5 -157.5 1447.5 105 109 -1
108 -10.0 -156.0 1449.0 106 110 -1
109 -8.0 -157.5 1447.5 107 111 -1
110 -10.0 -155.5 1449.0 108 112 -1
111 -7.5 -157.5 1447.0 109 113 -1
112 -9.5 -155.0 1449.0 110 114 -1
113 -7.0 -157.5 1447.0 111 115 -1
114 -9.5 -154.5 1449.5 112 116 -1
115 -6.5 -157.5 1447.0 113 117 -1
116 -10.0 -154.0 1450.0 114 118 -1
117 -6.0 -157.5 1446.5 115 119 -1
118 -10.5 -153.5 1450.5 116 120 -1
119 -5.5 -157.5 1446.5 117 121 -1
120 -10.5 -153.0 1451.0 118 122 -1
121 -5.0 -157.5 1446.0 119 123 -1
122 -10.5 -152.5 1451.0 120 124 -1
123 -4.5 -157.5 1446.0 121 125 -1
124 -10.5 -152.0 1451.5 122 126 -1
125 -4.0 -158.0 1445.5 123 127 -1
126 -11.0 -151.5 1452.0 124 128 -1
127 -3.5 -158.0 1445.0 125 129 -1
128 -11.0 -151.0 1452.0 126 130 -1
129 -3.0 -158.0 1445.0 127 131 -1
130 -11.5 -150.5 1452.5 128 132 -1
131 -2.5 -157.5 1445.0 129 133 -1
132 -12.0 -150.0 1453.0 130 134 -1
133 -2.0 -158.0 1444.5 131 135 -1
134 -12.0 -149.5 1453.0 132 136 -1
135 -1.5 -158.0 1445.0 133 137 -1
136 -12.0 -149.0 1453.5 134 138 -1
137 -1.0 -158.0 1445.0 135 139 -1
138 -12.0 -148.5 1453.5 136 140 -1
139 -0.5 -158.0 1445.0 137 141 -1
140 -12.5 -148.0 1454.0 138 142 -1
141 0.0 -158.0 1445.0 139 143 -1
142 -12.5 -147.5 1454.0 140 144 -1
143 0.5 -158.0 1445.0 141 145 -1
144 -13.0 -147.0 1454.5 142 146 -1
145 1.0 -158.0 1445.0 143 147 -1
146 -13.5 -146.5 1455.0 144 148 -1
147 1.5 -158.0 1445.0 145 149 -1
148 -13.5 -146.5 1455.5 146 150 -1
149 2.0 -158.0 1445.0 147 151 -1
150 -14.0 -146.0 1456.0 148 152 -1
151 2.5 -158.0 1445.0 149 153 -1
152 -14.0 -145.5 1456.0 150 154 -1
153 3.0 -158.0 1445.0 151 155 -1
154 -14.5 -145.0 1456.5 152 156 157
155 3.5 -158.0 1445.0 153 158 -1
156 -15.0 -145.0 1456.0 154 159 -1
157 -14.5 -145.0 1457.0 154 160 -1
158 4.0 -158.5 1445.0 155 161 -1
159 -15.5 -144.5 1455.5 156 162 -1
160 -14.0 -144.5 1457.5 157 163 -1
161 4.5 -158.5 1445.0 158 164 -1
162 -16.0 -144.5 1455.5 159 165 -1
163 -14.0 -144.0 1458.0 160 166 -1
164 5.0 -158.5 1445.0 161 167 -1
165 -16.5 -144.0 1455.0 162 168 -1
166 -14.5 -144.0 1458.5 163 169 -1
167 5.5 -158.5 1445.0 164 170 -1
168 -17.0 -144.0 1455.0 165 171 -1
169 -14.0 -143.5 1459.0 166 172 -1
170 6.0 -158.5 1445.0 167 173 -1
171 -17.5 -144.0 1455.0 168 174 -1
172 -14.0 -143.5 1459.5 169 175 -1
173 6.5 -158.5 1445.0 170 176 -1
174 -18.0 -144.0 1455.0 171 177 -1
175 -13.5 -143.0 1460.0 172 178 -1
176 7.0 -158.5 1445.0 173 179 -1
177 -18.5 -144.5 1455.5 174 180 -1
178 -13.5 -142.5 1460.5 175 181 -1
179 7.5 -158.5 1445.0 176 182 -1
180 -19.0 -144.5 1456.0 177 183 -1
181 -13.0 -142.5 1461.0 178 184 -1
182 8.0 -158.0 1445.0 179 185 -1
183 -19.5 -144.5 1456.0 180 186 -1
184 -13.0 -142.0 1461.5 181 187 -1
185 8.5 -158.0 1445.0 182 188 -1
186 -20.0 -144.5 1456.0 183 189 -1
187 -13.0 -142.0 1462.0 184 190 -1
188 9.0 -158.0 1445.5 185 191 -1
189 -20.5 -144.5 1456.5 186 192 -1
190 -13.0 -141.5 1462.5 187 193 -1
191 9.5 -158.0 1445.5 188 194 -1
192 -21.0 -144.5 1456.5 189 195 -1
193 -12.5 -141.5 1463.0 190 196 -1
194 10.0 -158.0 1445.5 191 197 -1
195 -21.5 -144.5 1457.0 192 198 -1
196 -12.0 -141.5 1463.5 193 199 -1
197 10.5 -158.0 1445.5 194 200 -1
198 -22.0 -144.5 1457.0 195 201 -1
199 -12.0 -141.0 1464.0 196 202 -1
200 11.0 -157.5 1445.5 197 203 -1
201 -22.5 -144.5 1457.0 198 204 -1
202 -11.5 -141.0 1464.5 199 205 -1
203 11.5 -157.5 1446.0 200 206 -1
204 -23.0 -144.5 1457.0 201 207 -1
205 -11.0 -140.5 1465.0 202 208 -1
206 12.0 -157.5 1446.0 203 209 -1
207 -23.5 -144.5 1457.0 204 210 -1
208 -11.0 -140.5 1465.5 205 211 -1
209 12.5 -157.0 1446.0 206 212 -1
210 -24.0 -144.5 1457.5 207 213 -1
211 -10.5 -140.0 1466.0 208 214 -1
212 13.0 -157.0 1446.0 209 215 -1
213 -24.5 -144.5 1457.5 210 216 -1
214 -10.5 -140.0 1466.5 211 217 -1
215 13.5 -157.0 1446.5 212 218 -1
216 -25.0 -145.0 1458.0 213 219 -1
217 -10.0 -140.0 1467.0 214 220 -1
218 14.0 -157.0 1446.5 215 221 -1
219 -25.5 -145.0 1458.5 216 222 -1
220 -10.0 -140.0 1467.5 217 223 -1
221 14.5 -156.5 1446.5 218 224 -1
222 -26.0 -145.0 1459.0 219 225 -1
223 -9.5 -140.0 1468.0 220 226 -1
224 15.0 -156.5 1446.5 221 227 -1
225 -26.5 -145.0 1459.5 222 228 -1
226 -9.0 -139.5 1468.5 223 229 -1
227 15.5 -156.5 1447.0 224 230 -1
228 -27.0 -145.0 1460.0 225 231 -1
229 -8.5 -139.5 1469.0 226 232 -1
230 16.0 -156.0 1447.0 227 233 -1
231 -27.0 -145.5 1460.5 228 234 -1
232 -8.0 -139.5 1469.5 229 235 -1
233 16.5 -156.0 1447.5 230 236 -1
234 -27.5 -145.5 1461.0 231 237 -1
235 -8.0 -139.5 1470.0 232 238 -1
236 17.0 -155.5 1447.0 233 239 -1
237 -28.0 -145.5 1461.5 234 240 -1
238 -7.5 -139.5 1470.5 235 241 -1
239 17.5 -155.5 1447.5 236 242 -1
240 -28.5 -145.0 1462.0 237 243 -1
241 -7.0 -139.5 1471.0 238 244 -1
242 18.0 -155.0 1447.5 239 245 -1
243 -28.5 -145.5 1462.5 240 246 -1
244 -7.0 -139.5 1471.5 241 247 -1
245 18.5 -155.0 1448.0 242 248 -1
246 -29.0 -145.0 1463.0 243 249 -1
247 -7.0 -140.0 1472.0 244 250 -1
248 19.0 -154.5 1448.0 245 251 -1
249 -29.5 -145.0 1463.5 246 252 -1
250 -6.5 -140.0 1472.5 247 253 -1
251 19.5 -154.0 1448.5 248 254 -1
252 -29.5 -145.0 1464.0 249 255 -1
253 -6.0 -140.0 1473.0 250 256 -1
254 20.0 -153.5 1448.5 251 257 -1
255 -30.0 -145.0 1464.5 252 258 -1
256 -5.5 -140.0 1473.5 253 259 -1
257 20.5 -153.0 1449.0 254 260 -1
258 -30.5 -144.5 1465.0 255 261 -1
259 -5.5 -140.5 1474.0 256 262 -1
260 21.0 -152.5 1449.5 257 263 -1
261 -31.0 -144.5 1465.5 258 264 -1
262 -5.0 -140.5 1474.5 259 265 -1
263 21.5 -152.5 1449.5 260 266 -1
264 -31.0 -144.5 1466.0 261 267 -1
265 -4.5 -141.0 1475.0 262 268 -1
266 22.0 -152.0 1450.0 263 269 -1
267 -31.0 -144.5 1466.5 264 270 -1
268 -4.0 -141.5 1475.5 265 271 -1
269 22.0 -151.5 1450.0 266 272 -1
270 -31.5 -144.0 1467.0 267 273 -1
271 -4.0 -142.0 1476.0 268 274 -1
272 22.5 -151.0 1450.0 269 275 -1
273 -32.0 -144.0 1467.5 270 276 -1
274 -3.5 -142.5 1476.5 271 277 -1
275 23.0 -151.0 1450.5 272 278 -1
276 -32.0 -144.0 1468.0 273 279 -1
277 -3.5 -143.0 1477.0 274 280 -1
278 23.5 -150.5 1450.5 275 281 -1
279 -32.5 -143.5 1468.5 276 282 -1
280 -3.5 -143.5 1477.0 277 283 -1
281 23.5 -150.0 1450.5 278 284 -1
282 -33.0 -143.5 1468.5 279 285 -1
283 -3.0 -144.0 1476.5 280 286 -1
284 24.0 -149.5 1451.0 281 287 -1
285 -33.5 -143.0 1469.0 282 288 -1
286 -3.0 -144.5 1477.0 283 289 -1
287 24.5 -149.0 1451.0 284 290 -1
288 -34.0 -143.0 1469.5 285 291 -1
289 -3.0 -145.0 1477.5 286 292 -1
290 25.0 -148.5 1451.0 287 293 -1
291 -34.5 -142.5 1470.0 288 294 -1
292 -2.5 -145.5 1477.5 289 295 -1
293 25.5 -148.0 1451.0 290 296 -1
294 -35.0 -142.5 1470.5 291 297 -1
295 -2.5 -146.0 1477.0 292 298 -1
296 26.0 -147.5 1451.5 293 299 -1
297 -35.0 -142.5 1471.0 294 300 -1
298 -2.5 -146.5 1476.5 295 301 -1
299 26.5 -147.0 1451.5 296 302 -1
300 -35.5 -142.5 1471.5 297 303 -1
301 -2.0 -147.0 1476.5 298 304 -1
302 26.5 -146.5 1452.0 299 305 -1
303 -36.0 -142.5 1472.0 300 306 -1
304 -1.5 -147.5 1476.0 301 307 -1
305 27.0 -146.0 1452.0 302 308 -1
306 -36.5 -142.5 1472.5 303 309 -1
307 -1.0 -147.5 1476.0 304 310 -1
308 27.5 -145.5 1452.0 305 311 -1
309 -37.0 -142.5 1473.0 306 312 -1
310 -0.5 -148.0 1475.5 307 313 -1
311 28.0 -145.0 1452.5 308 314 -1
312 -37.5 -142.0 1473.5 309 315 -1
313 0.0 -148.5 1475.5 310 316 -1
314 28.0 -144.5 1452.5 311 317 -1
315 -38.0 -142.0 1474.0 312 318 -1
316 0.5 -149.0 1475.0 313 319 -1
317 28.5 -144.0 1452.5 314 320 -1
318 -38.5 -142.0 1474.5 315 321 322
319 1.0 -149.0 1474.5 316 323 -1
320 29.0 -143.5 1452.5 317 324 -1
321 -39.0 -141.5 1474.5 318 325 -1
322 -38.5 -142.5 1475.0 318 326 -1
323 1.5 -149.0 1474.0 319 327 -1
324 29.0 -143.0 1453.0 320 328 -1
325 -39.5 -141.0 1475.0 321 329 -1
326 -39.0 -142.5 1475.5 322 330 -1
327 2.0 -149.5 1474.0 323 331 -1
328 29.5 -142.5 1452.5 324 332 -1
329 -40.0 -140.5 1475.5 325 333 -1
330 -39.5 -142.5 1476.0 326 334 -1
331 2.5 -149.5 1473.5 327 335 -1
332 29.5 -142.0 1452.5 328 336 -1
333 -40.5 -140.0 1475.5 329 337 -1
334 -39.5 -143.0 1476.5 330 338 -1
335 3.0 -149.0 1473.0 331 339 -1
336 30.0 -141.5 1452.5 332 340 -1
337 -41.0 -140.0 1476.0 333 341 -1
338 -40.0 -143.0 1477.0 334 342 -1
339 3.5 -148.5 1472.5 335 343 -1
340 30.5 -141.0 1452.5 336 344 -1
341 -41.5 -139.5 1476.0 337 345 -1
342 -40.0 -143.0 1477.5 338 346 -1
343 4.0 -148.5 1472.0 339 347 -1
344 30.5 -140.5 1453.0 340 348 -1
345 -42.0 -139.0 1476.5 341 349 -1
346 -40.0 -143.5 1478.0 342 350 -1
347 4.5 -148.5 1472.0 343 351 -1
348 31.0 -140.0 1453.0 344 352 -1
349 -42.5 -138.5 1476.5 345 353 -1
350 -40.0 -143.5 1478.5 346 354 -1
351 5.0 -149.0 1472.0 347 355 -1
352 31.0 -139.5 1453.5 348 356 -1
353 -43.0 -138.5 1476.5 349 357 -1
354 -40.0 -144.0 1479.0 350 358 -1
355 5.5 -148.5 1471.5 351 359 -1
356 31.5 -139.0 1453.5 352 360 -1
357 -43.5 -138.5 1477.0 353 361 -1
358 -40.0 -144.0 1479.5 354 362 -1
359 6.0 -148.0 1471.5 355 363 -1
360 31.5 -138.5 1453.5 356 364 -1
361 -44.0 -138.0 1477.0 357 365 -1
362 -40.5 -144.0 1480.0 358 366 -1
363 6.5 -148.0 1471.0 359 367 -1
364 32.0 -138.0 1453.5 360 368 -1
365 -44.5 -137.5 1477.5 361 369 -1
366 -40.5 -144.0 1480.5 362 370 -1
367 7.0 -147.5 1471.0 363 371 -1
368 32.0 -137.5 1453.5 364 372 -1
369 -45.0 -137.5 1477.5 365 373 -1
370 -40.5 -144.0 1481.0 366 374 -1
371 7.5 -147.5 1470.5 367 375 -1
372 32.5 -137.0 1453.5 368 376 -1
373 -45.5 -137.0 1478.0 369 377 -1
374 -40.5 -144.0 1481.5 370 378 -1
375 8.0 -147.0 1470.5 371 379 -1
376 32.5 -136.5 1453.5 372 380 -1
377 -46.0 -137.0 1478.0 373 381 -1
378 -40.5 -144.5 1482.0 374 382 -1
379 8.5 -146.5 1470.5 375 383 -1
380 32.5 -136.0 1453.5 376 384 -1
381 -46.5 -136.5 1478.5 377 385 -1
382 -40.5 -144.5 1482.5 378 386 -1
383 9.0 -146.5 1470.0 379 387 -1
384 33.0 -135.5 1453.5 380 388 -1
385 -47.0 -136.0 1478.5 381 389 -1
386 -40.5 -144.5 1483.0 382 390 -1
387 9.5 -146.0 1470.0 383 391 -1
388 33.0 -135.0 1453.5 384 392 -1
389 -47.5 -135.5 1479.0 385 393 -1
390 -41.0 -144.5 1483.5 386 394 -1
391 10.0 -145.5 1470.5 387 395 -1
392 33.5 -134.5 1453.5 388 396 -1
393 -48.0 -135.0 1479.0 389 397 -1
394 -41.0 -144.5 1484.0 390 398 -1
395 10.5 -145.0 1470.5 391 399 -1
396 34.0 -134.0 1453.0 392 400 -1
397 -48.5 -134.5 1479.5 393 401 -1
398 -41.0 -144.5 1484.5 394 402 -1
399 11.0 -145.0 1470.5 395 403 -1
400 34.0 -133.5 1453.0 396 404 -1
401 -49.0 -134.5 1479.0 397 405 -1
402 -41.0 -144.5 1485.0 398 406 -1
403 11.5 -144.5 1470.5 399 407 -1
404 34.0 -133.0 1453.0 400 408 -1
405 -49.5 -134.0 1479.5 401 -1 -1
406 -41.0 -144.5 1485.5 402 409 -1
407 12.0 -144.0 1470.5 403 410 -1
408 34.5 -132.5 1453.0 404 411 -1
409 -41.5 -144.5 1486.0 406 412 -1
410 12.5 -143.5 1471.0 407 413 -1
411 35.0 -132.0 1453.0 408 414 -1
412 -41.5 -144.5 1486.5 409 415 -1
413 13.0 -143.5 1470.5 410 416 -1
414 35.0 -131.5 1452.5 411 417 -1
415 -41.5 -144.5 1487.0 412 418 -1
416 13.5 -143.5 1471.0 413 419 -1
417 35.5 -131.0 1452.5 414 420 -1
418 -41.5 -145.0 1487.5 415 421 -1
419 14.0 -143.5 1471.0 416 422 -1
420 35.5 -130.5 1452.5 417 423 -1
421 -41.5 -145.0 1488.0 418 424 -1
422 14.5 -143.0 1471.5 419 425 -1
423 36.0 -130.0 1452.5 420 426 -1
424 -41.5 -145.0 1488.5 421 427 -1
425 15.0 -142.5 1472.0 422 428 -1
426 36.5 -129.5 1452.0 423 429 -1
427 -41.5 -145.0 1489.0 424 430 -1
428 15.5 -142.0 1471.5 425 431 -1
429 37.0 -129.0 1452.0 426 432 -1
430 -41.5 -145.0 1489.5 427 433 -1
431 16.0 -142.0 1472.0 428 434 -1
432 37.0 -128.5 1452.0 429 435 -1
433 -42.0 -145.5 1490.0 430 436 -1
434 16.5 -141.5 1472.0 431 437 -1
435 37.5 -128.0 1451.5 432 438 -1
436 -42.0 -145.5 1490.5 433 439 -1
437 17.0 -141.5 1472.5 434 440 -1
438 38.0 -127.5 1451.0 435 441 -1
439 -42.0 -145.5 1491.0 436 442 -1
440 17.5 -141.5 1472.5 437 443 -1
441 38.5 -127.0 1450.5 438 444 -1
442 -42.0 -146.0 1491.5 439 445 -1
443 18.0 -141.5 1473.0 440 446 -1
444 39.0 -127.0 1450.5 441 447 -1
445 -42.0 -146.0 1492.0 442 448 -1
446 18.0 -142.0 1473.5 443 449 -1
447 39.5 -126.5 1450.0 444 450 -1
448 -42.0 -146.5 1492.5 445 451 -1
449 18.5 -142.5 1474.0 446 452 -1
450 40.0 -126.0 1449.5 447 453 -1
451 -42.0 -146.5 1493.0 448 454 -1
452 19.0 -142.5 1474.0 449 455 -1
453 40.5 -126.0 1449.0 450 456 -1
454 -42.0 -147.0 1493.5 451 457 -1
455 19.5 -142.0 1474.0 452 458 -1
456 41.0 -125.5 1449.0 453 459 -1
457 -42.0 -147.0 1494.0 454 460 -1
458 20.0 -142.5 1474.5 455 461 -1
459 41.5 -125.5 1448.5 456 462 -1
460 -42.0 -147.5 1494.5 457 463 -1
461 20.5 -142.5 1474.5 458 464 -1
462 42.0 -125.0 1448.5 459 465 -1
463 -42.0 -147.5 1495.0 460 466 -1
464 21.0 -143.0 1475.0 461 467 -1
465 42.5 -124.5 1448.5 462 468 -1
466 -42.0 -148.0 1495.5 463 469 -1
467 21.0 -143.5 1475.5 464 470 -1
468 43.0 -124.0 1448.5 465 471 -1
469 -42.0 -148.0 1496.0 466 472 -1
470 21.0 -144.0 1476.0 467 473 -1
471 43.5 -124.0 1448.0 468 474 -1
472 -42.0 -148.5 1496.5 469 475 -1
473 20.5 -144.5 1476.5 470 476 -1
474 44.0 -123.5 1448.0 471 477 -1
475 -42.0 -149.0 1497.0 472 -1 -1
476 20.5 -145.0 1476.5 473 478 -1
477 44.5 -123.5 1447.5 474 479 -1
478 20.5 -145.5 1477.0 476 480 -1
479 45.0 -123.5 1447.5 477 481 -1
480 20.5 -146.0 1477.0 478 482 -1
481 45.5 -123.5 1447.0 479 483 -1
482 20.5 -146.5 1477.5 480 484 -1
483 46.0 -123.5 1447.0 481 485 -1
484 20.0 -147.0 1477.5 482 486 -1
485 46.5 -123.5 1446.5 483 487 -1
486 20.0 -147.5 1477.5 484 488 -1
487 47.0 -123.5 1446.5 485 489 -1
488 19.5 -148.0 1477.5 486 490 -1
489 47.5 -123.0 1446.0 487 491 -1
490 19.0 -148.5 1477.5 488 492 -1
491 48.0 -123.5 1446.0 489 493 -1
492 19.0 -149.0 1477.5 490 494 -1
493 48.5 -123.0 1445.5 491 495 -1
494 18.5 -149.5 1478.0 492 496 -1
495 49.0 -123.0 1445.5 493 497 -1
496 18.0 -150.0 1478.0 494 498 -1
497 49.5 -123.0 1445.5 495 499 -1
498 17.5 -150.5 1478.0 496 500 -1
499 50.0 -123.0 1445.5 497 501 -1
500 17.0 -151.0 1478.0 498 502 -1
501 50.5 -123.0 1445.5 499 503 -1
502 17.0 -151.5 1478.0 500 504 -1
503 51.0 -123.0 1445.0 501 505 -1
504 16.5 -152.0 1478.0 502 506 -1
505 51.5 -123.0 1445.0 503 507 -1
506 16.5 -152.5 1477.5 504 508 -1
507 52.0 -123.5 1445.0 505 509 -1
508 16.5 -153.0 1477.5 506 510 -1
509 52.5 -123.0 1444.5 507 511 -1
510 16.0 -153.5 1478.0 508 512 -1
511 53.0 -123.0 1444.5 509 513 -1
512 16.0 -154.0 1477.5 510 514 -1
513 53.5 -123.5 1444.5 511 515 -1
514 16.0 -154.5 1477.5 512 516 -1
515 54.0 -123.0 1444.0 513 517 -1
516 15.5 -155.0 1478.0 514 518 -1
517 54.5 -123.5 1444.0 515 519 -1
518 15.5 -155.5 1478.0 516 520 -1
519 55.0 -123.5 1444.0 517 521 -1
520 15.5 -156.0 1478.0 518 522 -1
521 55.5 -123.5 1444.0 519 523 -1
522 15.5 -156.5 1478.0 520 524 -1
523 56.0 -123.5 1444.0 521 525 -1
524 15.5 -157.0 1478.5 522 526 -1
525 56.5 -123.5 1444.0 523 527 -1
526 15.5 -157.5 1478.5 524 528 -1
527 57.0 -123.5 1443.5 525 529 -1
528 15.5 -158.0 1478.5 526 530 -1
529 57.5 -123.5 1443.5 527 531 -1
530 15.5 -158.5 1478.5 528 532 -1
531 58.0 -123.5 1443.5 529 533 -1
532 15.0 -159.0 1478.5 530 534 -1
533 58.5 -123.5 1443.5 531 535 -1
534 14.5 -159.5 1479.0 532 536 -1
535 59.0 -123.5 1443.5 533 537 -1
536 14.0 -160.0 1479.5 534 538 -1
537 59.5 -123.5 1443.5 535 539 -1
538 13.5 -160.5 1480.0 536 540 -1
539 60.0 -123.5 1443.5 537 541 -1
540 13.0 -161.0 1480.5 538 542 -1
541 60.5 -123.5 1443.5 539 543 -1
542 12.5 -161.5 1481.0 540 544 -1
543 61.0 -123.5 1443.5 541 545 -1
544 12.5 -162.0 1481.5 542 546 -1
545 61.5 -123.5 1443.5 543 547 -1
546 12.0 -162.5 1482.0 544 548 -1
547 62.0 -123.5 1443.5 545 549 -1
548 12.0 -163.0 1482.5 546 550 -1
549 62.5 -123.5 1443.5 547 551 -1
550 12.0 -163.5 1483.0 548 552 -1
551 63.0 -123.5 1443.5 549 553 -1
552 12.5 -164.0 1483.5 550 554 -1
553 63.5 -123.5 1443.5 551 555 -1
554 12.5 -164.5 1484.0 552 556 -1
555 64.0 -123.5 1443.5 553 557 -1
556 12.5 -164.5 1484.5 554 558 -1
557 64.5 -123.5 1443.5 555 559 -1
558 12.5 -164.5 1485.0 556 560 -1
559 65.0 -123.5 1443.5 557 561 -1
560 13.0 -165.0 1485.5 558 562 -1
561 65.5 -123.5 1443.5 559 563 -1
562 13.0 -165.0 1486.0 560 564 -1
563 66.0 -123.5 1443.5 561 565 -1
564 13.0 -165.0 1486.5 562 566 -1
565 66.5 -123.5 1443.5 563 567 -1
566 13.5 -165.0 1487.0 564 568 -1
567 67.0 -123.5 1443.5 565 569 -1
568 13.5 -165.5 1487.5 566 570 -1
569 67.5 -123.5 1443.5 567 571 -1
570 14.0 -165.5 1488.0 568 572 -1
571 68.0 -123.5 1443.5 569 573 -1
572 14.0 -165.5 1488.5 570 574 -1
573 68.5 -123.5 1443.0 571 575 -1
574 14.5 -165.5 1489.0 572 576 -1
575 69.0 -123.5 1443.0 573 577 -1
576 14.5 -165.0 1489.5 574 578 -1
577 69.5 -123.5 1442.5 575 579 -1
578 15.0 -165.5 1490.0 576 580 -1
579 70.0 -123.5 1442.0 577 581 -1
580 15.0 -165.0 1490.5 578 582 -1
581 70.5 -123.5 1442.0 579 583 -1
582 15.5 -165.0 1491.0 580 584 -1
583 71.0 -123.5 1441.5 581 585 -1
584 15.5 -165.0 1491.5 582 586 -1
585 71.5 -123.5 1441.0 583 -1 -1
586 16.0 -165.0 1492.0 584 587 -1
587 16.0 -165.0 1492.5 586 588 -1
588 16.0 -165.0 1493.0 587 589 -1
589 16.0 -164.5 1493.5 588 590 -1
590 16.0 -164.5 1494.0 589 591 -1
591 16.0 -164.5 1494.5 590 592 -1
592 16.0 -164.5 1495.0 591 593 -1
593 16.0 -164.5 1495.5 592 594 -1
594 16.0 -164.5 1496.0 593 595 -1
595 16.0 -164.5 1496.5 594 596 -1
596 16.0 -164.5 1497.0 595 597 -1
597 16.0 -164.0 1497.5 596 598 -1
598 16.0 -164.0 1498.0 597 599 -1
599 16.0 -164.0 1498.5 598 600 -1
600 15.5 -164.0 1499.0 599 601 -1
601 15.5 -164.0 1499.5 600 602 -1
602 15.0 -164.0 1500.0 601 603 -1
603 14.5 -164.5 1500.0 602 604 -1
604 14.0 -164.5 1500.5 603 605 -1
605 13.5 -164.5 1500.5 604 606 -1
606 13.0 -164.5 1500.5 605 607 -1
607 12.5 -164.5 1500.5 606 608 -1
608 12.0 -164.5 1501.0 607 609 -1
609 11.5 -165.0 1501.0 608 610 -1
610 11.0 -165.0 1501.0 609 611 -1
611 10.5 -165.0 1500.5 610 612 -1
612 10.0 -165.0 1500.5 611 613 -1
613 9.5 -165.0 1500.0 612 614 -1
614 9.0 -165.0 1499.5 613 615 -1
615 8.5 -165.5 1499.0 614 616 -1
616 8.0 -165.5 1498.5 615 617 -1
617 7.5 -166.0 1498.0 616 618 -1
618 7.0 -166.0 1497.5 617 619 -1
619 7.0 -166.5 1497.0 618 620 -1
620 6.5 -166.5 1496.5 619 621 -1
621 6.5 -166.5 1496.0 620 622 -1
622 6.5 -167.0 1495.5 621 623 -1
623 6.5 -167.0 1495.0 622 624 -1
624 6.0 -167.0 1494.5 623 625 -1
625 6.0 -167.0 1494.0 624 626 -1
626 6.0 -167.0 1493.5 625 627 -1
627 5.5 -167.0 1493.0 626 628 -1
628 5.5 -167.0 1492.5 627 629 -1
629 5.5 -167.0 1492.0 628 630 -1
630 5.0 -167.0 1491.5 629 631 -1
631 5.0 -167.0 1491.0 630 632 -1
632 5.0 -167.0 1490.5 631 633 -1
633 5.0 -167.0 1490.0 632 634 -1
634 5.0 -167.0 1489.5 633 635 -1
635 5.0 -167.0 1489.0 634 636 -1
636 5.0 -167.0 1488.5 635 637 -1
637 5.0 -167.0 1488.0 636 638 -1
638 4.5 -167.0 1487.5 637 639 -1
639 4.5 -167.0 1487.0 638 640 -1
640 4.5 -167.0 1486.5 639 641 -1
641 4.5 -167.0 1486.0 640 642 -1
642 4.0 -166.5 1485.5 641 643 -1
643 4.0 -166.5 1485.0 642 644 -1
644 3.5 -166.0 1484.5 643 645 -1
645 3.0 -166.0 1484.0 644 646 -1
646 2.5 -165.5 1483.5 645 647 -1
647 2.0 -165.5 1483.0 646 648 -1
648 1.5 -165.5 1483.0 647 649 -1
649 1.0 -165.5 1483.0 648 650 -1
650 0.5 -165.0 1483.5 649 651 -1
651 0.0 -165.0 1483.0 650 652 -1
652 -0.5 -164.5 1483.5 651 653 -1
653 -1.0 -164.0 1484.0 652 654 -1
654 -1.0 -163.5 1484.5 653 655 -1
655 -1.5 -163.0 1485.0 654 656 -1
656 -1.5 -162.5 1485.5 655 657 -1
657 -1.5 -162.5 1486.0 656 658 -1
658 -1.5 -162.5 1486.5 657 659 -1
659 -2.0 -162.0 1487.0 658 660 -1
660 -2.0 -161.5 1487.5 659 661 -1
661 -2.0 -161.5 1488.0 660 662 -1
662 -1.5 -161.5 1488.5 661 663 -1
663 -1.5 -161.0 1489.0 662 664 -1
664 -2.0 -160.5 1489.5 663 665 -1
665 -2.0 -160.5 1490.0 664 666 -1
666 -1.5 -160.5 1490.5 665 667 -1
667 -1.5 -160.0 1491.0 666 668 -1
668 -1.5 -160.0 1491.5 667 669 -1
669 -1.0 -159.5 1492.0 668 670 -1
670 -1.0 -159.0 1492.5 669 671 -1
671 -0.5 -158.5 1493.0 670 -1 -1
