0 -44.5 -159.5 -612.5 -1 1 -1
1 -44.5 -159.5 -612.0 0 2 -1
2 -44.5 -159.5 -611.5 1 3 -1
3 -44.5 -159.5 -611.0 2 4 -1
4 -44.0 -159.5 -610.5 3 5 -1
5 -44.0 -159.0 -610.0 4 6 -1
6 -44.0 -159.0 -609.5 5 7 -1
7 -44.0 -159.0 -609.0 6 8 -1
8 -44.0 -159.0 -608.5 7 9 -1
9 -44.0 -159.0 -608.0 8 10 -1
10 -44.0 -158.5 -607.5 9 11 -1
11 -44.0 -158.5 -607.0 10 12 -1
12 -44.0 -158.5 -606.5 11 13 -1
13 -43.5 -158.5 -606.0 12 14 -1
14 -43.5 -158.5 -605.5 13 15 -1
15 -43.5 -158.0 -605.0 14 16 -1
16 -44.0 -157.5 -604.5 15 17 -1
17 -44.0 -157.5 -604.0 16 18 -1
18 -43.5 -157.5 -603.5 17 19 -1
19 -43.5 -157.5 -603.0 18 20 -1
20 -43.5 -157.5 -602.5 19 21 -1
21 -43.5 -157.5 -602.0 20 22 -1
22 -43.5 -157.0 -601.5 21 23 -1
23 -43.5 -157.0 -601.0 22 24 -1
24 -43.5 -157.0 -600.5 23 25 -1
25 -43.5 -157.0 -600.0 24 26 -1
26 -43.5 -157.0 -599.5 25 27 -1
27 -43.5 -157.0 -599.0 26 28 -1
28 -43.5 -157.0 -598.5 27 29 -1
29 -43.5 -157.0 -598.0 28 30 -1
30 -43.5 -157.0 -597.5 29 31 -1
31 -43.5 -157.0 -597.0 30 32 -1
32 -43.5 -157.0 -596.5 31 33 -1
33 -43.5 -157.0 -596.0 32 34 -1
34 -43.5 -157.0 -595.5 33 35 -1
35 -43.5 -157.0 -595.0 34 36 -1
36 -43.5 -157.0 -594.5 35 37 -1
37 -43.5 -157.0 -594.0 36 38 -1
38 -43.5 -157.0 -593.5 37 39 -1
39 -43.5 -157.0 -593.0 38 40 -1
40 -43.5 -157.0 -592.5 39 41 -1
41 -43.5 -157.0 -592.0 40 42 -1
42 -43.5 -157.0 -591.5 41 43 -1
43 -43.5 -157.0 -591.0 42 44 -1
44 -43.5 -157.0 -590.5 43 45 -1
45 -43.5 -157.0 -590.0 44 46 -1
46 -43.5 -157.0 -589.5 45 47 -1
47 -43.5 -157.0 -589.0 46 48 -1
48 -43.5 -157.0 -588.5 47 49 -1
49 -43.5 -157.0 -588.0 48 50 -1
50 -43.5 -157.0 -587.5 49 51 -1
51 -43.5 -157.0 -587.0 50 52 -1
52 -43.5 -157.0 -586.5 51 53 -1
53 -43.5 -157.0 -586.0 52 54 -1
54 -43.0 -157.0 -585.5 53 55 -1
55 -43.5 -156.5 -584.5 54 56 57
56 -44.5 -156.0 -584.0 55 58 -1
57 -40.5 -157.5 -583.5 55 59 -1
58 -44.5 -155.5 -583.5 56 60 -1
59 -40.0 -158.0 -583.5 57 61 -1
60 -44.5 -155.0 -583.5 58 62 -1
61 -39.5 -158.5 -583.0 59 63 -1
62 -44.5 -154.5 -583.0 60 64 -1
63 -39.0 -159.0 -582.5 61 65 -1
64 -44.5 -154.0 -583.0 62 66 -1
65 -39.0 -159.5 -582.5 63 67 -1
66 -45.0 -153.5 -582.5 64 68 -1
67 -39.0 -160.0 -582.5 65 69 -1
68 -45.0 -153.0 -582.0 66 70 -1
69 -39.0 -160.5 -582.5 67 71 -1
70 -45.0 -152.5 -582.0 68 72 -1
71 -38.5 -161.0 -582.0 69 73 -1
72 -45.0 -152.0 -581.5 70 74 -1
73 -38.0 -161.5 -581.5 71 75 -1
74 -45.0 -151.5 -581.5 72 76 -1
75 -37.5 -162.0 -581.5 73 77 -1
76 -44.5 -151.0 -581.5 74 78 -1
77 -37.0 -162.5 -581.5 75 79 -1
78 -44.0 -150.5 -581.0 76 80 -1
79 -36.5 -163.0 -581.0 77 81 -1
80 -43.5 -150.0 -580.5 78 82 -1
81 -36.0 -163.0 -581.0 79 83 -1
82 -43.0 -149.5 -580.0 80 84 -1
83 -35.5 -163.5 -580.5 81 85 -1
84 -43.0 -149.0 -579.5 82 86 -1
85 -35.0 -164.0 -580.5 83 87 -1
86 -43.0 -149.0 -579.0 84 88 -1
87 -34.5 -164.0 -580.5 85 89 -1
88 -42.5 -148.5 -578.5 86 90 -1
89 -34.0 -164.5 -580.0 87 91 -1
90 -42.5 -148.5 -578.0 88 92 -1
91 -33.5 -165.0 -579.5 89 93 -1
92 -42.5 -148.0 -577.5 90 94 -1
93 -32.5 -165.0 -579.5 91 95 -1
94 -43.0 -147.5 -577.0 92 96 -1
95 -32.5 -166.5 -578.0 93 97 -1
96 -43.0 -147.5 -576.5 94 98 -1
97 -32.0 -166.5 -577.5 95 99 -1
98 -43.0 -147.0 -576.0 96 100 -1
99 -31.5 -166.5 -577.5 97 101 -1
100 -43.5 -147.0 -575.5 98 102 -1
101 -31.0 -167.0 -577.0 99 103 -1
102 -43.5 -146.5 -575.0 100 104 -1
103 -30.5 -167.0 -576.5 101 105 -1
104 -44.0 -146.0 -574.5 102 106 -1
105 -30.0 -167.0 -576.5 103 107 -1
106 -44.0 -146.0 -574.0 104 108 -1
107 -29.5 -167.0 -576.0 105 109 -1
108 -44.0 -146.0 -573.5 106 110 -1
109 -29.0 -167.5 -575.5 107 111 -1
110 -44.0 -146.0 -573.0 108 112 -1
111 -28.5 -167.5 -575.0 109 113 -1
112 -44.0 -146.0 -572.5 110 114 -1
113 -28.0 -167.0 -575.5 111 115 -1
114 -44.0 -146.0 -572.0 112 116 -1
115 -27.5 -167.5 -575.0 113 117 -1
116 -44.5 -146.0 -571.5 114 118 -1
117 -27.0 -167.5 -574.5 115 119 -1
118 -45.0 -145.5 -571.0 116 120 -1
119 -26.5 -167.5 -574.5 117 121 -1
120 -44.5 -145.5 -570.5 118 122 -1
121 -26.0 -167.5 -574.5 119 123 -1
122 -45.0 -145.0 -569.5 120 124 -1
123 -25.5 -167.5 -574.5 121 125 -1
124 -45.5 -144.5 -569.0 122 126 -1
125 -25.0 -168.0 -574.0 123 127 -1
126 -45.5 -144.5 -568.5 124 128 -1
127 -24.5 -168.0 -573.5 125 129 -1
128 -45.5 -144.5 -568.0 126 130 -1
129 -24.0 -168.0 -573.0 127 131 -1
130 -45.5 -144.5 -567.5 128 132 -1
131 -23.5 -168.0 -573.0 129 133 -1
132 -46.0 -144.0 -567.0 130 134 -1
133 -23.0 -168.0 -573.0 131 135 -1
134 -46.5 -144.0 -566.5 132 136 -1
135 -22.5 -167.5 -573.0 133 137 -1
136 -46.5 -144.0 -566.0 134 138 -1
137 -22.0 -167.5 -573.0 135 139 -1
138 -46.5 -144.0 -565.5 136 140 -1
139 -21.5 -168.0 -572.5 137 141 -1
140 -46.5 -144.0 -565.0 138 142 -1
141 -21.0 -168.0 -572.5 139 143 -1
142 -47.0 -144.0 -564.5 140 144 -1
143 -20.5 -168.5 -572.0 141 145 -1
144 -47.0 -144.0 -564.0 142 146 -1
145 -20.0 -168.5 -572.0 143 147 -1
146 -47.5 -144.0 -563.5 144 148 -1
147 -19.5 -168.5 -572.0 145 149 -1
148 -47.5 -144.0 -563.0 146 150 -1
149 -19.0 -169.0 -571.5 147 151 -1
150 -47.5 -144.0 -562.5 148 152 -1
151 -18.5 -169.0 -571.0 149 153 -1
152 -47.5 -144.0 -562.0 150 154 -1
153 -18.0 -169.0 -571.0 151 155 -1
154 -48.0 -144.0 -561.5 152 156 -1
155 -17.5 -169.0 -570.5 153 157 -1
156 -48.0 -144.0 -561.0 154 158 -1
157 -17.0 -169.0 -570.5 155 159 -1
158 -48.0 -144.0 -560.5 156 160 -1
159 -16.5 -169.5 -570.0 157 161 -1
160 -48.0 -144.0 -560.0 158 162 -1
161 -16.0 -169.5 -569.5 159 163 -1
162 -48.5 -143.5 -559.5 160 164 -1
163 -15.5 -169.5 -569.0 161 165 -1
164 -49.0 -143.5 -559.0 162 166 -1
165 -15.0 -170.0 -568.5 163 167 -1
166 -49.5 -143.5 -558.5 164 168 -1
167 -14.5 -170.0 -568.0 165 169 -1
168 -50.0 -143.0 -558.0 166 170 -1
169 -14.0 -170.0 -567.5 167 171 -1
170 -50.5 -143.0 -557.5 168 172 -1
171 -13.5 -169.5 -567.5 169 173 -1
172 -51.0 -142.5 -557.0 170 174 -1
173 -13.0 -169.5 -567.0 171 175 -1
174 -51.5 -143.0 -556.5 172 176 -1
175 -12.5 -170.0 -566.5 173 177 -1
176 -52.0 -143.0 -556.0 174 178 -1
177 -11.5 -169.5 -566.0 175 179 -1
178 -52.5 -143.0 -555.5 176 180 -1
179 -11.0 -169.5 -566.0 177 181 -1
180 -53.0 -143.0 -555.0 178 182 -1
181 -10.5 -169.5 -566.0 179 183 -1
182 -53.5 -143.5 -554.5 180 184 -1
183 -10.0 -169.5 -565.5 181 185 -1
184 -53.5 -143.5 -554.0 182 186 -1
185 -9.5 -169.5 -565.0 183 187 -1
186 -54.0 -143.5 -553.5 184 188 -1
187 -9.0 -169.5 -564.5 185 189 -1
188 -54.5 -143.0 -553.0 186 190 -1
189 -8.5 -169.0 -564.0 187 191 -1
190 -55.5 -143.0 -552.5 188 192 -1
191 -8.0 -169.0 -563.5 189 193 -1
192 -56.0 -142.5 -552.0 190 194 -1
193 -7.0 -168.5 -563.0 191 195 -1
194 -56.5 -142.5 -551.5 192 196 -1
195 -6.5 -168.5 -562.5 193 197 -1
196 -56.5 -143.0 -551.0 194 198 -1
197 -6.0 -168.5 -562.0 195 199 -1
198 -57.0 -142.5 -550.5 196 200 -1
199 -5.5 -168.0 -561.5 197 201 -1
200 -57.0 -143.0 -550.0 198 202 -1
201 -5.0 -167.5 -561.5 199 203 -1
202 -57.5 -143.0 -549.5 200 204 -1
203 -4.5 -167.5 -561.0 201 205 -1
204 -58.0 -142.5 -549.0 202 206 -1
205 -4.0 -167.0 -560.5 203 207 -1
206 -58.5 -142.5 -548.5 204 208 -1
207 -3.5 -166.5 -560.5 205 209 -1
208 -58.5 -143.0 -548.0 206 210 -1
209 -3.0 -166.0 -560.5 207 211 -1
210 -59.0 -143.0 -547.5 208 212 -1
211 -2.5 -166.0 -560.0 209 213 -1
212 -59.0 -143.5 -547.0 210 214 -1
213 -2.0 -165.5 -559.5 211 215 -1
214 -59.5 -143.5 -546.5 212 216 -1
215 -1.5 -165.5 -559.0 213 217 -1
216 -60.0 -143.5 -546.0 214 218 -1
217 -1.0 -165.0 -558.5 215 219 -1
218 -60.0 -144.0 -545.5 216 220 -1
219 -0.5 -165.0 -558.0 217 221 -1
220 -63.5 -141.5 -544.0 218 222 -1
221 0.0 -164.5 -557.5 219 223 -1
222 -64.0 -142.0 -543.5 220 224 -1
223 0.5 -164.0 -557.0 221 225 -1
224 -64.5 -142.0 -543.0 222 226 -1
225 1.0 -163.5 -556.5 223 227 -1
226 -65.0 -142.5 -542.5 224 228 -1
227 1.5 -163.5 -556.0 225 229 -1
228 -65.0 -143.0 -542.0 226 230 -1
229 2.0 -163.0 -555.5 227 231 -1
230 -65.5 -143.0 -541.5 228 232 -1
231 2.5 -162.5 -556.0 229 233 -1
232 -66.0 -143.5 -541.0 230 234 -1
233 3.0 -162.0 -555.5 231 235 -1
234 -66.5 -144.0 -540.5 232 236 -1
235 3.0 -161.5 -555.0 233 237 -1
236 -67.0 -144.0 -540.5 234 238 -1
237 3.5 -161.0 -555.0 235 239 -1
238 -67.5 -144.5 -540.0 236 240 -1
239 4.0 -160.5 -555.0 237 241 -1
240 -68.0 -144.5 -540.0 238 242 -1
241 4.0 -160.0 -554.5 239 243 -1
242 -68.5 -145.0 -540.0 240 244 -1
243 4.0 -159.5 -554.5 241 245 -1
244 -69.0 -145.0 -539.5 242 246 -1
245 4.5 -159.0 -554.0 243 247 -1
246 -69.5 -145.0 -539.5 244 248 -1
247 4.5 -158.5 -553.5 245 249 -1
248 -70.0 -145.5 -539.5 246 250 -1
249 4.5 -158.0 -553.0 247 251 -1
250 -70.5 -145.5 -539.5 248 252 -1
251 5.0 -157.5 -553.0 249 253 -1
252 -71.0 -145.5 -539.5 250 254 -1
253 5.0 -157.0 -552.5 251 255 -1
254 -72.0 -145.5 -539.5 252 256 -1
255 5.5 -156.5 -552.5 253 257 -1
256 -72.5 -146.0 -539.0 254 258 -1
257 5.5 -156.0 -552.5 255 259 -1
258 -73.0 -146.0 -538.5 256 260 -1
259 5.5 -155.5 -552.0 257 261 -1
260 -73.0 -146.0 -538.0 258 262 -1
261 6.0 -155.0 -552.0 259 263 -1
262 -73.5 -145.5 -537.5 260 264 -1
263 6.0 -154.5 -551.5 261 265 -1
264 -74.0 -146.0 -537.0 262 266 -1
265 6.5 -154.0 -551.5 263 267 -1
266 -74.5 -146.0 -536.5 264 268 -1
267 6.5 -153.5 -551.0 265 269 -1
268 -74.5 -146.0 -536.0 266 270 -1
269 7.0 -153.0 -551.0 267 271 -1
270 -75.0 -146.0 -535.5 268 272 -1
271 7.0 -152.5 -550.5 269 273 -1
272 -75.0 -146.0 -535.0 270 274 -1
273 7.0 -152.0 -550.0 271 275 -1
274 -75.0 -146.0 -534.5 272 276 -1
275 7.5 -151.5 -550.0 273 277 -1
276 -75.5 -146.0 -534.0 274 278 -1
277 7.0 -151.0 -549.5 275 279 -1
278 -75.0 -146.5 -533.5 276 280 -1
279 7.5 -150.5 -549.5 277 281 -1
280 -75.0 -146.5 -533.0 278 282 -1
281 7.5 -150.0 -549.5 279 283 -1
282 -75.5 -146.0 -532.5 280 284 285
283 7.5 -149.5 -549.5 281 287 -1
284 -76.0 -145.5 -532.0 282 288 -1
285 -75.0 -148.0 -528.5 282 289 -1
286 -74.0 -147.5 -528.5 282 290 -1
287 8.0 -149.0 -549.5 283 291 -1
288 -76.5 -145.0 -532.0 284 292 -1
289 -74.5 -148.5 -528.0 285 293 -1
290 -74.0 -147.5 -528.0 286 294 -1
291 8.0 -148.5 -549.5 287 295 -1
292 -77.0 -144.5 -532.0 288 296 -1
293 -74.5 -148.5 -527.5 289 297 -1
294 -73.5 -147.0 -527.5 290 298 -1
295 8.0 -148.0 -549.0 291 299 -1
296 -77.5 -144.0 -532.0 292 300 -1
297 -74.5 -149.0 -527.0 293 301 -1
298 -73.0 -146.5 -527.0 294 302 -1
299 8.0 -147.5 -549.0 295 303 -1
300 -78.0 -143.5 -532.0 296 304 -1
301 -75.0 -149.5 -526.5 297 305 -1
302 -73.0 -147.0 -526.5 298 306 -1
303 8.0 -147.0 -549.0 299 307 -1
304 -78.5 -143.5 -531.5 300 308 -1
305 -75.0 -150.0 -526.0 301 309 -1
306 -72.5 -146.5 -526.0 302 310 -1
307 8.0 -146.5 -549.0 303 311 -1
308 -79.0 -143.0 -531.0 304 312 -1
309 -75.5 -150.5 -525.5 305 313 -1
310 -72.5 -146.5 -525.5 306 314 -1
311 8.0 -146.0 -549.0 307 315 -1
312 -79.5 -142.5 -531.5 308 316 -1
313 -75.5 -151.0 -525.0 309 317 -1
314 -72.5 -146.5 -525.0 310 318 -1
315 8.0 -145.5 -549.0 311 319 -1
316 -80.0 -142.0 -531.5 312 320 -1
317 -75.5 -151.5 -524.5 313 321 -1
318 -72.5 -146.5 -524.5 314 322 -1
319 8.0 -145.0 -549.0 315 323 -1
320 -80.5 -141.5 -531.5 316 324 -1
321 -75.5 -152.0 -524.0 317 325 -1
322 -72.0 -146.5 -524.0 318 326 -1
323 8.0 -144.5 -549.5 319 327 -1
324 -80.5 -141.0 -531.0 320 328 -1
325 -75.5 -152.5 -523.5 321 329 -1
326 -72.5 -146.5 -523.5 322 330 -1
327 8.0 -144.0 -549.5 323 331 -1
328 -81.0 -140.5 -531.5 324 332 -1
329 -75.5 -153.0 -523.0 325 333 -1
330 -72.0 -146.0 -523.0 326 334 -1
331 8.0 -143.5 -549.5 327 335 -1
332 -81.5 -140.5 -531.0 328 336 -1
333 -76.0 -153.5 -523.0 329 337 -1
334 -71.5 -146.0 -522.5 330 338 -1
335 8.0 -143.0 -549.5 331 339 -1
336 -82.0 -140.5 -531.0 332 340 -1
337 -76.0 -154.0 -522.5 333 341 -1
338 -71.0 -145.5 -522.0 334 342 -1
339 8.0 -142.5 -549.5 335 343 -1
340 -82.5 -140.5 -530.5 336 344 -1
341 -75.5 -154.0 -522.0 337 345 -1
342 -71.0 -145.0 -521.5 338 346 -1
343 7.5 -142.0 -549.5 339 347 -1
344 -83.0 -140.0 -530.5 340 348 -1
345 -75.5 -154.5 -521.5 341 349 -1
346 -70.5 -144.5 -521.0 342 350 -1
347 8.0 -141.5 -549.5 343 351 -1
348 -83.5 -139.5 -530.5 344 352 -1
349 -75.5 -155.0 -521.0 345 353 -1
350 -70.0 -144.5 -520.5 346 354 -1
351 8.0 -141.0 -550.0 347 355 -1
352 -84.0 -139.5 -530.5 348 356 -1
353 -75.5 -155.5 -521.0 349 357 -1
354 -70.0 -144.0 -520.0 350 358 -1
355 8.0 -140.5 -550.0 351 359 -1
356 -84.5 -139.0 -530.5 352 360 -1
357 -75.5 -156.0 -520.5 353 361 -1
358 -69.5 -144.0 -519.5 354 362 -1
359 8.0 -140.0 -550.0 355 363 -1
360 -85.0 -139.0 -530.5 356 364 -1
361 -75.5 -156.5 -520.0 357 365 -1
362 -69.0 -144.0 -519.0 358 366 -1
363 8.0 -139.5 -550.0 359 367 -1
364 -85.5 -139.0 -530.5 360 368 -1
365 -75.5 -157.0 -520.0 361 369 -1
366 -68.5 -144.0 -518.5 362 370 -1
367 8.0 -139.0 -550.5 363 371 -1
368 -86.0 -138.5 -530.5 364 372 -1
369 -75.0 -157.5 -519.5 365 373 -1
370 -68.5 -143.5 -518.0 366 374 -1
371 8.0 -138.5 -550.5 367 375 -1
372 -86.5 -138.0 -530.5 368 376 -1
373 -75.0 -158.0 -519.5 369 377 -1
374 -68.0 -143.0 -517.5 370 378 -1
375 8.0 -138.0 -551.0 371 379 -1
376 -87.0 -138.0 -530.5 372 380 -1
377 -75.0 -158.5 -519.0 373 381 -1
378 -67.5 -143.0 -517.0 374 382 -1
379 8.0 -137.5 -551.0 375 383 -1
380 -87.5 -137.5 -530.0 376 384 -1
381 -75.0 -158.5 -518.5 377 385 -1
382 -67.5 -142.5 -516.5 378 386 -1
383 8.0 -137.0 -551.5 379 387 -1
384 -88.0 -137.0 -530.0 380 388 -1
385 -74.5 -159.0 -518.0 381 389 -1
386 -67.5 -142.0 -516.0 382 390 -1
387 8.0 -136.5 -552.0 383 391 -1
388 -88.5 -136.5 -529.5 384 392 -1
389 -75.0 -159.5 -518.0 385 393 -1
390 -67.0 -142.0 -515.5 386 394 -1
391 8.0 -136.0 -552.5 387 395 -1
392 -89.0 -136.0 -529.5 388 396 -1
393 -74.5 -160.0 -517.5 389 397 -1
394 -66.5 -141.5 -515.0 390 398 -1
395 8.0 -135.5 -553.0 391 399 -1
396 -89.5 -135.5 -530.0 392 400 -1
397 -74.5 -160.5 -517.0 393 401 -1
398 -66.0 -141.0 -514.5 394 402 -1
399 7.5 -135.0 -553.5 395 403 -1
400 -90.0 -135.0 -530.0 396 404 -1
401 -74.0 -161.0 -516.5 397 405 -1
402 -65.5 -141.0 -514.0 398 406 -1
403 7.5 -134.5 -554.0 399 407 -1
404 -90.5 -134.5 -530.0 400 408 -1
405 -74.5 -161.5 -516.5 401 409 -1
406 -65.5 -140.5 -513.5 402 410 -1
407 7.5 -134.5 -554.5 403 411 -1
408 -91.0 -134.0 -529.5 404 412 -1
409 -74.0 -162.0 -516.0 405 413 -1
410 -65.0 -140.0 -513.0 406 414 -1
411 7.5 -134.0 -555.0 407 415 -1
412 -91.5 -133.5 -530.0 408 416 -1
413 -74.0 -162.5 -515.5 409 417 -1
414 -64.5 -139.5 -512.5 410 418 -1
415 8.0 -134.0 -555.5 411 419 -1
416 -91.5 -133.0 -530.0 412 420 -1
417 -74.0 -163.0 -515.0 413 421 -1
418 -64.0 -139.5 -512.0 414 422 -1
419 7.5 -133.5 -556.0 415 423 -1
420 -92.0 -132.5 -530.0 416 424 -1
421 -73.5 -163.5 -514.5 417 425 -1
422 -63.5 -139.0 -511.5 418 426 -1
423 7.5 -133.5 -556.5 419 427 -1
424 -92.5 -132.0 -530.0 420 428 -1
425 -74.0 -164.0 -514.5 421 429 -1
426 -63.5 -138.5 -511.0 422 430 -1
427 7.5 -133.0 -557.0 423 431 -1
428 -93.0 -132.0 -530.0 424 432 -1
429 -73.5 -164.5 -514.0 425 433 -1
430 -63.0 -138.0 -510.5 426 434 -1
431 8.0 -133.0 -557.5 427 435 -1
432 -93.5 -131.5 -530.0 428 436 -1
433 -73.5 -165.0 -514.0 429 437 -1
434 -62.5 -138.0 -510.0 430 438 -1
435 8.0 -132.5 -558.0 431 439 -1
436 -94.0 -131.5 -529.5 432 440 -1
437 -73.0 -165.5 -513.5 433 441 -1
438 -62.0 -137.5 -509.5 434 442 -1
439 8.0 -132.5 -558.5 435 443 -1
440 -94.5 -131.0 -529.5 436 444 -1
441 -73.0 -166.0 -513.5 437 445 -1
442 -61.5 -137.0 -509.0 438 446 -1
443 8.0 -132.5 -559.0 439 447 -1
444 -94.5 -130.5 -530.0 440 448 -1
445 -73.0 -166.5 -513.0 441 449 -1
446 -61.0 -137.0 -508.5 442 450 -1
447 8.0 -132.5 -559.5 443 451 -1
448 -94.5 -130.0 -530.0 444 -1 -1
449 -73.0 -167.0 -512.5 445 452 -1
450 -60.5 -136.5 -508.0 446 453 -1
451 8.0 -132.5 -560.0 447 454 -1
452 -72.5 -167.5 -512.0 449 455 -1
453 -60.0 -136.0 -507.5 450 456 -1
454 8.0 -132.5 -560.5 451 457 -1
455 -73.0 -168.0 -512.0 452 458 -1
456 -60.0 -135.5 -507.0 453 459 -1
457 8.0 -132.5 -561.0 454 460 -1
458 -72.5 -168.5 -511.5 455 461 -1
459 -59.5 -135.0 -506.5 456 462 -1
460 8.0 -132.5 -561.5 457 463 -1
461 -72.5 -169.0 -511.0 458 464 -1
462 -59.0 -135.5 -506.5 459 465 -1
463 8.0 -132.5 -562.0 460 466 -1
464 -72.5 -169.5 -511.0 461 467 -1
465 -58.5 -135.0 -506.0 462 468 -1
466 8.0 -132.5 -562.5 463 469 -1
467 -72.5 -170.0 -510.5 464 470 -1
468 -58.0 -134.5 -505.5 465 471 -1
469 8.0 -132.5 -563.0 466 472 -1
470 -72.5 -170.5 -510.5 467 473 -1
471 -58.0 -134.0 -505.0 468 474 -1
472 8.0 -132.5 -563.5 469 475 -1
473 -72.5 -171.0 -510.5 470 476 -1
474 -57.5 -134.0 -504.5 471 477 -1
475 8.0 -132.5 -564.0 472 478 -1
476 -72.5 -171.5 -510.0 473 479 -1
477 -57.0 -133.5 -504.0 474 480 -1
478 8.0 -132.5 -564.5 475 481 -1
479 -72.5 -172.0 -510.0 476 482 -1
480 -56.5 -133.0 -503.5 477 483 -1
481 8.5 -132.0 -565.0 478 484 -1
482 -72.5 -172.5 -509.5 479 485 -1
483 -56.0 -133.0 -503.0 480 486 -1
484 8.5 -132.0 -565.5 481 487 -1
485 -72.5 -173.0 -509.5 482 488 -1
486 -55.5 -132.5 -502.5 483 489 -1
487 8.5 -132.5 -566.0 484 490 -1
488 -72.0 -173.5 -509.0 485 -1 -1
489 -55.0 -132.5 -502.0 486 491 -1
490 8.5 -132.5 -566.5 487 492 -1
491 -54.5 -132.5 -501.5 489 493 -1
492 8.5 -132.5 -567.0 490 494 -1
493 -54.0 -132.0 -501.0 491 495 -1
494 8.5 -133.0 -567.5 492 496 -1
495 -53.5 -132.0 -500.5 493 497 -1
496 9.0 -132.5 -568.0 494 498 -1
497 -53.0 -132.0 -500.0 495 499 -1
498 8.5 -133.0 -568.5 496 500 -1
499 -52.5 -132.0 -499.5 497 501 -1
500 9.0 -133.0 -569.0 498 502 -1
501 -52.0 -132.0 -499.5 499 503 -1
502 9.0 -133.0 -569.5 500 504 -1
503 -51.5 -132.0 -499.0 501 505 -1
504 9.0 -133.0 -570.0 502 506 -1
505 -51.0 -131.5 -498.5 503 507 -1
506 9.0 -133.5 -570.5 504 508 -1
507 -50.5 -131.5 -498.0 505 509 -1
508 9.0 -134.0 -571.0 506 510 -1
509 -50.0 -131.5 -497.5 507 511 -1
510 9.5 -134.0 -571.5 508 512 -1
511 -49.5 -131.5 -497.0 509 513 -1
512 10.0 -134.0 -572.0 510 514 -1
513 -49.0 -131.5 -497.0 511 515 -1
514 10.0 -134.5 -572.5 512 516 -1
515 -48.5 -131.5 -496.5 513 517 -1
516 10.5 -135.0 -573.0 514 518 -1
517 -48.0 -131.5 -496.5 515 519 -1
518 10.5 -135.5 -573.5 516 520 -1
519 -47.5 -132.0 -496.5 517 521 -1
520 11.0 -136.0 -574.0 518 522 -1
521 -47.0 -132.0 -496.5 519 523 -1
522 11.5 -136.5 -574.5 520 524 -1
523 -46.5 -132.0 -496.5 521 525 -1
524 11.5 -137.0 -574.5 522 526 -1
525 -46.0 -132.0 -497.0 523 527 -1
526 12.0 -137.5 -574.5 524 528 -1
527 -45.5 -132.0 -497.0 525 529 -1
528 12.0 -138.0 -574.5 526 530 -1
529 -42.5 -134.0 -497.0 527 531 -1
530 12.5 -138.5 -575.0 528 532 -1
531 -42.0 -134.5 -496.5 529 533 -1
532 13.0 -138.5 -575.5 530 534 -1
533 -41.0 -135.5 -495.5 531 535 -1
534 13.5 -139.0 -575.5 532 536 -1
535 -40.5 -136.0 -495.0 533 537 -1
536 14.0 -139.5 -576.0 534 538 -1
537 -40.0 -136.0 -494.5 535 539 -1
538 14.5 -139.5 -576.5 536 540 -1
539 -39.5 -136.5 -494.0 537 541 -1
540 15.0 -140.0 -576.5 538 542 -1
541 -39.0 -137.0 -494.0 539 543 -1
542 15.5 -140.5 -576.5 540 544 -1
543 -38.5 -137.5 -493.5 541 545 -1
544 16.0 -140.5 -577.0 542 546 -1
545 -38.0 -137.5 -493.5 543 547 -1
546 16.5 -141.0 -577.0 544 548 -1
547 -37.5 -138.0 -493.0 545 549 -1
548 17.0 -141.5 -577.0 546 550 -1
549 -37.0 -138.0 -493.0 547 551 -1
550 17.5 -142.0 -577.0 548 552 -1
551 -36.5 -138.0 -492.5 549 553 -1
552 18.0 -142.5 -577.0 550 554 -1
553 -36.0 -138.0 -492.0 551 555 -1
554 18.5 -142.5 -577.0 552 556 -1
555 -35.5 -138.0 -491.5 553 557 -1
556 19.0 -143.0 -577.0 554 558 -1
557 -35.0 -138.5 -491.0 555 559 -1
558 19.5 -143.0 -577.0 556 560 -1
559 -35.0 -139.0 -491.0 557 561 -1
560 20.0 -143.0 -577.5 558 562 -1
561 -35.0 -139.5 -491.0 559 563 -1
562 20.5 -143.0 -577.5 560 564 -1
563 -34.5 -140.0 -490.5 561 565 -1
564 21.0 -143.5 -577.0 562 566 -1
565 -34.0 -140.5 -490.0 563 567 -1
566 21.5 -143.5 -577.0 564 568 -1
567 -33.5 -140.5 -489.5 565 569 -1
568 22.0 -143.5 -577.0 566 570 -1
569 -33.5 -141.0 -489.0 567 571 -1
570 22.5 -144.0 -576.5 568 572 -1
571 -33.0 -141.0 -488.5 569 573 -1
572 23.0 -144.0 -576.5 570 574 -1
573 -32.5 -141.0 -488.0 571 575 -1
574 23.5 -144.0 -576.5 572 576 -1
575 -32.5 -141.0 -487.5 573 577 -1
576 24.0 -144.0 -576.5 574 578 -1
577 -32.5 -141.5 -487.0 575 579 -1
578 24.5 -144.5 -576.0 576 580 -1
579 -32.0 -141.5 -486.5 577 581 -1
580 25.0 -144.5 -576.0 578 582 -1
581 -32.0 -141.5 -486.0 579 583 -1
582 25.5 -144.5 -576.0 580 584 -1
583 -32.0 -141.5 -485.5 581 585 -1
584 26.0 -145.0 -575.5 582 586 -1
585 -32.5 -142.0 -485.0 583 587 -1
586 26.5 -145.5 -575.0 584 588 -1
587 -32.5 -141.5 -484.5 585 589 -1
588 27.0 -146.0 -574.5 586 590 -1
589 -33.0 -141.5 -484.0 587 591 -1
590 27.5 -146.0 -574.0 588 592 -1
591 -33.0 -141.0 -483.5 589 -1 -1
592 28.0 -146.0 -574.0 590 593 -1
593 28.5 -146.0 -573.5 592 594 -1
594 29.0 -146.0 -573.0 593 595 -1
595 29.5 -146.0 -572.5 594 596 -1
596 30.0 -145.5 -572.5 595 597 -1
597 30.5 -145.5 -572.0 596 598 -1
598 30.5 -145.0 -571.5 597 599 -1
599 31.0 -144.5 -571.0 598 600 -1
600 31.0 -144.0 -570.5 599 601 -1
601 31.0 -144.0 -570.0 600 602 -1
602 31.0 -143.5 -569.5 601 603 -1
603 31.0 -143.5 -569.0 602 604 -1
604 31.5 -143.0 -568.5 603 605 -1
605 32.0 -142.5 -568.0 604 606 -1
606 32.0 -142.5 -567.5 605 607 -1
607 32.0 -142.0 -567.0 606 608 -1
608 32.0 -142.0 -566.5 607 609 -1
609 32.0 -141.5 -566.0 608 610 -1
610 32.0 -141.0 -565.5 609 611 -1
611 32.5 -140.5 -565.0 610 612 -1
612 32.5 -140.0 -565.0 611 613 -1
613 32.5 -139.5 -564.5 612 614 -1
614 32.5 -139.0 -564.0 613 615 -1
615 32.0 -138.5 -563.5 614 -1 -1
