0 73.5 28.5 -113.5 -1 1 -1
1 73.0 28.0 -113.0 0 2 -1
2 72.5 27.5 -112.5 1 3 -1
3 72.0 27.0 -112.0 2 4 -1
4 71.5 26.5 -111.5 3 5 -1
5 71.0 26.5 -111.0 4 6 -1
6 70.5 26.0 -110.5 5 7 -1
7 70.5 25.5 -110.0 6 8 -1
8 70.0 25.0 -109.5 7 9 -1
9 70.0 24.5 -109.0 8 10 -1
10 69.5 24.5 -108.5 9 11 -1
11 69.0 24.5 -108.0 10 12 -1
12 69.0 24.0 -107.5 11 13 -1
13 68.5 24.0 -107.0 12 14 -1
14 68.5 23.5 -106.5 13 15 -1
15 68.5 23.5 -106.0 14 16 -1
16 68.0 23.5 -105.5 15 17 -1
17 67.5 23.0 -105.0 16 18 -1
18 67.5 22.5 -104.5 17 19 -1
19 67.5 22.0 -104.0 18 20 -1
20 67.5 21.5 -103.5 19 21 -1
21 67.0 21.5 -103.0 20 22 -1
22 67.0 21.0 -102.5 21 23 -1
23 67.0 20.5 -102.0 22 24 -1
24 67.0 20.5 -101.5 23 25 -1
25 67.0 20.0 -101.0 24 26 -1
26 67.0 19.5 -100.5 25 27 -1
27 66.5 19.5 -100.0 26 28 -1
28 66.5 19.0 -99.5 27 29 -1
29 66.5 18.5 -99.0 28 30 -1
30 66.0 18.0 -98.5 29 31 -1
31 66.0 17.5 -98.0 30 32 -1
32 65.5 17.5 -97.5 31 33 -1
33 65.5 17.0 -97.0 32 34 -1
34 65.5 16.5 -96.5 33 35 -1
35 65.5 16.0 -96.0 34 36 -1
36 65.5 15.5 -95.5 35 37 -1
37 65.5 15.0 -95.0 36 38 -1
38 65.5 15.0 -94.5 37 39 -1
39 65.5 14.5 -94.0 38 40 -1
40 65.5 14.0 -93.5 39 41 -1
41 65.5 13.5 -93.0 40 42 -1
42 65.0 13.0 -92.5 41 43 -1
43 65.0 12.5 -92.0 42 44 -1
44 64.5 12.5 -91.5 43 45 -1
45 64.5 12.0 -91.0 44 46 -1
46 64.5 11.5 -90.5 45 47 -1
47 64.0 11.0 -90.0 46 48 -1
48 63.5 10.5 -89.5 47 49 -1
49 63.5 10.0 -89.5 48 50 -1
50 63.0 9.5 -89.0 49 51 -1
51 63.0 9.0 -88.5 50 52 -1
52 62.5 8.5 -88.0 51 53 -1
53 62.5 8.0 -88.0 52 54 -1
54 62.5 7.5 -87.5 53 55 -1
55 62.0 7.0 -87.0 54 56 -1
56 62.0 6.5 -87.0 55 57 -1
57 62.0 6.0 -87.0 56 58 -1
58 61.5 5.5 -87.0 57 59 -1
59 61.0 5.0 -87.0 58 60 -1
60 60.5 4.5 -87.0 59 61 -1
61 60.0 4.0 -87.0 60 62 -1
62 59.5 3.5 -87.5 61 63 -1
63 59.0 3.0 -87.5 62 64 -1
64 58.5 3.0 -88.0 63 65 -1
65 58.0 3.0 -87.5 64 66 -1
66 57.5 2.5 -88.0 65 67 -1
67 57.0 2.0 -88.5 66 68 -1
68 56.5 2.0 -88.5 67 69 -1
69 56.0 1.5 -89.0 68 70 -1
70 55.5 1.5 -89.0 69 71 -1
71 55.0 1.0 -89.5 70 72 -1
72 54.5 1.0 -90.0 71 73 -1
73 54.0 0.5 -90.5 72 74 -1
74 53.5 0.0 -91.0 73 75 -1
75 53.0 0.0 -91.5 74 76 -1
76 52.5 0.0 -92.0 75 77 -1
77 52.0 -0.5 -92.5 76 78 -1
78 52.0 -0.5 -93.0 77 79 -1
79 51.5 -1.0 -93.5 78 80 -1
80 51.0 -1.0 -94.0 79 81 -1
81 50.5 -1.0 -94.5 80 82 -1
82 50.0 -1.0 -95.0 81 83 -1
83 49.5 -1.0 -95.5 82 84 -1
84 49.0 -1.0 -96.0 83 85 -1
85 49.0 -1.0 -96.5 84 86 -1
86 49.0 -1.0 -97.0 85 87 -1
87 48.5 -1.0 -97.5 86 88 -1
88 48.5 -0.5 -98.0 87 89 -1
89 48.0 -0.5 -98.5 88 90 -1
90 48.0 -0.5 -99.0 89 91 -1
91 47.5 -0.5 -99.5 90 92 -1
92 47.5 0.0 -100.0 91 93 -1
93 47.0 -0.5 -100.5 92 94 -1
94 47.0 0.0 -101.0 93 95 -1
95 46.5 0.0 -101.5 94 96 -1
96 47.0 0.5 -102.0 95 97 -1
97 46.5 0.5 -102.5 96 98 -1
98 46.5 1.0 -103.0 97 99 -1
99 46.5 1.5 -103.5 98 100 -1
100 46.5 1.5 -104.0 99 101 -1
101 46.0 1.5 -104.5 100 102 -1
102 46.0 2.0 -105.0 101 103 -1
103 46.0 2.5 -105.5 102 104 -1
104 46.0 2.5 -106.0 103 105 -1
105 45.5 3.0 -106.5 104 106 -1
106 45.5 3.0 -107.0 105 107 -1
107 45.0 3.5 -107.5 106 108 -1
108 45.5 3.5 -108.0 107 109 -1
109 45.5 4.0 -108.5 108 110 -1
110 45.5 4.5 -109.0 109 111 -1
111 45.0 5.0 -109.5 110 112 -1
112 45.0 5.5 -110.0 111 113 -1
113 44.5 6.0 -110.0 112 114 -1
114 44.5 6.5 -110.5 113 115 -1
115 44.5 7.0 -111.0 114 116 -1
116 45.0 7.5 -111.5 115 117 -1
117 45.0 8.0 -112.0 116 118 -1
118 45.0 8.5 -112.0 117 119 -1
119 45.0 9.0 -112.0 118 120 -1
120 45.0 9.5 -112.5 119 121 -1
121 45.0 10.0 -112.5 120 122 -1
122 45.0 10.5 -112.5 121 123 -1
123 45.0 11.0 -113.0 122 124 -1
124 45.0 11.5 -113.0 123 125 -1
125 45.0 12.0 -113.0 124 126 -1
126 45.0 12.5 -113.5 125 127 -1
127 45.0 13.0 -113.5 126 128 -1
128 45.0 13.5 -113.5 127 129 -1
129 45.0 14.0 -113.5 128 130 -1
130 44.5 14.5 -113.5 129 131 -1
131 44.5 15.0 -113.5 130 132 -1
132 44.5 15.5 -113.5 131 133 -1
133 44.0 16.0 -113.0 132 134 -1
134 44.0 16.5 -113.0 133 135 -1
135 44.0 17.0 -113.0 134 136 -1
136 44.0 17.5 -113.0 135 137 -1
137 44.0 18.0 -113.0 136 138 -1
138 43.5 18.5 -112.5 137 139 -1
139 43.5 19.0 -112.0 138 140 -1
140 43.0 19.5 -112.0 139 141 -1
141 43.0 20.0 -111.5 140 142 -1
142 42.5 20.5 -111.0 141 143 -1
143 42.0 21.0 -110.5 142 144 -1
144 41.5 21.5 -110.0 143 145 -1
145 41.0 21.5 -109.5 144 146 -1
146 40.5 22.0 -109.0 145 147 -1
147 40.0 22.0 -108.5 146 148 -1
148 39.5 22.0 -108.0 147 149 -1
149 39.0 22.0 -107.5 148 150 -1
150 39.0 22.5 -107.0 149 151 -1
151 38.5 22.5 -106.5 150 152 -1
152 38.5 22.5 -106.0 151 153 -1
153 38.0 23.0 -105.5 152 154 -1
154 38.0 23.0 -105.0 153 155 -1
155 37.5 23.5 -104.5 154 156 -1
156 37.0 23.0 -104.0 155 157 -1
157 36.5 23.0 -103.5 156 158 -1
158 36.5 23.0 -103.0 157 159 -1
159 36.0 23.0 -102.5 158 160 -1
160 36.0 23.5 -102.0 159 161 -1
161 35.5 23.5 -101.5 160 162 -1
162 35.0 23.5 -101.0 161 163 -1
163 35.0 23.5 -100.5 162 164 -1
164 35.0 23.5 -100.0 163 165 -1
165 34.5 23.0 -99.5 164 166 -1
166 34.5 22.5 -99.0 165 167 -1
167 34.0 22.5 -98.5 166 168 -1
168 33.5 22.5 -98.0 167 169 -1
169 33.0 22.5 -97.5 168 170 -1
170 32.5 22.0 -97.0 169 171 -1
171 32.0 22.0 -97.0 170 172 -1
172 31.5 21.5 -96.5 171 173 -1
173 31.0 21.0 -96.0 172 174 -1
174 30.5 21.0 -95.5 173 175 -1
175 30.0 20.5 -95.0 174 176 -1
176 29.5 20.0 -94.5 175 177 -1
177 29.0 19.5 -94.0 176 178 -1
178 28.5 19.0 -93.5 177 179 -1
179 28.0 18.5 -93.0 178 180 -1
180 27.5 18.0 -92.5 179 181 -1
181 27.0 17.5 -92.0 180 182 -1
182 26.5 17.0 -91.5 181 183 -1
183 26.5 17.0 -91.0 182 184 -1
184 26.0 17.0 -90.5 183 185 -1
185 25.5 16.5 -90.0 184 186 -1
186 25.0 16.5 -89.5 185 187 -1
187 24.5 16.5 -89.0 186 188 -1
188 24.0 16.0 -88.5 187 189 -1
189 23.5 16.0 -88.0 188 190 -1
190 23.0 15.5 -88.0 189 191 -1
191 22.5 15.5 -87.5 190 192 -1
192 22.0 15.0 -87.5 191 193 -1
193 21.5 15.0 -87.5 192 194 -1
194 21.0 15.0 -87.5 193 195 -1
195 20.5 14.5 -87.5 194 196 -1
196 20.0 14.5 -87.0 195 197 -1
197 19.5 14.5 -87.0 196 198 -1
198 19.0 14.0 -87.0 197 199 -1
199 18.5 14.0 -87.0 198 200 -1
200 18.0 14.0 -87.0 199 201 -1
201 17.5 14.0 -87.5 200 202 -1
202 17.0 13.5 -87.5 201 203 -1
203 16.5 13.0 -87.0 202 204 -1
204 16.0 13.0 -87.5 203 205 -1
205 15.5 13.5 -88.0 204 206 -1
206 15.0 13.0 -87.5 205 207 -1
207 14.5 13.0 -88.0 206 208 -1
208 14.0 12.5 -87.5 207 209 -1
209 13.5 12.5 -88.0 208 210 -1
210 13.0 12.5 -88.0 209 211 -1
211 12.5 12.5 -88.5 210 212 -1
212 12.0 12.5 -88.5 211 213 -1
213 11.5 12.5 -89.0 212 214 -1
214 11.0 12.5 -89.0 213 215 -1
215 10.5 13.0 -89.5 214 216 -1
216 10.0 12.5 -89.0 215 217 -1
217 9.5 12.5 -89.0 216 218 -1
218 9.0 12.5 -89.0 217 219 -1
219 8.5 12.5 -89.0 218 220 -1
220 8.0 13.0 -89.5 219 221 -1
221 7.5 13.0 -89.5 220 222 -1
222 7.0 12.5 -89.5 221 223 -1
223 6.5 13.0 -90.0 222 224 -1
224 6.0 13.0 -90.0 223 225 -1
225 5.5 12.5 -90.0 224 226 -1
226 5.0 13.0 -90.5 225 227 -1
227 4.5 12.5 -90.5 226 228 -1
228 4.0 13.0 -91.0 227 229 -1
229 3.5 13.0 -91.0 228 230 -1
230 3.0 12.5 -91.0 229 231 -1
231 2.5 12.5 -91.5 230 232 -1
232 2.0 12.5 -92.0 231 233 -1
233 1.5 12.5 -92.5 232 234 -1
234 1.0 12.5 -92.5 233 235 -1
235 0.5 12.0 -92.5 234 236 -1
236 0.0 12.0 -93.0 235 237 -1
237 -0.5 12.0 -93.5 236 238 -1
238 -1.0 12.0 -93.5 237 239 -1
239 -1.5 12.0 -94.0 238 240 -1
240 -2.0 12.0 -94.5 239 241 -1
241 -2.5 12.0 -95.0 240 242 -1
242 -3.0 12.0 -95.5 241 243 -1
243 -3.5 11.5 -95.5 242 244 -1
244 -4.0 11.5 -96.0 243 245 -1
245 -4.5 11.5 -96.5 244 246 -1
246 -5.0 11.5 -97.0 245 247 -1
247 -5.5 11.5 -97.5 246 248 -1
248 -6.0 12.0 -98.0 247 249 -1
249 -6.5 12.0 -98.0 248 250 -1
250 -7.0 12.0 -98.5 249 251 -1
251 -7.5 12.0 -99.0 250 252 -1
252 -8.0 12.5 -99.5 251 253 -1
253 -8.5 12.0 -99.5 252 254 -1
254 -9.0 12.5 -99.5 253 255 -1
255 -9.5 12.5 -99.5 254 256 -1
256 -10.0 13.0 -100.0 255 257 -1
257 -10.5 13.0 -100.0 256 258 -1
258 -11.0 13.5 -100.0 257 259 -1
259 -11.5 14.0 -100.5 258 260 -1
260 -12.0 14.0 -100.5 259 261 -1
261 -12.5 14.5 -101.0 260 262 -1
262 -13.0 15.0 -100.5 261 263 -1
263 -13.5 15.5 -101.0 262 264 -1
264 -14.0 15.5 -101.5 263 265 -1
265 -14.5 16.0 -102.0 264 266 -1
266 -14.5 16.5 -102.5 265 267 -1
267 -15.0 17.0 -103.0 266 268 -1
268 -15.5 17.5 -103.5 267 269 -1
269 -16.0 18.0 -104.0 268 270 -1
270 -15.5 18.0 -104.5 269 271 -1
271 -15.5 18.0 -105.0 270 272 -1
272 -16.0 18.5 -105.5 271 273 -1
273 -16.0 19.0 -106.0 272 274 -1
274 -16.5 19.5 -106.0 273 275 -1
275 -17.0 20.0 -106.5 274 276 -1
276 -17.5 20.5 -107.0 275 277 -1
277 -18.0 21.0 -107.5 276 278 -1
278 -18.5 21.5 -108.0 277 279 -1
279 -19.0 22.0 -108.0 278 280 -1
280 -19.0 22.5 -108.0 279 281 -1
281 -19.5 23.0 -108.0 280 282 -1
282 -20.0 23.0 -108.0 281 283 -1
283 -20.5 23.5 -108.5 282 284 285
284 -21.0 24.0 -108.0 283 286 -1
285 -20.0 23.0 -109.0 283 287 -1
286 -21.5 24.5 -107.5 284 288 -1
287 -20.0 23.0 -109.5 285 289 -1
288 -21.5 24.5 -107.0 286 290 -1
289 -20.0 22.5 -110.0 287 291 -1
290 -21.5 25.0 -106.5 288 292 -1
291 -19.5 22.0 -110.5 289 293 -1
292 -22.0 25.5 -106.0 290 294 -1
293 -19.5 22.0 -111.0 291 295 -1
294 -22.0 25.5 -105.5 292 296 -1
295 -19.0 21.5 -111.5 293 297 -1
296 -22.5 26.0 -105.0 294 298 -1
297 -19.0 21.5 -112.0 295 299 -1
298 -23.0 26.5 -104.5 296 300 -1
299 -19.0 21.5 -112.5 297 301 -1
300 -23.0 27.0 -104.0 298 302 -1
301 -19.0 21.5 -113.0 299 303 -1
302 -23.0 27.0 -103.5 300 304 -1
303 -18.5 21.0 -113.5 301 305 -1
304 -23.0 27.5 -103.0 302 306 -1
305 -18.5 21.0 -114.0 303 307 -1
306 -23.0 27.5 -102.5 304 308 -1
307 -19.0 21.0 -114.5 305 309 -1
308 -23.0 28.0 -102.0 306 310 -1
309 -19.0 21.0 -115.0 307 311 -1
310 -23.0 28.5 -101.5 308 312 -1
311 -18.5 21.0 -115.5 309 313 -1
312 -23.5 29.0 -101.0 310 314 -1
313 -18.5 21.0 -116.0 311 315 -1
314 -23.5 29.0 -100.5 312 316 -1
315 -18.5 21.0 -116.5 313 317 -1
316 -23.5 29.5 -100.0 314 318 -1
317 -18.0 20.5 -117.0 315 319 -1
318 -24.0 29.5 -99.5 316 320 -1
319 -18.5 20.5 -117.5 317 321 -1
320 -24.0 30.0 -99.0 318 322 -1
321 -18.5 20.0 -118.0 319 323 -1
322 -24.0 30.5 -98.5 320 324 -1
323 -18.5 20.0 -118.5 321 325 -1
324 -24.5 30.5 -98.0 322 326 -1
325 -18.5 19.5 -119.0 323 -1 -1
326 -25.0 30.5 -97.5 324 327 -1
327 -25.5 30.5 -97.0 326 328 -1
328 -25.5 31.0 -96.5 327 329 -1
329 -26.0 31.0 -96.0 328 330 -1
330 -26.5 31.0 -95.5 329 331 -1
331 -27.0 31.0 -95.0 330 332 -1
332 -27.0 31.5 -94.5 331 333 -1
333 -27.0 32.0 -94.0 332 334 -1
334 -27.5 32.0 -93.5 333 335 -1
335 -28.0 32.0 -93.0 334 336 -1
336 -28.0 32.5 -92.5 335 337 -1
337 -28.0 33.0 -92.0 336 338 -1
338 -28.5 32.5 -91.5 337 339 -1
339 -28.5 33.0 -91.0 338 340 -1
340 -29.0 33.0 -90.5 339 341 -1
341 -29.5 33.0 -90.0 340 342 -1
342 -30.0 33.0 -89.5 341 343 -1
343 -30.5 33.0 -89.0 342 344 -1
344 -31.0 33.0 -88.5 343 345 -1
345 -31.0 33.0 -88.0 344 346 -1
346 -31.5 33.0 -87.5 345 347 -1
347 -32.0 33.0 -87.0 346 348 -1
348 -32.5 33.5 -86.5 347 349 -1
349 -33.0 33.5 -86.0 348 350 -1
350 -33.5 33.0 -85.5 349 351 -1
351 -34.0 33.5 -85.0 350 352 -1
352 -34.5 33.0 -84.5 351 353 -1
353 -35.0 33.0 -84.0 352 354 -1
354 -35.5 33.0 -83.5 353 355 -1
355 -36.0 33.5 -83.0 354 356 -1
356 -36.5 33.0 -82.5 355 357 -1
357 -37.0 32.5 -82.0 356 358 -1
358 -37.5 32.5 -81.5 357 359 -1
359 -37.5 33.0 -81.0 358 360 -1
360 -37.5 33.0 -80.5 359 361 -1
361 -38.0 33.0 -80.0 360 362 -1
362 -38.5 32.5 -80.0 361 363 -1
363 -39.0 32.5 -79.5 362 364 -1
364 -39.0 32.5 -79.0 363 365 -1
365 -39.5 32.5 -78.5 364 366 -1
366 -40.0 32.0 -78.0 365 367 -1
367 -40.5 32.0 -77.5 366 368 -1
368 -40.5 32.0 -77.0 367 369 -1
369 -40.5 32.0 -76.5 368 370 -1
370 -41.0 32.0 -76.0 369 371 -1
371 -41.0 31.5 -75.5 370 372 -1
372 -41.0 31.5 -75.0 371 373 -1
373 -41.0 31.5 -74.5 372 374 -1
374 -41.5 31.5 -74.0 373 375 -1
375 -41.5 31.0 -73.5 374 376 -1
376 -41.5 31.0 -73.0 375 377 -1
377 -41.5 31.0 -72.5 376 378 -1
378 -42.0 31.5 -72.0 377 379 -1
379 -42.0 31.0 -71.5 378 380 -1
380 -42.5 31.5 -71.0 379 381 -1
381 -42.0 31.0 -70.5 380 382 -1
382 -42.5 31.5 -70.0 381 383 384
383 -43.0 32.0 -70.0 382 385 -1
384 -42.5 31.0 -69.5 382 386 -1
385 -43.5 32.5 -70.0 383 387 -1
386 -42.0 30.5 -69.0 384 388 -1
387 -44.0 33.0 -70.0 385 389 -1
388 -41.5 30.5 -68.5 386 390 -1
389 -44.5 33.5 -70.0 387 391 -1
390 -41.5 30.0 -68.0 388 392 -1
391 -45.0 34.0 -70.0 389 393 -1
392 -41.0 30.5 -67.5 390 394 -1
393 -45.5 34.5 -70.0 391 395 -1
394 -41.0 30.5 -67.0 392 396 -1
395 -46.0 35.0 -70.0 393 397 -1
396 -40.5 30.0 -66.5 394 398 -1
397 -46.5 35.5 -70.0 395 399 -1
398 -40.5 29.5 -66.0 396 400 -1
399 -47.0 36.0 -70.0 397 401 -1
400 -40.5 29.5 -65.5 398 402 -1
401 -47.5 36.5 -70.0 399 403 -1
402 -40.0 30.0 -65.0 400 404 -1
403 -48.0 36.5 -70.0 401 405 -1
404 -40.0 29.5 -64.5 402 406 -1
405 -48.5 37.0 -70.0 403 407 -1
406 -40.0 29.5 -64.0 404 408 -1
407 -49.0 37.5 -70.0 405 409 -1
408 -39.5 29.5 -63.5 406 410 -1
409 -49.5 37.5 -69.5 407 411 -1
410 -39.0 29.5 -63.0 408 412 -1
411 -50.0 38.0 -69.5 409 413 -1
412 -39.0 29.5 -62.5 410 414 -1
413 -50.5 38.5 -69.0 411 415 -1
414 -38.5 29.0 -62.0 412 416 -1
415 -51.0 39.0 -68.5 413 417 -1
416 -38.5 29.5 -61.5 414 418 -1
417 -51.5 39.5 -68.5 415 419 -1
418 -38.0 29.0 -61.0 416 420 -1
419 -52.0 39.5 -68.0 417 421 -1
420 -38.0 29.0 -60.5 418 422 -1
421 -52.5 40.0 -68.0 419 423 -1
422 -38.0 29.5 -60.0 420 424 -1
423 -53.0 40.5 -68.0 421 425 -1
424 -37.5 29.5 -59.5 422 426 -1
425 -53.5 41.0 -68.0 423 427 -1
426 -37.0 29.5 -59.0 424 428 -1
427 -54.0 41.5 -67.5 425 429 -1
428 -36.5 29.5 -58.5 426 430 -1
429 -54.5 41.5 -68.0 427 431 -1
430 -36.0 30.0 -58.0 428 432 -1
431 -55.0 42.0 -67.5 429 433 -1
432 -36.0 30.0 -57.5 430 434 -1
433 -55.5 42.5 -67.5 431 435 -1
434 -35.5 30.0 -57.0 432 436 -1
435 -56.0 43.0 -67.5 433 437 -1
436 -35.0 30.5 -56.5 434 438 -1
437 -56.5 43.0 -67.5 435 -1 -1
438 -34.5 30.5 -56.0 436 439 -1
439 -34.5 31.0 -55.5 438 440 -1
440 -34.0 31.0 -55.0 439 441 -1
441 -33.5 31.0 -54.5 440 442 -1
442 -33.0 31.5 -54.0 441 443 -1
443 -32.5 31.5 -53.5 442 444 -1
444 -32.5 32.0 -53.0 443 445 -1
445 -32.0 32.0 -52.5 444 446 -1
446 -31.5 32.0 -52.0 445 447 -1
447 -31.0 32.5 -51.5 446 448 -1
448 -30.5 33.0 -51.0 447 449 -1
449 -30.0 33.0 -50.5 448 450 -1
450 -30.0 33.5 -50.0 449 451 -1
451 -29.5 33.5 -49.5 450 452 -1
452 -29.0 34.0 -49.0 451 453 -1
453 -28.5 34.0 -48.5 452 454 -1
454 -28.0 34.0 -48.0 453 455 -1
455 -28.0 34.5 -47.5 454 456 -1
456 -27.5 34.5 -47.0 455 457 -1
457 -27.0 34.5 -46.5 456 458 -1
458 -26.5 34.5 -46.0 457 459 -1
459 -26.5 35.0 -45.5 458 460 -1
460 -26.0 35.0 -45.0 459 461 -1
461 -25.5 35.0 -44.5 460 462 -1
462 -25.5 35.0 -44.0 461 463 -1
463 -25.0 35.5 -43.5 462 464 -1
464 -24.5 35.5 -43.0 463 465 -1
465 -24.0 35.5 -42.5 464 466 -1
466 -24.0 35.5 -42.0 465 467 -1
467 -23.5 36.0 -41.5 466 468 -1
468 -23.0 35.5 -41.0 467 469 -1
469 -23.0 36.0 -40.5 468 470 -1
470 -23.0 36.0 -40.0 469 471 -1
471 -22.5 36.0 -39.5 470 472 -1
472 -22.0 36.0 -39.0 471 473 -1
473 -21.5 36.0 -38.5 472 474 -1
474 -21.0 36.0 -38.0 473 475 -1
475 -21.0 36.0 -37.5 474 -1 -1
