0 41.5 -146.5 574.5 -1 1 -1
1 41.0 -146.5 574.5 0 2 -1
2 40.5 -147.0 575.0 1 3 -1
3 40.0 -147.0 575.0 2 4 -1
4 39.5 -147.0 575.0 3 5 -1
5 39.0 -147.5 575.5 4 6 -1
6 38.5 -148.0 576.0 5 7 -1
7 38.5 -148.5 576.5 6 8 -1
8 38.0 -149.0 577.0 7 9 -1
9 37.5 -149.5 577.5 8 10 -1
10 37.0 -150.0 578.0 9 11 -1
11 37.0 -150.0 578.5 10 12 -1
12 36.5 -150.0 579.0 11 13 -1
13 36.0 -150.5 580.0 12 14 -1
14 35.5 -151.0 580.5 13 15 -1
15 35.5 -151.5 581.0 14 16 -1
16 35.0 -151.5 581.5 15 17 -1
17 34.5 -151.5 582.0 16 18 -1
18 34.0 -152.0 582.5 17 19 -1
19 33.5 -152.0 583.0 18 20 -1
20 33.5 -152.0 583.5 19 21 -1
21 33.0 -152.5 584.0 20 22 -1
22 33.0 -153.0 584.5 21 23 -1
23 32.5 -152.5 585.0 22 24 -1
24 32.5 -153.0 585.5 23 25 -1
25 32.5 -153.0 586.0 24 26 -1
26 32.0 -153.0 586.5 25 27 -1
27 32.0 -153.0 587.0 26 28 -1
28 31.5 -153.0 587.5 27 29 -1
29 31.5 -153.5 588.0 28 30 -1
30 31.0 -153.5 588.5 29 31 -1
31 31.0 -153.5 589.0 30 32 -1
32 30.5 -153.5 589.5 31 33 -1
33 30.0 -153.5 590.0 32 34 -1
34 30.0 -153.5 590.5 33 35 -1
35 30.0 -153.5 591.0 34 36 -1
36 29.5 -153.5 591.5 35 37 -1
37 30.0 -154.0 592.0 36 38 -1
38 30.0 -154.0 592.5 37 39 -1
39 30.0 -154.0 593.0 38 40 -1
40 29.5 -154.0 593.5 39 41 -1
41 29.5 -154.0 594.0 40 42 -1
42 29.5 -154.0 594.5 41 43 -1
43 29.0 -154.0 595.0 42 44 -1
44 29.0 -154.0 595.5 43 45 -1
45 29.0 -154.0 596.0 44 46 -1
46 29.0 -154.5 596.5 45 47 -1
47 29.0 -154.5 597.0 46 48 -1
48 29.0 -155.0 597.5 47 49 -1
49 28.5 -154.5 598.0 48 50 -1
50 28.5 -155.0 598.5 49 51 -1
51 28.5 -155.5 599.0 50 52 -1
52 28.0 -155.5 599.5 51 53 -1
53 28.0 -155.5 600.0 52 54 -1
54 28.0 -156.0 600.5 53 55 -1
55 27.5 -156.0 601.0 54 56 -1
56 28.0 -156.5 601.5 55 57 -1
57 27.5 -157.0 602.0 56 58 -1
58 27.5 -157.5 602.5 57 59 -1
59 27.5 -158.0 603.0 58 60 -1
60 27.0 -158.0 603.5 59 61 -1
61 27.0 -158.5 604.0 60 62 -1
62 27.0 -159.0 604.5 61 63 -1
63 26.5 -159.5 605.0 62 64 -1
64 26.0 -160.0 605.0 63 65 -1
65 25.5 -160.5 605.5 64 66 -1
66 25.5 -161.0 605.5 65 67 -1
67 25.0 -161.5 606.0 66 68 -1
68 24.5 -162.0 606.5 67 69 -1
69 24.5 -162.5 606.5 68 70 -1
70 24.0 -163.0 606.5 69 71 -1
71 24.0 -163.5 606.5 70 72 -1
72 23.5 -164.0 607.0 71 73 -1
73 23.0 -164.5 607.0 72 74 -1
74 22.5 -165.0 607.5 73 75 -1
75 22.0 -165.5 607.5 74 76 -1
76 21.5 -166.0 608.0 75 77 -1
77 21.0 -166.5 608.0 76 78 -1
78 20.5 -167.0 608.0 77 79 -1
79 20.0 -167.5 608.0 78 80 -1
80 19.5 -168.0 608.0 79 81 -1
81 19.0 -168.0 608.0 80 82 -1
82 18.5 -168.5 608.0 81 83 -1
83 18.0 -169.0 608.0 82 84 -1
84 17.5 -169.5 608.0 83 85 -1
85 17.0 -170.0 607.5 84 86 -1
86 16.5 -170.5 607.5 85 87 -1
87 16.0 -171.0 607.0 86 88 -1
88 15.5 -171.5 607.0 87 89 -1
89 15.0 -171.5 607.0 88 90 -1
90 14.5 -172.0 606.5 89 91 -1
91 14.0 -172.0 606.5 90 92 -1
92 13.5 -172.5 606.0 91 93 -1
93 13.0 -173.0 605.5 92 94 -1
94 12.5 -173.0 605.5 93 95 -1
95 12.0 -173.5 605.0 94 96 -1
96 11.5 -173.5 604.5 95 97 -1
97 11.0 -174.0 604.5 96 98 -1
98 10.5 -174.0 604.5 97 99 -1
99 10.0 -174.5 604.0 98 100 -1
100 9.5 -175.0 603.5 99 101 -1
101 9.0 -175.0 603.0 100 102 -1
102 8.5 -175.5 603.0 101 103 -1
103 8.0 -175.5 602.5 102 104 -1
104 7.5 -175.5 602.5 103 105 -1
105 7.0 -175.5 602.5 104 106 -1
106 6.5 -176.0 602.0 105 107 -1
107 6.0 -175.5 601.5 106 108 -1
108 5.5 -176.0 601.5 107 109 -1
109 5.0 -176.0 601.0 108 110 -1
110 4.5 -175.5 601.0 109 111 -1
111 4.0 -175.5 600.5 110 112 -1
112 3.5 -175.5 600.0 111 113 -1
113 3.0 -175.5 599.5 112 114 -1
114 2.5 -175.5 599.0 113 115 -1
115 2.0 -175.0 599.0 114 116 -1
116 1.5 -175.0 598.5 115 117 -1
117 1.0 -175.5 598.0 116 118 -1
118 0.5 -175.0 598.0 117 119 -1
119 0.0 -175.0 597.5 118 120 -1
120 -0.5 -175.5 597.0 119 121 -1
121 -1.0 -175.5 596.5 120 122 -1
122 -1.5 -175.5 596.5 121 123 -1
123 -2.0 -175.0 596.5 122 124 -1
124 -2.5 -175.0 596.0 123 125 -1
125 -3.0 -175.5 595.5 124 126 -1
126 -3.5 -175.5 595.0 125 127 -1
127 -4.0 -175.0 595.0 126 128 -1
128 -4.5 -174.5 595.0 127 129 -1
129 -5.0 -174.0 595.0 128 130 131
130 -5.5 -174.5 594.5 129 132 -1
131 -5.0 -173.5 595.5 129 133 -1
132 -6.0 -174.5 594.0 130 134 -1
133 -5.0 -173.0 596.0 131 135 -1
134 -6.5 -175.0 593.5 132 136 -1
135 -5.5 -172.5 596.5 133 137 -1
136 -7.0 -175.0 593.0 134 138 -1
137 -6.0 -172.5 597.0 135 139 -1
138 -7.5 -175.0 593.0 136 140 -1
139 -6.0 -172.5 597.5 137 141 -1
140 -8.0 -175.0 592.5 138 142 -1
141 -6.5 -172.0 598.0 139 143 -1
142 -8.5 -175.0 592.0 140 144 -1
143 -6.5 -171.5 598.5 141 145 -1
144 -9.0 -175.0 591.5 142 146 -1
145 -6.5 -171.5 599.0 143 147 -1
146 -9.5 -175.0 591.0 144 148 -1
147 -7.0 -171.0 599.5 145 149 -1
148 -10.0 -175.0 591.0 146 150 -1
149 -7.5 -170.5 600.0 147 151 -1
150 -10.5 -175.5 590.5 148 152 -1
151 -7.5 -170.0 600.5 149 153 -1
152 -11.0 -175.0 590.0 150 154 -1
153 -8.0 -170.0 601.0 151 155 -1
154 -11.5 -175.0 589.5 152 156 -1
155 -7.5 -170.5 601.5 153 157 -1
156 -12.0 -174.5 589.0 154 158 -1
157 -7.5 -170.0 602.0 155 159 -1
158 -12.5 -174.5 588.5 156 160 -1
159 -7.5 -170.0 602.5 157 161 -1
160 -13.0 -174.0 588.0 158 162 -1
161 -7.5 -170.0 603.0 159 163 -1
162 -13.5 -173.5 587.5 160 164 -1
163 -7.5 -170.0 603.5 161 165 -1
164 -14.0 -173.5 587.0 162 166 -1
165 -7.5 -170.0 604.0 163 167 -1
166 -14.5 -173.0 586.5 164 168 -1
167 -7.5 -170.0 604.5 165 169 -1
168 -15.0 -172.5 586.0 166 170 -1
169 -7.5 -170.0 605.0 167 171 -1
170 -15.5 -172.0 586.0 168 172 -1
171 -7.5 -170.5 605.5 169 173 -1
172 -16.0 -172.0 585.5 170 174 -1
173 -7.5 -170.5 606.0 171 175 -1
174 -16.5 -172.0 585.5 172 176 -1
175 -7.5 -170.5 606.5 173 177 -1
176 -17.0 -171.5 585.0 174 178 -1
177 -7.5 -171.0 607.0 175 179 -1
178 -17.5 -171.5 585.0 176 180 -1
179 -7.5 -171.0 607.5 177 181 -1
180 -18.0 -171.0 584.5 178 182 -1
181 -8.0 -170.5 608.0 179 183 -1
182 -18.5 -170.5 584.0 180 184 -1
183 -7.5 -171.0 608.5 181 185 -1
184 -19.0 -170.5 583.5 182 186 -1
185 -7.5 -171.0 609.0 183 187 -1
186 -19.5 -170.0 583.0 184 188 -1
187 -7.5 -171.0 609.5 185 189 -1
188 -20.0 -169.5 582.5 186 190 -1
189 -7.5 -171.0 610.0 187 191 -1
190 -20.5 -169.0 582.5 188 192 -1
191 -7.5 -171.0 610.5 189 193 -1
192 -20.5 -168.5 582.5 190 194 -1
193 -7.5 -171.0 611.0 191 195 -1
194 -21.0 -168.0 582.0 192 196 -1
195 -7.5 -171.5 611.5 193 197 -1
196 -21.5 -167.5 582.0 194 198 -1
197 -7.5 -171.5 612.0 195 199 -1
198 -22.0 -167.0 581.5 196 200 -1
199 -7.5 -171.5 612.5 197 201 -1
200 -22.5 -166.5 582.0 198 202 -1
201 -7.5 -171.5 613.0 199 203 -1
202 -23.0 -166.0 582.5 200 204 -1
203 -7.5 -172.0 613.5 201 205 -1
204 -23.5 -165.5 582.5 202 206 -1
205 -7.5 -172.0 614.0 203 207 -1
206 -24.0 -165.5 582.5 204 208 -1
207 -7.0 -172.0 614.5 205 209 -1
208 -24.5 -165.5 582.0 206 210 211
209 -7.0 -172.0 615.0 207 212 -1
210 -25.0 -166.0 581.5 208 213 -1
211 -25.0 -164.5 583.0 208 214 -1
212 -7.5 -172.5 615.5 209 215 -1
213 -24.5 -166.5 581.0 210 216 -1
214 -25.5 -164.0 583.0 211 217 -1
215 -7.0 -172.5 616.0 212 218 -1
216 -24.5 -167.0 580.5 213 219 -1
217 -26.0 -163.5 583.5 214 220 -1
218 -6.5 -172.5 616.5 215 221 -1
219 -24.5 -167.5 580.0 216 222 -1
220 -26.5 -163.5 583.5 217 223 -1
221 -6.5 -172.5 617.0 218 224 -1
222 -24.5 -167.5 579.5 219 225 -1
223 -27.0 -163.0 584.0 220 226 -1
224 -6.5 -172.5 617.5 221 227 -1
225 -24.5 -168.0 579.0 222 228 -1
226 -27.5 -162.5 584.0 223 229 -1
227 -6.5 -173.0 618.0 224 230 -1
228 -24.5 -168.5 578.5 225 231 -1
229 -28.0 -162.0 584.0 226 232 -1
230 -6.5 -173.0 618.5 227 233 -1
231 -24.5 -168.5 578.0 228 234 -1
232 -28.5 -162.0 584.0 229 235 -1
233 -6.0 -173.0 619.0 230 236 -1
234 -24.5 -169.0 577.5 231 237 -1
235 -29.0 -162.0 584.5 232 238 -1
236 -6.0 -173.0 619.5 233 239 -1
237 -24.5 -169.5 577.0 234 240 -1
238 -29.5 -161.5 585.0 235 241 -1
239 -5.5 -173.0 620.0 236 242 -1
240 -24.5 -170.0 576.5 237 243 -1
241 -30.0 -161.0 585.5 238 244 -1
242 -5.5 -173.5 620.5 239 245 -1
243 -24.5 -170.0 576.0 240 246 -1
244 -30.5 -161.0 586.0 241 247 -1
245 -5.5 -173.5 621.0 242 248 -1
246 -24.5 -170.5 575.5 243 249 -1
247 -31.0 -161.0 586.5 244 250 -1
248 -5.0 -173.5 621.5 245 251 -1
249 -25.0 -171.0 575.0 246 252 -1
250 -31.5 -161.0 586.5 247 253 -1
251 -5.0 -174.0 622.0 248 254 -1
252 -24.5 -171.0 574.5 249 255 -1
253 -32.0 -160.5 587.0 250 256 -1
254 -4.5 -173.5 622.5 251 257 -1
255 -25.0 -171.5 574.0 252 258 -1
256 -32.5 -160.5 587.5 253 259 -1
257 -4.5 -174.0 623.0 254 260 -1
258 -25.0 -172.0 573.5 255 261 -1
259 -33.0 -160.0 588.0 256 262 -1
260 -4.0 -173.5 623.5 257 263 -1
261 -25.0 -172.0 573.0 258 264 -1
262 -33.5 -160.0 588.5 259 265 -1
263 -4.0 -174.0 624.0 260 266 -1
264 -25.5 -172.5 572.5 261 267 -1
265 -33.5 -159.5 589.0 262 268 -1
266 -3.5 -174.0 624.5 263 269 -1
267 -25.5 -172.5 572.0 264 270 -1
268 -34.0 -159.5 589.5 265 271 -1
269 -3.5 -174.0 625.0 266 272 -1
270 -25.5 -172.5 571.5 267 273 -1
271 -34.5 -159.0 590.0 268 274 -1
272 -3.5 -174.5 625.5 269 275 -1
273 -26.0 -173.0 571.0 270 276 -1
274 -35.0 -159.0 590.5 271 277 -1
275 -3.0 -174.5 626.0 272 278 -1
276 -26.0 -173.0 570.5 273 279 -1
277 -35.5 -159.0 591.0 274 280 -1
278 -3.0 -175.0 626.5 275 281 -1
279 -26.0 -173.0 570.0 276 282 -1
280 -36.0 -158.5 591.5 277 283 -1
281 -2.5 -175.0 627.0 278 284 -1
282 -25.5 -173.0 569.5 279 285 -1
283 -36.0 -158.0 592.0 280 286 -1
284 -2.0 -175.0 627.5 281 287 -1
285 -25.5 -173.5 569.0 282 288 -1
286 -36.5 -158.0 592.5 283 289 -1
287 -2.0 -175.5 628.0 284 290 -1
288 -26.0 -174.0 568.5 285 291 -1
289 -37.0 -158.0 593.0 286 292 -1
290 -1.5 -175.5 628.5 287 -1 -1
291 -26.0 -174.0 568.0 288 293 -1
292 -37.5 -157.5 593.5 289 294 -1
293 -26.0 -174.0 567.5 291 295 -1
294 -38.0 -157.5 594.0 292 296 -1
295 -25.5 -174.0 567.0 293 297 -1
296 -38.5 -157.5 594.5 294 298 -1
297 -25.5 -174.0 566.5 295 299 -1
298 -38.5 -157.0 595.0 296 300 -1
299 -26.0 -174.5 566.0 297 301 -1
300 -38.5 -157.0 595.5 298 302 -1
301 -25.5 -174.5 565.5 299 303 -1
302 -39.0 -157.0 596.0 300 304 -1
303 -25.5 -174.5 565.0 301 305 -1
304 -39.5 -157.0 596.5 302 306 -1
305 -25.5 -174.5 564.5 303 307 -1
306 -39.5 -157.0 597.0 304 308 -1
307 -25.0 -174.5 564.0 305 309 -1
308 -39.5 -156.5 597.5 306 310 -1
309 -25.0 -174.5 563.5 307 311 -1
310 -39.5 -156.0 598.0 308 312 -1
311 -25.0 -174.5 563.0 309 313 -1
312 -40.0 -156.0 598.5 310 314 -1
313 -25.0 -174.5 562.5 311 315 -1
314 -40.0 -156.0 599.0 312 316 -1
315 -25.0 -174.5 562.0 313 317 -1
316 -40.5 -156.0 599.5 314 318 -1
317 -25.0 -174.5 561.5 315 319 -1
318 -40.5 -156.0 600.0 316 320 -1
319 -25.0 -174.5 561.0 317 321 -1
320 -40.5 -155.5 600.5 318 322 -1
321 -25.0 -174.5 560.5 319 323 -1
322 -40.5 -155.0 601.0 320 324 -1
323 -25.0 -174.5 560.0 321 325 -1
324 -41.0 -155.5 601.5 322 326 -1
325 -25.0 -174.5 559.5 323 327 -1
326 -41.0 -155.0 602.0 324 328 -1
327 -25.0 -174.5 559.0 325 329 -1
328 -41.0 -154.5 602.5 326 330 -1
329 -25.0 -174.5 558.5 327 331 -1
330 -41.5 -155.0 603.0 328 332 -1
331 -25.0 -174.5 558.0 329 333 -1
332 -41.5 -154.5 603.5 330 334 -1
333 -25.0 -174.5 557.5 331 335 -1
334 -42.0 -154.5 604.0 332 336 -1
335 -25.0 -174.5 557.0 333 337 -1
336 -41.5 -154.0 604.5 334 338 -1
337 -25.5 -174.5 556.5 335 339 -1
338 -42.0 -154.0 605.0 336 340 -1
339 -25.5 -174.5 556.0 337 341 -1
340 -42.0 -154.0 605.5 338 342 -1
341 -26.0 -174.5 555.5 339 343 -1
342 -42.5 -154.0 606.0 340 344 -1
343 -26.0 -175.0 555.0 341 -1 -1
344 -42.5 -154.0 606.5 342 345 -1
345 -43.0 -154.0 607.0 344 346 -1
346 -43.0 -153.5 607.5 345 347 -1
347 -43.0 -153.5 608.0 346 348 -1
348 -43.5 -153.5 608.5 347 349 -1
349 -43.5 -153.0 609.0 348 350 -1
350 -43.5 -153.0 609.5 349 351 -1
351 -43.5 -152.5 610.0 350 352 -1
352 -44.0 -152.5 610.5 351 353 -1
353 -44.0 -152.5 611.0 352 354 -1
354 -44.0 -152.5 611.5 353 355 -1
355 -44.0 -152.5 612.0 354 356 -1
356 -44.0 -152.5 612.5 355 357 -1
357 -44.0 -152.5 613.0 356 358 -1
358 -44.0 -152.5 613.5 357 359 -1
359 -44.0 -152.5 614.0 358 360 -1
360 -44.0 -152.5 614.5 359 361 -1
361 -44.5 -152.5 615.0 360 362 -1
362 -44.5 -152.0 615.5 361 363 -1
363 -45.0 -152.5 616.0 362 364 -1
364 -45.0 -152.5 616.5 363 365 -1
365 -45.0 -152.5 617.0 364 366 -1
366 -45.0 -152.0 617.5 365 367 -1
367 -45.5 -152.0 618.0 366 368 -1
368 -46.0 -152.0 618.5 367 369 370
369 -45.5 -152.5 619.0 368 371 -1
370 -46.5 -151.5 619.5 368 372 -1
371 -45.5 -153.0 619.5 369 373 -1
372 -46.5 -151.0 620.0 370 374 -1
373 -46.0 -153.5 620.0 371 375 -1
374 -47.0 -150.5 620.0 372 376 -1
375 -45.5 -154.0 620.5 373 377 -1
376 -46.5 -150.0 620.0 374 378 -1
377 -45.5 -154.0 621.0 375 379 -1
378 -47.0 -149.5 620.5 376 380 -1
379 -45.5 -154.5 621.5 377 381 -1
380 -47.5 -149.0 621.0 378 382 -1
381 -46.0 -154.5 622.0 379 383 -1
382 -48.0 -148.5 621.5 380 384 -1
383 -46.0 -155.0 622.5 381 385 -1
384 -48.5 -148.0 622.0 382 386 -1
385 -46.0 -155.0 623.0 383 387 -1
386 -48.5 -147.5 622.5 384 388 -1
387 -46.0 -155.0 623.5 385 389 -1
388 -49.0 -147.0 623.0 386 390 -1
389 -45.5 -155.5 624.0 387 391 -1
390 -49.5 -146.5 623.5 388 392 -1
391 -45.5 -156.0 624.0 389 393 -1
392 -50.0 -146.0 624.0 390 394 -1
393 -45.0 -156.5 624.5 391 395 -1
394 -50.5 -145.5 624.5 392 396 -1
395 -45.0 -156.5 625.0 393 397 -1
396 -51.0 -145.0 625.0 394 398 -1
397 -45.0 -157.0 625.5 395 399 -1
398 -51.5 -144.5 625.5 396 400 -1
399 -45.0 -157.0 626.0 397 401 -1
400 -52.0 -144.5 625.5 398 402 -1
401 -45.0 -157.0 626.5 399 403 -1
402 -52.5 -144.0 626.0 400 404 -1
403 -45.0 -157.5 627.0 401 405 -1
404 -53.0 -143.5 626.5 402 406 -1
405 -45.5 -157.5 627.5 403 407 -1
406 -53.5 -143.5 627.0 404 408 -1
407 -45.0 -158.0 628.0 405 409 -1
408 -54.0 -143.5 627.5 406 410 -1
409 -45.0 -158.0 628.5 407 411 -1
410 -54.5 -143.0 627.5 408 412 -1
411 -45.0 -158.0 629.0 409 413 -1
412 -55.0 -142.5 627.5 410 414 -1
413 -45.5 -158.5 629.5 411 415 -1
414 -55.5 -142.5 628.0 412 416 -1
415 -45.0 -158.5 630.0 413 417 -1
416 -56.0 -142.5 628.5 414 418 -1
417 -45.0 -159.0 630.5 415 419 -1
418 -56.5 -142.0 628.5 416 420 -1
419 -45.0 -159.0 631.0 417 421 -1
420 -57.0 -142.5 629.0 418 422 -1
421 -45.0 -159.5 631.5 419 423 -1
422 -57.5 -142.0 629.0 420 424 -1
423 -45.0 -159.5 632.0 421 425 -1
424 -58.0 -141.5 629.0 422 426 -1
425 -45.0 -160.0 632.5 423 427 -1
426 -58.5 -141.5 629.0 424 428 -1
427 -45.5 -160.5 633.0 425 429 -1
428 -59.0 -141.5 629.5 426 430 -1
429 -45.0 -160.5 633.5 427 431 -1
430 -59.5 -141.0 629.5 428 432 -1
431 -45.0 -161.0 634.0 429 433 -1
432 -60.0 -141.0 629.5 430 434 -1
433 -45.5 -161.5 634.5 431 435 -1
434 -60.5 -140.5 629.5 432 436 -1
435 -45.0 -161.5 635.0 433 437 -1
436 -61.0 -141.0 630.0 434 438 -1
437 -45.0 -162.0 635.5 435 439 -1
438 -61.5 -141.0 630.0 436 440 -1
439 -44.5 -162.0 636.0 437 441 -1
440 -62.0 -140.5 630.5 438 442 -1
441 -44.5 -162.5 636.5 439 443 -1
442 -62.5 -140.0 630.5 440 444 -1
443 -45.0 -163.0 636.5 441 445 -1
444 -63.0 -139.5 630.0 442 446 -1
445 -45.5 -163.5 637.0 443 447 -1
446 -63.5 -140.0 630.5 444 -1 -1
447 -45.0 -163.5 637.5 445 448 -1
448 -45.0 -164.0 638.0 447 449 -1
449 -45.0 -164.5 638.5 448 450 -1
450 -45.0 -165.0 639.0 449 451 -1
451 -45.0 -165.5 639.5 450 452 -1
452 -45.0 -166.0 640.0 451 453 -1
453 -45.0 -166.0 640.5 452 -1 -1
