0 41.5 -146.5 574.5 -1 1 -1
1 41.34275890910876 -146.58948542563493 574.596855464425 0 2 -1
2 41.18708923340419 -146.6800694753609 574.6952284722528 1 3 -1
3 41.0328472946406 -146.77162049335126 574.7949462230604 2 4 -1
4 40.880012476697274 -146.86407428350674 574.8959890078828 3 5 -1
5 40.72856611165199 -146.957369593643 574.9983405071131 4 6 -1
6 40.57847545253237 -147.05143897071255 575.1019725320159 5 7 -1
7 40.42971682425757 -147.14622267174448 575.2068666962869 6 8 -1
8 40.28226663715909 -147.2416627654063 575.3130058394859 7 9 -1
9 40.13610145220505 -147.33770303373646 575.4203739821891 8 10 -1
10 39.99120180411509 -147.43429037289332 575.5289599305831 9 11 -1
11 39.84754242689087 -147.53137047971222 575.6387477814866 10 12 -1
12 39.70509837008499 -147.6288907899849 575.7497226402713 11 13 -1
13 39.56384735787797 -147.72680107261073 575.8618728679892 12 14 -1
14 39.42376748648486 -147.8250523304097 575.9751877953727 13 15 -1
15 39.28483725187837 -147.92359671107718 576.0896576850956 14 16 -1
16 39.147035573364164 -148.022387420083 576.2052736953697 15 17 -1
17 39.010341813469545 -148.12137863553693 576.3220278448683 16 18 -1
18 38.87473579457162 -148.2205254250151 576.4399129789513 17 19 -1
19 38.74019781265614 -148.31978366432006 576.5589227371503 18 20 -1
20 38.606708648566354 -148.4191099581275 576.6790515218645 19 21 -1
21 38.474249577071575 -148.5184615624581 576.8002944682006 20 22 -1
22 38.34280237405711 -148.61779630890035 576.9226474148857 21 23 -1
23 38.21234932211189 -148.71707253050064 577.046106876173 22 24 -1
24 38.082873214766074 -148.81624898923062 577.1706700146499 23 25 -1
25 37.954357359610285 -148.91528480493508 577.2963346148531 24 26 -1
26 37.82678558050597 -149.01413938566353 577.4230990575896 25 27 -1
27 37.70014221908258 -149.1127723592828 577.550962294855 26 28 -1
28 37.5744121356954 -149.21114350627334 577.6799238252349 27 29 -1
29 37.449580710008156 -149.30921269360948 577.8099836696698 28 30 -1
30 37.32563384134762 -149.40693980962772 577.9411423474597 29 31 -1
31 37.20255794896673 -149.5042846997931 578.073400852375 30 32 -1
32 37.08033997234154 -149.6012071032767 578.2067606287377 31 33 -1
33 36.958967371617746 -149.69766659026442 578.3412235473313 32 34 -1
34 36.83842812831314 -149.793622499926 578.4767918809875 33 35 -1
35 36.71871074637396 -149.88903387898057 578.6134682796941 34 36 -1
36 36.5998053636406 -149.9838585499316 578.7512572906555 35 37 -1
37 36.48170120283754 -150.07805486029767 578.8901618466291 36 38 -1
38 36.36438747413208 -150.17158125450493 579.0301843706275 37 39 -1
39 36.247854779346106 -150.26439502719705 579.1713287312493 38 40 -1
40 36.1320942573282 -150.3564528844289 579.3135990364 39 41 -1
41 36.01709758873462 -150.4477108851919 579.4569996018736 40 42 -1
42 35.90285700167424 -150.5381243834639 579.6015349181632 41 43 -1
43 35.789365278271426 -150.627647970841 579.747209615284 42 44 -1
44 35.676615762192036 -150.7162354198339 579.894028425378 43 45 -1
45 35.564602367175084 -150.8038396279368 580.0419961428664 44 46 -1
46 35.453319586603264 -150.8904125626061 580.1911175819037 45 47 -1
47 35.3427625041431 -150.97590520731433 580.3413975308843 46 48 -1
48 35.23292680547346 -151.060267508884 580.4928407037422 47 49 -1
49 35.12380879111714 -151.14344832633665 580.6454516877834 48 50 -1
50 35.01540539037856 -151.22539538153657 580.7992348877829 49 51 -1
51 34.907714176380395 -151.3060552119514 580.9541944660821 50 52 -1
52 34.80073338218083 -151.38537312589585 581.1103342784194 51 53 -1
53 34.69446191793955 -151.46329316067704 581.2676578052327 52 54 -1
54 34.58889938908399 -151.5397580441119 581.4261680781831 53 55 -1
55 34.4840461154119 -151.61470915994266 581.5858676016567 54 56 -1
56 34.37990315576535 -151.68808654080198 581.7467582616853 55 57 -1
57 34.276475286049504 -151.75984374083632 581.9088365713473 56 58 -1
58 34.17377685090329 -151.82998034834023 582.0720839174837 57 59 -1
59 34.071823781961385 -151.89850650116657 582.2364784390237 58 60 -1
60 33.970631568036694 -151.96543326049348 582.4019981674841 59 61 -1
61 33.870216339584495 -152.0307704113164 582.5686225567345 60 62 -1
62 33.77059375909401 -152.09452885848614 582.736330788447 61 63 -1
63 33.67177611671607 -152.1567260644219 582.9050981550405 62 64 -1
64 33.57377708019427 -152.21737654780569 583.0749025959046 63 65 -1
65 33.476609860179366 -152.27649560680652 583.2457221218898 64 66 -1
66 33.38028721220967 -152.3340992886007 583.4175348458633 65 67 -1
67 33.28482144004401 -152.390204358592 583.5903190116038 66 68 -1
68 33.19022440027506 -152.44482826947265 583.7640530210052 67 69 -1
69 33.09650982651379 -152.49798537206678 583.9387178202624 68 70 -1
70 33.003689385202186 -152.5496935896081 584.114292638989 69 71 -1
71 32.91177089673005 -152.59997680941433 584.2907536137833 70 72 -1
72 32.82076448803856 -152.64885495598017 584.4680800041285 71 73 -1
73 32.730679878489546 -152.69634848688167 584.6462513397425 72 74 -1
74 32.641526390589135 -152.7424783634689 584.8252474374806 73 75 -1
75 32.55331574364188 -152.78726214905782 585.0050507202978 74 76 -1
76 32.46605749214605 -152.83072066645735 585.1856421980065 75 77 -1
77 32.37975628888822 -152.87288129515105 585.3669996001009 76 78 -1
78 32.294419980555574 -152.91376675417058 585.5491040251936 77 79 -1
79 32.21005608044051 -152.9534001293152 585.731936921007 78 80 -1
80 32.12667297364212 -152.99180339388298 585.9154809280476 79 81 -1
81 32.04428256065018 -153.02899444164393 586.0997215469712 80 82 -1
82 31.962885427506894 -153.06500485746253 586.284636965209 81 83 -1
83 31.882487890234323 -153.09985897570849 586.4702100913958 82 84 -1
84 31.803096004783942 -153.13358138446748 586.6564242093501 83 85 -1
85 31.72471814558634 -153.1661941792366 586.8432645138275 84 86 -1
86 31.64736290072066 -153.19771951173888 587.0307166527097 85 87 -1
87 31.57103023388863 -153.22818853431622 587.2187617134238 86 88 -1
88 31.495725307493252 -153.25762668085886 587.4073844883162 87 89 -1
89 31.42145309992127 -153.2860595536274 587.5965701423206 88 90 -1
90 31.348225128691677 -153.31350676713225 587.7863076509748 89 91 -1
91 31.27604145376933 -153.33999885812736 587.9765803272538 90 92 -1
92 31.204904635830886 -153.36556370867893 588.1673734039955 91 93 -1
93 31.134819064060586 -153.39022747828236 588.3586735004346 92 94 -1
94 31.06579329754886 -153.4140130093626 588.5504695286894 93 95 -1
95 30.997832309675573 -153.4369464074746 588.7427489824314 94 96 -1
96 30.930935291845767 -153.4590582141689 588.9354972150744 95 97 -1
97 30.865106277542516 -153.48037499508447 589.1287022018256 96 98 -1
98 30.80035281339457 -153.50092093989946 589.3223536737682 97 99 -1
99 30.736681617928163 -153.52072121274583 589.5164412022007 98 100 -1
100 30.67409042351431 -153.53980704977073 589.7109511310637 99 101 -1
101 30.612583126846 -153.5582053376671 589.9058726564366 100 102 -1
102 30.55216843063013 -153.57594024288986 590.1011969758333 101 103 -1
103 30.492848992321697 -153.59304229673452 590.2969130444893 102 104 -1
104 30.43459953347616 -153.6095815538743 590.492998541187 103 105 -1
105 30.377387283711027 -153.625646281719 590.6894286057001 104 106 -1
106 30.321186120024066 -153.6413232424952 590.8861816580244 105 107 -1
107 30.26595693965984 -153.65670480423097 591.0832330600368 106 108 -1
108 30.211663137563097 -153.6718817625515 591.2805601045885 107 109 -1
109 30.158272284849176 -153.68694431504042 591.478142154825 108 110 -1
110 30.105754521207306 -153.70198409427908 591.675959812542 109 111 -1
111 30.054067739116427 -153.71709314301717 591.8739909515654 110 112 -1
112 30.003176969956122 -153.73236306996438 592.0722158308938 111 113 -1
113 29.953053959321412 -153.74788918388134 592.2706163571987 112 114 -1
114 29.903657225798494 -153.7637632436849 592.4691714363847 113 115 -1
115 29.854950327781356 -153.78007803269267 592.6678611615729 114 116 -1
116 29.80690274092648 -153.79693212092025 592.8666663587975 115 117 -1
117 29.7594760885789 -153.81441913687885 593.0655659472387 116 118 -1
118 29.712632564435623 -153.8326320288839 593.2645385507143 117 119 -1
119 29.666340865699393 -153.85167358383197 593.463562695775 118 120 -1
120 29.620563122268198 -153.87163846556834 593.6626152009578 119 121 -1
121 29.575261776289995 -153.89262009677782 593.8616720903973 120 122 -1
122 29.530405682035784 -153.91472804984434 594.0607078633628 121 123 -1
123 29.485955912695736 -153.9380534729205 594.2596957780707 122 124 -1
124 29.441876631212924 -153.96269357372188 594.4586076027188 123 125 -1
125 29.398136109907764 -153.98876424018331 594.6574117649402 124 126 -1
126 29.354695129771393 -154.01634905196937 594.8560771557817 125 127 -1
127 29.311520608770348 -154.04555917836294 595.0545681662363 126 128 -1
128 29.268577534427436 -154.07649683347466 595.2528474468659 127 129 -1
129 29.225829931917655 -154.10925090979075 595.4508770106466 128 130 -1
130 29.18324570758598 -154.1439490029849 595.6486103809768 129 131 -1
131 29.140788639796426 -154.1806650092498 595.8460062961934 130 132 -1
132 29.098426133524423 -154.21951714264992 596.0430131629809 131 133 -1
133 29.056124599517208 -154.2605983516631 596.239580314957 132 134 -1
134 29.013851343372444 -154.30400302070515 596.4356535101992 133 135 -1
135 28.97157423203765 -154.34984391430294 596.6311705248211 134 136 -1
136 28.929262106004426 -154.39818936526623 596.826075653374 135 137 -1
137 28.886883478418785 -154.44916936009992 597.0202936996359 136 138 -1
138 28.844409602496217 -154.5028361236973 597.2137655194589 137 139 -1
139 28.801810611077066 -154.5593033687354 597.4064108408036 138 140 -1
140 28.75905946824732 -154.61863737015938 597.5981585962667 139 141 -1
141 28.71612941805326 -154.680920155782 597.7889286205892 140 142 -1
142 28.672994494111116 -154.7462343044189 597.9786355574715 141 143 -1
143 28.629631872804094 -154.8146131709682 598.1672072505577 142 144 -1
144 28.586008095203052 -154.88607018186426 598.354573624765 143 145 -1
145 28.54209344866948 -154.96049395345176 598.5407131129539 144 146 -1
146 28.497852262223528 -155.0378376391949 598.7255806506802 145 147 -1
147 28.453251623016985 -155.11802629209907 598.9091451174837 146 148 -1
148 28.408260523892768 -155.20097532822138 599.0913830241986 147 149 -1
149 28.362840460581243 -155.28665039206052 599.2722482256369 148 150 -1
150 28.316963220582508 -155.3749526204756 599.4517291736356 149 151 -1
151 28.270595136900912 -155.4658207797174 599.6297977985186 150 152 -1
152 28.223698932110928 -155.55920953483806 599.8064181824009 151 153 -1
153 28.176246941695084 -155.65502988743535 599.9815816538282 152 154 -1
154 28.128205452475303 -155.75322398282736 600.1552636843901 153 155 -1
155 28.079536915620913 -155.85374730108185 600.3274320963825 154 156 -1
156 28.030214581636013 -155.95651722376564 600.4980813556061 155 157 -1
157 27.980206146530733 -156.06147474814065 600.6671926532022 156 158 -1
158 27.929472788493207 -156.16858014959 600.8347340872965 157 159 -1
159 27.877987547623576 -156.27775950578564 601.000700043405 158 160 -1
160 27.82571944365191 -156.38895376161815 601.1650760032524 159 161 -1
161 27.772635095765743 -156.5021111281259 601.327842917092 160 162 -1
162 27.718697574749157 -156.61718761504378 601.4889756476342 161 163 -1
163 27.663881417705646 -156.73411499011675 601.6484710192938 162 164 -1
164 27.60815502224204 -156.85284079402126 601.8063138497866 163 165 -1
165 27.551486819235972 -156.97331345935422 601.9624890476067 164 166 -1
166 27.493837440633197 -157.09549509371612 602.1169683142273 165 167 -1
167 27.43518336774037 -157.21932113927843 602.2697506231383 166 168 -1
168 27.375493423228484 -157.34474203572623 602.4208212362352 167 169 -1
169 27.314736541078997 -157.4717088113655 602.5701653855131 168 170 -1
170 27.252880770142674 -157.6001743189715 602.7177666653166 169 171 -1
171 27.189889331091788 -157.73009760527492 602.863601085603 170 172 -1
172 27.12573834253778 -157.86142195071739 603.0076642788264 171 173 -1
173 27.060397279486438 -157.99410024771768 603.1499409190377 172 174 -1
174 26.993835776088904 -158.1280857054934 603.2904154504023 173 175 -1
175 26.926023640774208 -158.26333179429486 603.4290720584904 174 176 -1
176 26.856929332724807 -158.39979356297127 603.5658924694707 175 177 -1
177 26.78651866545218 -158.5374282816243 603.7008542342762 176 178 -1
178 26.714767964085382 -158.6761843463147 603.8339490202317 177 179 -1
179 26.641647946974306 -158.81601574094017 603.9651597623099 178 180 -1
180 26.567129617599665 -158.95687643155748 604.0944690479857 179 181 -1
181 26.49118429449156 -159.09872031289626 604.2218591104055 180 182 -1
182 26.413783643958755 -159.24150115597604 604.3473118252884 181 183 -1
183 26.33489971570588 -159.38517255705685 604.4708087116238 182 184 -1
184 26.2545017401263 -159.52968956883208 604.5923267339068 183 185 -1
185 26.172562805332344 -159.67500484631955 604.711847003187 184 186 -1
186 26.0890595316623 -159.82106943181589 604.8293541432707 185 187 -1
187 26.00396594226471 -159.96783576680696 604.9448283434539 186 188 -1
188 25.91725666833319 -160.11525589154286 605.0582495019008 187 189 -1
189 25.828907002864483 -160.26328140782138 605.1695972510365 188 190 -1
190 25.738892957322882 -160.4118634451093 605.2788509873227 189 191 -1
191 25.647191321109776 -160.56095263034408 605.3859899054945 190 192 -1
192 25.5537804706639 -160.71049939398713 605.4909932346402 191 193 -1
193 25.458661095109125 -160.8604633339377 605.5938458258728 192 194 -1
194 25.36185956678515 -161.0108156069587 605.6945394687215 193 195 -1
195 25.26340357137076 -161.16152852430054 605.7930666350946 194 196 -1
196 25.16332046643211 -161.31257481890697 605.8894200216291 195 197 -1
197 25.061637282218808 -161.4639276283619 605.9835925207542 196 198 -1
198 24.958379615944125 -161.61556065929787 606.0755756215779 197 199 -1
199 24.85357450523073 -161.7674476609476 606.1653633790642 198 200 -1
200 24.74724885111716 -161.91956274480998 606.2529503044467 199 201 -1
201 24.639428391943145 -162.07188050648415 606.3383298189297 200 202 -1
202 24.530138562916225 -162.22437585559146 606.4214954180951 201 203 -1
203 24.419404504320653 -162.37702399727357 606.5024406524789 202 204 -1
204 24.307251070653294 -162.52980041367502 606.581159109651 203 205 -1
205 24.193702840613295 -162.68268084546034 606.6576443977834 204 206 -1
206 24.078784127876304 -162.8356412734143 606.7318901306763 205 207 -1
207 23.96251899258802 -162.98865790016936 606.8038899142259 206 208 -1
208 23.844931253515046 -163.141707132101 606.8736373343112 207 209 -1
209 23.726044500794707 -163.2947655614301 606.9411259460747 208 210 -1
210 23.605880853125313 -163.44780991116423 607.0063469858204 209 211 -1
211 23.48446416948939 -163.60081705320692 607.069295042543 210 212 -1
212 23.36181783211192 -163.7537640231893 607.1299642043225 211 213 -1
213 23.237964669612946 -163.90662796974883 607.1883478231969 212 214 -1
214 23.112927352627377 -164.05938614232994 607.2444391870494 213 215 -1
215 22.986728409093065 -164.2120158751928 607.2982315168408 214 216 -1
216 22.859390239804313 -164.3644945718489 607.3497179651265 215 217 -1
217 22.730935134189448 -164.51679968995293 607.3988916158385 216 218 -1
218 22.60138528627252 -164.66890872667872 607.4457454853274 217 219 -1
219 22.47076281078042 -164.82079920460697 607.4902725246543 218 220 -1
220 22.33908975935636 -164.97244865815367 607.5324656231211 219 221 -1
221 22.206388136841746 -165.12383462056778 607.5723176130348 220 222 -1
222 22.07267991758789 -165.27493461152784 607.6098212756988 221 223 -1
223 21.937987061759205 -165.4257261253666 607.6449693486246 222 224 -1
224 21.80233153158866 -165.57618661995605 607.6777545339581 223 225 -1
225 21.665733198360964 -165.72629264129264 607.7081640471785 224 226 -1
226 21.52821449556171 -165.87602150134487 607.7361911992613 225 227 -1
227 21.389799211389693 -166.0253511171199 607.7618329516915 226 228 -1
228 21.250509490152822 -166.17425868908683 607.7850819682335 227 229 -1
229 21.11036755756202 -166.32272133624497 607.8059309369406 228 230 -1
230 20.969395735875416 -166.4707160896213 607.8243725857396 229 231 -1
231 20.827616458694003 -166.61821988667037 607.8403996991846 230 232 -1
232 20.685052285358935 -166.76520956661523 607.8540051363664 231 233 -1
233 20.54172591489917 -166.9116618667686 607.8651818499644 232 234 -1
234 20.39765632783074 -167.05755025457302 607.8739096897873 233 235 -1
235 20.252870305698274 -167.2028538353343 607.8801936996273 234 236 -1
236 20.10739130548423 -167.34754919506673 607.8840280342259 235 237 -1
237 19.961242730018533 -167.4916126272853 607.8854062225096 236 238 -1
238 19.814448183553367 -167.6350203203921 607.8843219981178 237 239 -1
239 19.667031481884138 -167.7777483606807 607.8807693248359 238 240 -1
240 19.5190158747729 -167.9197717376817 607.8747390208044 239 241 -1
241 19.370423319597393 -168.06106292826883 607.8662146269069 240 242 -1
242 19.221281640500692 -168.2016016340454 607.8552050826163 241 243 -1
243 19.071614639034124 -168.341364457998 607.8417247252447 242 244 -1
244 18.92144428109265 -168.48032982018498 607.8258158074392 243 245 -1
245 18.770791384225713 -168.61847725520983 607.8075227545478 244 246 -1
246 18.619673741267707 -168.7557834257318 607.7868793189156 245 247 -1
247 18.46811056629078 -168.89222990110227 607.7639307455875 246 248 -1
248 18.316121376839558 -169.027802112797 607.7387289898037 247 249 -1
249 18.163722982644757 -169.16248311826394 607.7113166141415 248 250 -1
250 18.010931261436575 -169.29625670272253 607.6817355819395 249 251 -1
251 17.857759172702874 -169.42910212045638 607.6500156667946 250 252 -1
252 17.7042215805204 -169.56100564153945 607.6162013392133 251 253 -1
253 17.550333164435504 -169.6919564080915 607.5803406687496 252 254 -1
254 17.396106350026187 -169.82194055535936 607.542472920506 253 255 -1
255 17.241552505012187 -169.95094381220477 607.5026349662072 254 256 -1
256 17.086679939666073 -170.07894454635726 607.4608485784455 255 257 -1
257 16.931501799583074 -170.2059391050732 607.4171689208036 256 258 -1
258 16.77602751747442 -170.33191511280646 607.3716322600436 257 259 -1
259 16.6202658502237 -170.4568604361941 607.3242740898455 258 260 -1
260 16.464222447374404 -170.58075357927711 607.2751132717617 259 261 -1
261 16.307906923380447 -170.70359023877194 607.2241972797515 260 262 -1
262 16.15132660666528 -170.8253604617355 607.1715622491043 261 263 -1
263 15.994487791355423 -170.9460526413285 607.1172406189328 262 264 -1
264 15.837394205719649 -171.06564621501005 607.0612508675943 263 265 -1
265 15.680052480995812 -171.1841352441911 607.0036332551146 264 266 -1
266 15.522468005350115 -171.30151108422262 606.9444225911982 265 267 -1
267 15.364644978008355 -171.41776196479327 606.8836483850031 266 268 -1
268 15.206585442706357 -171.53286759149375 606.821328476149 267 269 -1
269 15.048293620689538 -171.64682004422167 606.7574972943552 268 270 -1
270 14.889773174228925 -171.75961102307122 606.6921877077423 269 271 -1
271 14.731026521271518 -171.8712279529307 606.6254265174011 270 272 -1
272 14.572054502536313 -171.9816516015709 606.5572324881167 271 273 -1
273 14.412858860092955 -172.09086900402542 606.4876321358281 272 274 -1
274 14.253441988160981 -172.19887260888464 606.41665765677 273 275 -1
275 14.09380478727232 -172.305648417361 606.3443334303475 274 276 -1
276 13.933947627636876 -172.41118089030786 606.2706821625203 275 277 -1
277 13.773869081166902 -172.51544541281515 606.1957175567874 276 278 -1
278 13.613570969746403 -172.61843731928815 606.1194739324982 277 279 -1
279 13.453052900394285 -172.72014056166464 606.0419735794162 278 280 -1
280 13.292314188583338 -172.82053846832065 605.9632383219613 279 281 -1
281 13.13135373285915 -172.9196128773486 605.8832888111375 280 282 -1
282 12.97016887917056 -173.01733710736374 605.802138654756 281 283 -1
283 12.808759769253442 -173.1137021260291 605.7198173578043 282 284 -1
284 12.647124669516863 -173.20868837104396 605.6363451259914 283 285 -1
285 12.485261612642544 -173.30227543001007 605.5517418267526 284 286 -1
286 12.323168409128062 -173.39444199007826 605.4660270171577 285 287 -1
287 12.160842659156469 -173.48516578566225 605.3792199727744 286 288 -1
288 11.998281456798223 -173.57442161391495 605.2913383525162 287 289 -1
289 11.835481652653574 -173.66218280455703 605.2023995094794 288 290 -1
290 11.672441093535314 -173.7484289045543 605.1124256616135 289 291 -1
291 11.5091566785083 -173.83313334499843 605.0214352562152 290 292 -1
292 11.345625166203256 -173.91626831337098 604.9294466204728 291 293 -1
293 11.18184319159943 -173.9978046867202 604.836477998584 292 294 -1
294 11.017807284271246 -174.0777119618012 604.7425475908318 293 295 -1
295 10.853513916913121 -174.1559582134801 604.6476735710916 294 296 -1
296 10.688962261722201 -174.2325131483241 604.5518719245495 295 297 -1
297 10.524157096127896 -174.3073520336767 604.4551545249099 296 298 -1
298 10.359104142091693 -174.3804511192944 604.357533318205 297 299 -1
299 10.193809366638561 -174.45178692662182 604.2590209188255 298 300 -1
300 10.028278979181975 -174.52133627672075 604.1596306089689 299 301 -1
301 9.862519428337343 -174.58907631832264 604.0593763370168 300 302 -1
302 9.69653667593574 -174.65497834768996 603.9582699206082 301 303 -1
303 9.530338022013137 -174.7190228675629 603.8563280218168 302 304 -1
304 9.363930911063598 -174.7811905244621 603.7535677014462 303 305 -1
305 9.197322725217052 -174.8414600727861 603.6500055865879 304 306 -1
306 9.030521061866171 -174.89981073717178 603.5456589454855 305 307 -1
307 8.863533727336542 -174.95622223986635 603.4405456790041 306 308 -1
308 8.696367803474523 -175.0106640240082 603.3346803267744 307 309 -1
309 8.529032044063953 -175.06312176446144 603.2280841755434 308 310 -1
310 8.36153528829316 -175.11358163011008 603.120778830409 309 311 -1
311 8.193886121768346 -175.16202562950028 603.0127846637383 310 312 -1
312 8.026092603516306 -175.20842582446267 602.9041192823532 311 313 -1
313 7.858163816326572 -175.25276582418329 602.7948046789854 312 314 -1
314 7.690109490745285 -175.29503885103028 602.6848659630568 313 315 -1
315 7.52193877276684 -175.33522814635245 602.5743253365625 314 316 -1
316 7.3536600764585 -175.37329853409256 602.4632005329571 315 317 -1
317 7.185284058948394 -175.4092573780832 602.3515212768954 316 318 -1
318 7.01682030935556 -175.44309166534381 602.2393116614684 317 319 -1
319 6.848277698627124 -175.4747637262936 602.1265905085538 318 320 -1
320 6.679667001587436 -175.50428632211617 602.0133888250743 319 321 -1
321 6.510998001956976 -175.53164557100868 601.8997313472121 320 322 -1
322 6.342280297017549 -175.55681142943146 601.785640177476 321 323 -1
323 6.173524477092242 -175.5797985290021 601.6711463530263 322 324 -1
324 6.004740430086555 -175.60058555687473 601.5562741716406 323 325 -1
325 5.8359383373433324 -175.61916256901387 601.4410504046367 324 326 -1
326 5.667128431576994 -175.63553906633078 601.3255047374234 325 327 -1
327 5.498320887177791 -175.64968283443613 601.209661128737 326 328 -1
328 5.329525837441802 -175.66161268937333 601.0935505142465 327 329 -1
329 5.160753443828813 -175.67131636119112 600.9771998063203 328 330 -1
330 4.9920139302836395 -175.6787845831605 600.8606366483821 329 331 -1
331 4.8233169940966265 -175.68403446051283 600.7438909475242 330 332 -1
332 4.6546732878253705 -175.68703553796652 600.6269889775326 331 333 -1
333 4.486092028497604 -175.68781609038803 600.5099611270138 332 334 -1
334 4.317583440595006 -175.68636234456497 600.3928350681698 333 335 -1
335 4.149157208160832 -175.68267805145882 600.2756395053899 334 336 -1
336 3.980822434940517 -175.67677770073786 600.1584031234912 335 337 -1
337 3.812589683072362 -175.66864076153843 600.0411541907357 336 338 -1
338 3.644466962547988 -175.6582999681469 599.9239211057132 337 339 -1
339 3.476464511387117 -175.64574018708223 599.8067323311025 338 340 -1
340 3.3085907620993544 -175.63097893969217 599.6896157753421 339 341 -1
341 3.1408542852648043 -175.61402746373682 599.5725990708444 340 342 -1
342 2.9732647031210035 -175.594877935581 599.4557110056126 341 343 -1
343 2.8058139964818176 -175.57366110027306 599.3389806520387 342 344 -1
344 2.6384679820645567 -175.55063341718787 599.2224431094577 343 345 -1
345 2.471182375605212 -175.52609270800383 599.1061275358468 344 346 -1
346 2.3039086738908923 -175.50032758047294 598.990059615321 345 347 -1
347 2.136593743091409 -175.47361171982183 598.8742661900512 346 348 -1
348 1.9691823423690387 -175.44623838827738 598.7587660051211 347 349 -1
349 1.8016155584120033 -175.41848507346685 598.643582188103 348 350 -1
350 1.6338335361777245 -175.39063599591535 598.5287352977094 349 351 -1
351 1.4657775828972899 -175.36297385009155 598.414244354698 350 352 -1
352 1.2973831579661048 -175.33579116105582 598.3001366702458 351 353 -1
353 1.128595756265729 -175.3093709711518 598.1864314089466 352 354 -1
354 0.9593541602279207 -175.28401644807525 598.07315975294 353 355 -1
355 0.7896062750219132 -175.26002320480214 597.9603504544839 354 356 -1
356 0.619301170307113 -175.23770046704854 597.8480396069895 355 357 -1
357 0.4483931007008155 -175.2173661534112 597.7362689035285 356 358 -1
358 0.27684612522362195 -175.19933587418873 597.625083718742 357 359 -1
359 0.10462824418386053 -175.18394971066795 597.5145409149417 358 360 -1
360 -0.06827730254197169 -175.17153648835907 597.4047008897022 359 361 -1
361 -0.24187869339561388 -175.16244689594564 597.2956367374389 360 362 -1
362 -0.41616881219263946 -175.15703560068846 597.1874310707769 361 363 -1
363 -0.5911206217371727 -175.15563949133121 597.0801720759816 362 364 -1
364 -0.7666967864388333 -175.15865539305838 596.9739732526714 363 365 -1
365 -0.9428269995338612 -175.16639104720042 596.8689386908624 364 366 -1
366 -1.1194294260963251 -175.1792246353118 596.7652053787547 365 367 -1
367 -1.2964459935421453 -175.1967852269304 596.6628759015142 366 368 -1
368 -1.4739348071241 -175.21761623576882 596.5619836252343 367 369 -1
369 -1.6520336288507065 -175.24018325045165 596.4625479579507 368 370 -1
370 -1.8309038632007735 -175.26290041393338 596.364541389423 369 371 -1
371 -2.0107200950899875 -175.2841888726729 596.2679575197693 370 372 -1
372 -2.1916430726787537 -175.3023796726063 596.1728230075425 371 373 -1
373 -2.3737522131623776 -175.31579870533454 596.0791787600866 372 374 -1
374 -2.5570325605518085 -175.3226946902294 595.9871363581652 373 375 -1
375 -2.7413176038289393 -175.32126771734488 595.8968826471411 374 376 -1
376 -2.926237999544959 -175.30967562132895 595.8087026170664 375 377 -1
377 -3.1111748524295937 -175.28629140651435 595.7229512112657 376 378 -1
378 -3.2952640127707546 -175.24968235919238 595.6400702626909 377 379 -1
379 -3.4774286930236826 -175.19881216469733 595.5605420171689 378 380 -1
380 -3.6564223650034395 -175.132996469955 595.4848834076038 379 381 -1
381 -3.8310920651589857 -175.05249260360793 595.4134410472919 380 382 -1
382 -4.0003083970243525 -174.9576889548239 595.3465554132822 381 383 -1
383 -4.163312854936109 -174.8497458533897 595.2843087632948 382 384 -1
384 -4.319612388784284 -174.7299644606426 595.2266673290428 383 385 -1
385 -4.468941824895209 -174.59966741405205 595.1735103831168 384 386 -1
386 -4.611416932276247 -174.46035714017185 595.1245405244755 385 387 -1
387 -4.747158013274696 -174.31320465875325 595.0795144408419 386 388 -1
388 -4.876557911856897 -174.15942982951356 595.0380737277961 387 389 -1
389 -5.0 -174.0 595.0 388 390 391
390 -5.159948850501082 -174.09218244151472 594.8799841563223 389 392 -1
391 -5.062477914092263 -173.87663163633957 595.1164622478551 389 393 -1
392 -5.3206419882924605 -174.1806637628886 594.7582048075855 390 394 -1
393 -5.12474912059944 -173.75475393169364 595.2345955830727 391 395 -1
394 -5.481991541978043 -174.2654111579979 594.6346507120853 392 396 -1
395 -5.186787372555942 -173.6343792530498 595.3543809823884 393 397 -1
396 -5.643952535851404 -174.34637088387598 594.509368792191 394 398 -1
397 -5.248573878389409 -173.51555432555426 595.4758322059306 395 399 -1
398 -5.8064791806884894 -174.4234902599914 594.3824078451844 396 400 -1
399 -5.310089987982628 -173.3983213167175 595.5989561518892 397 401 -1
400 -5.969523929664088 -174.49672557161665 594.2538217639998 398 402 -1
401 -5.371316133462731 -173.28272459803958 595.7237602626537 399 403 -1
402 -6.133038610840161 -174.5660363502479 594.1236667064915 400 404 -1
403 -5.43223079657914 -173.1688157227319 595.850257158351 401 405 -1
404 -6.296974060046594 -174.6313907434053 593.9920029269175 402 406 -1
405 -5.492813838215214 -173.05663545206113 595.9784466662146 403 407 -1
406 -6.461281462266765 -174.69275458596294 593.8588904262645 404 408 -1
407 -5.553043367805499 -172.94623086293703 596.1083330814736 405 409 -1
408 -6.625910878466889 -174.75010957537538 593.7243953067648 406 410 -1
409 -5.612896922430921 -172.83764876990008 596.2399184760768 407 411 -1
410 -6.790812981025578 -174.80343816642394 593.5885838892285 408 412 -1
411 -5.672351512064781 -172.73093557630332 596.3732026292555 409 413 -1
412 -6.955938756263908 -174.85272892627387 593.4515244299954 410 414 -1
413 -5.7313836694546145 -172.62613712048514 596.5081829676211 411 415 -1
414 -7.12123976772651 -174.897976518113 593.3132867972394 412 416 -1
415 -5.78996950446442 -172.52329851787871 596.6448545156927 413 417 -1
416 -7.286668409963215 -174.9391816006208 593.1739421335827 414 418 -1
417 -5.848084762643349 -172.42246400009915 596.783209857676 415 419 -1
418 -7.452178146524188 -174.97635068569 593.0335625233979 416 420 -1
419 -5.905703296900344 -172.32368314927814 596.9232442023995 417 421 -1
420 -7.617723729981186 -175.0094959578362 592.8922206685404 418 422 -1
421 -5.962801135130695 -172.22699422457399 597.0649418997153 419 423 -1
422 -7.783261402217437 -175.0386350591671 592.7499895758909 420 424 -1
423 -6.019353020764585 -172.132438759929 597.2082886409955 421 425 -1
424 -7.94874907367648 -175.06379084411302 592.6069422596812 422 426 -1
425 -6.075331595294894 -172.0400641212227 597.3532729605597 423 427 -1
426 -8.114146480698885 -175.08499110833367 592.4631514611403 424 428 -1
427 -6.130712970377803 -171.94990254072258 597.4998707291377 425 429 -1
428 -8.279415320500387 -175.1022682963196 592.3186893875358 426 430 -1
429 -6.185469718144007 -171.8619976076503 597.648064951141 427 431 -1
430 -8.444519316959541 -175.1156582877669 592.1736273476996 428 432 -1
431 -6.239576442582865 -171.77638362062166 597.7978307605364 429 433 -1
432 -8.609424319844837 -175.12520088273718 592.0280357063117 430 434 -1
433 -6.293008037027298 -171.69309243641234 597.9491407930035 431 435 -1
434 -8.774098578361409 -175.13094244646945 591.8819840084523 432 436 -1
435 -6.3457384853988685 -171.61215755290803 598.1019679171426 433 437 -1
436 -8.938512547739686 -175.1329308781131 591.7355401568191 434 438 -1
437 -6.3977413909630245 -171.53361209904216 598.2562837899852 435 439 -1
438 -9.102638995159296 -175.13121709187456 591.5887705435678 436 440 -1
439 -6.4489930778426645 -171.45747899944269 598.4120531111975 437 441 -1
440 -9.266452910261604 -175.12585361153145 591.4417398658064 438 442 -1
441 -6.499469022211416 -171.38378288848992 598.5692412806077 439 443 -1
442 -9.42993162129176 -175.11689584367758 591.294511171702 440 444 -1
443 -6.5491453196586 -171.31254536298994 598.7278115651442 441 445 -1
444 -9.59305499214206 -175.10440358980927 591.1471457775543 442 446 -1
445 -6.597998771116594 -171.24378488363854 598.8877252622889 443 447 -1
446 -9.755804997056991 -175.0884366148146 590.9997029885498 444 448 -1
447 -6.646006963827362 -171.17751669539058 599.0489418749328 445 449 -1
448 -9.918165826383015 -175.0690561245426 590.8522401822854 446 450 -1
449 -6.693148346593651 -171.1137527673823 599.2114192957546 447 451 -1
450 -10.080123830589287 -175.04632448839877 590.7048127834503 448 452 -1
451 -6.739402298649486 -171.05250175278172 599.375113999144 449 453 -1
452 -10.24166721916189 -175.02030317746264 590.5574743326944 450 454 -1
453 -6.784747851197023 -170.99377261901415 599.5399828714314 451 455 -1
454 -10.402786712351444 -174.99105814734958 590.4102763026484 452 456 -1
455 -6.829167254839598 -170.93756491801946 599.7059789069812 453 457 -1
456 -10.563474738188253 -174.9586537866967 590.2632682463583 454 458 -1
457 -6.8726432366992976 -170.883876680601 599.8730551997763 455 459 -1
458 -10.723725586662745 -174.9231546682388 590.1164978084738 456 460 -1
459 -6.915159461279385 -170.8327032055382 600.0411644895102 457 461 -1
460 -10.88353532944314 -174.8846253841927 589.9700107645792 458 462 -1
461 -6.956699688676535 -170.78403926783562 600.210260119983 459 463 -1
462 -11.042901734134942 -174.84313036961572 589.8238510700915 460 464 -1
463 -6.99724926507104 -170.73787531104696 600.3802946150477 461 465 -1
464 -11.201824177743639 -174.7987337424598 589.6780609166648 462 466 -1
465 -7.036796938698221 -170.69419324855374 600.5512185032941 463 467 -1
466 -11.36030356022401 -174.75149915983192 589.532680794913 464 468 -1
467 -7.075330650910415 -170.65297712611365 600.7229843899515 465 469 -1
468 -11.518342218887847 -174.7014896898566 589.3877495623447 466 470 -1
469 -7.112837784006223 -170.61421220856866 600.8955463904232 467 471 -1
470 -11.675943844335249 -174.64876769844915 589.2433045155077 468 472 -1
471 -7.1493118444178245 -170.57786932375186 601.0688553487889 469 473 -1
472 -11.83311339847352 -174.59339475024146 589.0993814654265 470 474 -1
473 -7.1847438859534885 -170.54392539321984 601.2428655685742 471 475 -1
474 -11.989857035094419 -174.5354315228591 588.9560148155184 472 476 -1
475 -7.2191255799063025 -170.51235595954356 601.4175322814593 473 477 -1
476 -12.146182023392024 -174.4749377337184 588.8132376412606 474 478 -1
477 -7.252453792518047 -170.48312518507035 601.5928091973171 475 479 -1
478 -12.302096674724847 -174.4119720785034 588.6710817709725 476 480 -1
479 -7.284721981877054 -170.4562051642857 601.768653731305 477 481 -1
480 -12.457610272854003 -174.34659218048188 588.5295778671617 478 482 -1
481 -7.31592708879071 -170.43156063653166 601.9450230209695 479 483 -1
482 -12.61273300782494 -174.27885454983291 588.3887555079623 480 484 -1
483 -7.346068323693585 -170.40915202413 602.1218749863406 481 485 -1
484 -12.767475800126507 -174.20881385905602 588.248643495835 482 486 -1
485 -7.375141232864789 -170.38894776209537 602.2991708667072 483 487 -1
486 -12.921850444513039 -174.1365241313482 588.1092695862644 484 488 -1
487 -7.4031477913250905 -170.37090342037337 602.4768709590853 485 489 -1
488 -13.07586962482867 -174.06203917614076 587.9706603499542 486 490 -1
489 -7.43008886332077 -170.35497749345578 602.6549379520975 487 491 -1
490 -13.229546576364971 -173.98541083287844 587.8328418322066 488 492 -1
491 -7.455962489702726 -170.34113436904101 602.8333370860007 489 493 -1
492 -13.382895167095464 -173.90668974724008 587.6958393901385 490 494 -1
493 -7.480774047529233 -170.3293246252435 603.0120330744653 491 495 -1
494 -13.535929696234852 -173.8259243205205 587.559678225911 492 496 -1
495 -7.504526197822603 -170.31950478141277 603.1909933146138 493 497 -1
496 -13.688665205775019 -173.7431629751759 587.4243825515264 494 498 -1
497 -7.5272193889555385 -170.31163581240506 603.3701872781879 495 499 -1
498 -13.841117357968328 -173.65845372592867 587.2899757386556 496 500 -1
499 -7.548860764016572 -170.30566689482256 603.5495846373088 497 501 -1
500 -13.99330215706637 -173.5718425411341 587.1564811330379 498 502 -1
501 -7.569454894964042 -170.30155259871805 603.7291573589055 499 503 -1
502 -14.145235864402075 -173.48337276596348 587.0239225455637 500 504 -1
503 -7.589005294470632 -170.29924979273042 603.9088791009408 501 505 -1
504 -14.296935502270923 -173.3930890749453 586.8923223359268 502 506 -1
505 -7.607518171920603 -170.29871114088357 604.0887246499209 503 507 -1
506 -14.44841843102768 -173.30103472736968 586.761702777871 504 508 -1
507 -7.625000544889597 -170.29988859028947 604.2686702853055 505 509 -1
508 -14.59970224294399 -173.20725073097685 586.6320866907745 506 510 -1
509 -7.641458729206021 -170.30273587047654 604.448693865085 507 511 -1
510 -14.75080489177759 -173.11177688706582 586.5034970262428 508 512 -1
511 -7.656898754113822 -170.30720767553856 604.6287746623856 509 513 -1
512 -14.901744910577886 -173.01465430403948 586.3759553150579 510 514 -1
513 -7.671326968353252 -170.31325864859028 604.8088932619014 511 515 -1
514 -15.05254098955912 -172.91592165524904 586.249484018971 512 516 -1
515 -7.684751862063384 -170.32084067998423 604.989031522201 513 517 -1
516 -15.203212007621994 -172.81561483337484 586.1241070912666 514 518 -1
517 -7.697180770106082 -170.32990804891236 605.1691726465093 515 519 -1
518 -15.353777458596992 -172.71377273040574 585.999845983649 516 520 -1
519 -7.7086211838038015 -170.34041533012595 605.3493010624294 517 521 -1
520 -15.504256956993803 -172.61043142220885 585.8767237186369 518 522 -1
521 -7.719080716434913 -170.3523174449484 605.52940237559 519 523 -1
522 -15.654670375842047 -172.50562513277228 585.7547645139749 520 524 -1
523 -7.728567070842717 -170.36556970621882 605.709463322396 521 525 -1
524 -15.805037965588523 -172.39938898997892 585.6339916906871 522 526 -1
525 -7.737088009134302 -170.38012785746795 605.8894717222583 523 527 -1
526 -15.955380231983984 -172.29175745614918 585.5144288893445 524 528 -1
527 -7.744651324430959 -170.39594810664022 606.0694164296449 525 529 -1
528 -16.1057179348148 -172.18276372596844 585.3961007289073 526 530 -1
529 -7.7512645793504165 -170.4129874483891 606.2492872654896 527 531 -1
530 -16.256072149721415 -172.0724391924382 585.2790335646037 528 532 -1
531 -7.756935913644988 -170.4312026372477 606.4290750398327 529 533 -1
532 -16.406464202221855 -171.96081715744307 585.1632520246819 530 534 -1
533 -7.761673114221456 -170.45055138053257 606.6087714363521 531 535 -1
534 -16.556915689473662 -171.84792921225912 585.0487824864092 532 536 -1
535 -7.765483850860868 -170.4709920062054 606.7883689804328 533 537 -1
536 -16.707448491182944 -171.73380641909463 584.9356521287497 534 538 -1
537 -7.768375339477096 -170.49248381677447 606.9678609528322 535 539 -1
538 -16.85808477899494 -171.61847935305997 584.8238890245324 536 540 -1
539 -7.770355240482468 -170.5149860486516 607.1472414513971 537 541 -1
540 -17.0088470694372 -171.5019778345347 584.7135226285143 538 542 -1
541 -7.771430969377603 -170.53845867128004 607.3265052763074 539 543 -1
542 -17.159758028509643 -171.38433258574972 584.604581873979 540 544 -1
543 -7.771609776240755 -170.5628622714908 607.5056478971121 541 545 -1
544 -17.310840671601206 -171.2655733717798 584.497097499357 542 546 -1
545 -7.770898769469937 -170.58815801013483 607.6846654168196 543 547 -1
546 -17.462118303402853 -171.14572977699152 584.3911013018455 544 548 -1
547 -7.769304904200459 -170.61430761806864 607.8635545331866 545 549 -1
548 -17.613614518711216 -171.0248312666582 584.2866262061349 546 550 -1
549 -7.766834971936943 -170.64127338984736 608.0423125014432 547 551 -1
550 -17.765353202415504 -170.90290725094158 584.183706334649 548 552 -1
551 -7.763495591319126 -170.66901817534284 608.2209370984681 549 553 -1
552 -17.91735852841434 -170.77998715145645 584.082377079381 550 554 -1
553 -7.759292970707664 -170.69750555843135 608.3994265519111 551 555 -1
554 -18.069654957184397 -170.6561004706512 583.9826751753725 552 556 -1
555 -7.754232076843828 -170.72670045205746 608.5777793717339 553 557 -1
556 -18.222267231703956 -170.53127686425248 583.884638775878 554 558 -1
557 -7.748320358959968 -170.75656608996627 608.7559949194058 555 559 -1
558 -18.375220371403163 -170.4055462170402 583.7883075292134 556 560 -1
559 -7.741563677029717 -170.7870674072581 608.9340727318563 557 561 -1
560 -18.52853996230644 -170.27893807649576 583.6937240214602 558 562 -1
561 -7.733967686302163 -170.81816982866258 609.1120127101655 559 563 -1
562 -18.682251383624585 -170.1514835349162 583.6009302464544 560 564 -1
563 -7.725536510538941 -170.8498401019714 609.2898148732577 561 565 -1
564 -18.836380418684314 -170.02321371711895 583.5099707578395 562 566 -1
565 -7.716275720890752 -170.88204422667 609.467479825105 563 567 -1
566 -18.990953351405327 -169.894159864821 583.4208930730333 564 568 -1
567 -7.706191232060904 -170.9147483705265 609.6450085497894 565 569 -1
568 -19.14599669026851 -169.76435401065578 583.3337465818289 566 570 -1
569 -7.695287851757088 -170.94791972382131 609.8224021461672 567 571 -1
570 -19.301536588107496 -169.63382979088138 583.2485805027097 568 572 -1
571 -7.683567705077697 -170.98152709586253 609.9996615497871 569 573 -1
572 -19.457600513369204 -169.5026201706629 583.1654507081699 570 574 -1
573 -7.6710374167273265 -171.01553713619512 610.1767886910804 571 575 -1
574 -19.614214774736674 -169.3707608747841 583.084410251546 572 576 -1
575 -7.657701272473147 -171.04991808112217 610.3537853469239 573 577 -1
576 -19.771406782454147 -169.23828753764903 583.0055183939451 574 578 -1
577 -7.643561065864242 -171.0846393961205 610.5306531103897 575 579 -1
578 -19.92920384915904 -169.10523737991605 582.9288362192443 576 580 -1
579 -7.628621888530131 -171.1196693098543 610.7073943008724 577 581 -1
580 -20.087632876851593 -168.97164944014813 582.8544259044136 578 582 -1
581 -7.612887931774921 -171.1549767622153 610.8840112625963 579 583 -1
582 -20.246721132046517 -168.83756397211891 582.7823538702411 580 584 -1
583 -7.5963599668638455 -171.1905319417721 611.0605059714183 581 585 -1
584 -20.406495757055016 -168.7030230411525 582.7126893649606 582 586 -1
585 -7.57904298043415 -171.22630385401968 611.2368811958122 583 587 -1
586 -20.56698367425599 -168.56807069778418 582.6455045521551 584 588 -1
587 -7.5609401011349595 -171.26226234895677 611.4131395345328 585 589 -1
588 -20.728211476364905 -168.43275316069963 582.5808745922138 586 590 -1
589 -7.542051325333078 -171.2983813204108 611.5892825571856 587 591 -1
590 -20.890205301382935 -168.2971190089666 582.5188777154394 588 592 -1
591 -7.522382470289154 -171.33465172102603 611.7653090449967 589 593 -1
592 -21.052990690868192 -168.16121938342133 582.4595952846121 590 594 -1
593 -7.501935022102533 -171.37107163205033 611.9412159037715 591 595 -1
594 -21.21659307711157 -168.02510807705136 582.4031140668062 592 596 -1
595 -7.480711427312925 -171.407638958544 612.1170002053669 593 597 -1
596 -21.381036311428947 -167.88884213410577 582.349521855385 594 598 -1
597 -7.458716218243072 -171.44435122540565 612.2926593981131 595 599 -1
598 -21.546343428101355 -167.75248180457206 582.2989108102928 596 600 -1
599 -7.4359489924858995 -171.4812068884286 612.468190152351 597 601 -1
600 -21.71253630052701 -167.61609088829232 582.2513770733783 598 602 -1
601 -7.412414953091741 -171.51820336943985 612.6435900990194 599 603 -1
602 -21.87963558334649 -167.47973708094835 582.2070214705459 600 604 -1
603 -7.388115363668061 -171.55533882867252 612.8188562400327 601 605 -1
604 -22.04765933184119 -167.34349215756907 582.1659455995701 602 606 -1
605 -7.363052076481766 -171.5926113200641 612.993985693763 603 607 -1
606 -22.21662410556663 -167.2074323390216 582.1282567261775 604 608 -1
607 -7.337229172469559 -171.63001851122004 613.168976016308 605 609 -1
608 -22.386543942470276 -167.07163858280032 582.0940652959155 606 610 -1
609 -7.310645433041556 -171.6675590098632 613.3438238052262 607 611 -1
610 -22.557429976471433 -166.93619684309493 582.0634847319157 608 612 -1
611 -7.283306263485888 -171.70523026974632 613.5185269228322 609 613 -1
612 -22.729290025490563 -166.8011983190161 582.0366311720577 610 614 -1
613 -7.2552113288904705 -171.74303074908798 613.6930821638202 611 615 -1
614 -22.902128269429582 -166.66673976215023 582.0136236168759 612 616 -1
615 -7.226363458301628 -171.78095836495146 613.8674869513235 613 617 -1
616 -23.075945495650604 -166.53292429333567 581.9945865917874 614 618 -1
617 -7.196764548357803 -171.81901120223284 614.0417385516931 615 619 -1
618 -23.25073599262549 -166.39985976396153 581.9796389538119 616 620 -1
619 -7.16641483852932 -171.85718762106086 614.2158338998906 617 621 -1
620 -23.426491194117755 -166.2676620692342 581.9689107725524 618 622 -1
621 -7.135318308135839 -171.89548537487863 614.389770734636 619 623 -1
622 -23.603194622592568 -166.1364515471465 581.9625233777173 620 624 -1
623 -7.103472924119956 -171.93390319300872 614.5635455243616 621 625 -1
624 -23.780824691136413 -166.00635594599524 581.9606031215279 622 626 -1
625 -7.07088343057998 -171.97243872103792 614.7371562166506 623 627 -1
626 -23.95935302474644 -165.87750964150507 581.9632759514229 624 628 -1
627 -7.037548749413872 -172.0110905330695 614.9105994962536 625 629 -1
628 -24.138743303928365 -165.7500525344943 581.9706630670794 626 630 -1
629 -7.003471267350571 -172.0498566597674 615.0838728270923 627 631 -1
630 -24.318951377618752 -165.62413048872506 581.9828826525699 628 632 -1
631 -6.968651875163444 -172.08873536880563 615.2569733494635 629 633 -1
632 -24.5 -165.5 582.0 630 634 635
633 -6.933090636620727 -172.12772504966287 615.4298980090338 631 636 -1
634 -24.49732232663051 -165.6312578751728 581.8758953691286 632 637 -1
635 -24.636118822488946 -165.38058744764652 582.0770199791831 632 638 -1
636 -6.896790399188186 -172.16682368130358 615.6026444272292 633 639 -1
637 -24.495401562125373 -165.76196947525935 581.7510575824671 634 640 -1
638 -24.772852587409368 -165.2625498156746 582.1550702915532 635 641 -1
639 -6.859748898519677 -172.2060299918765 615.7752089880938 636 642 -1
640 -24.494183393131312 -165.8919850333278 581.6254862694587 637 643 -1
641 -24.91000116916104 -165.1456443816506 582.2340908418427 638 644 -1
642 -6.821970084846033 -172.2453418078003 615.9475896058171 639 645 -1
643 -24.493662118478348 -166.02129219737773 581.4991808102369 640 646 -1
644 -25.04754268835571 -165.02985995194632 582.3140731282724 641 647 -1
645 -6.78345196370367 -172.2847578087021 616.1197827194412 642 648 -1
646 -24.493831896959357 -166.14987837588453 581.3721404698131 643 649 -1
647 -25.18545660425415 -164.91518815246286 582.395011410431 644 650 -1
648 -6.744196738151069 -172.3242760776187 616.2917858254455 645 651 -1
649 -24.494685758824478 -166.27773179222547 581.2443654519211 646 652 -1
650 -25.323720906791777 -164.80161497751482 582.4768954348194 647 653 -1
651 -6.70420430056202 -172.36389502232944 616.4635958345924 648 654 -1
652 -24.4962166054092 -166.40484046574588 581.1158558393779 649 655 -1
653 -25.46231467632376 -164.68912824149191 582.5597168166541 650 656 -1
654 -6.663474325588512 -172.40361307300003 616.635209588121 651 657 -1
655 -24.498416916220584 -166.53119251898286 580.9866119006568 652 658 -1
656 -25.601217567948094 -164.57771627928145 582.643467917597 653 659 -1
657 -6.622008941068494 -172.44342833371533 616.8066245878156 654 660 -1
658 -24.501279012706924 -166.6567758723858 580.8566337920062 655 661 -1
659 -25.740409596970384 -164.46736734544828 582.7281413186078 656 662 -1
660 -6.57980515294266 -172.48333957717506 616.9778369356353 657 663 -1
661 -24.504795681453718 -166.781577445701 580.7259208298551 658 664 -1
662 -25.87987171494082 -164.35807205595424 582.813731942404 659 665 -1
663 -6.53686623953567 -172.52334475800868 617.1488444496938 660 666 -1
664 -24.50895686153742 -166.9055871916195 580.5944752351221 661 667 -1
665 -26.01958401255357 -164.24981630270906 582.9002308701818 662 668 -1
666 -6.49319009580353 -172.5634425203888 617.3196434506243 663 669 -1
667 -24.513754236609245 -167.02879256328504 580.462296952556 664 670 -1
668 -26.159527447218323 -164.14258782529782 582.9876310398865 665 671 -1
669 -6.448777383339886 -172.60363115096771 617.4902310212556 666 672 -1
670 -24.519178504825256 -167.15118178738663 580.329386714658 667 673 -1
671 -26.299683390015968 -164.03637469080618 583.0759259226327 668 674 -1
672 -6.403628602086356 -172.6439089588373 617.6606042011427 669 675 -1
673 -24.525219175715975 -167.27274424916956 580.1957463240616 670 676 -1
674 -26.44003352398715 -163.93116494680675 583.1651092112878 671 677 -1
675 -6.357741212840753 -172.6842746091857 617.8307591194115 672 678 -1
676 -24.531866735546277 -167.39346758311675 580.0613760807311 673 679 -1
677 -26.58055983390016 -163.8269466313194 583.2551748201626 674 680 -1
678 -6.311117496768133 -172.72472619054088 618.0006933204974 675 681 -1
679 -24.53910990843449 -167.51334139840094 579.9262780433872 676 682 -1
680 -26.721244750769632 -163.7237088443146 583.3461178404643 677 683 -1
681 -6.263755026324372 -172.76526233832902 618.1704029291436 678 684 -1
682 -24.54693745774415 -167.6323548613197 579.7904538901556 679 685 -1
683 -26.862070745018784 -163.62143935588216 583.4379323950653 680 686 -1
684 -6.215653917279391 -172.8058813844707 618.339884815891 681 687 -1
685 -24.55533872774279 -167.75049574121388 579.6539041696926 682 688 -1
686 -27.003020500999263 -163.52012531062505 583.5306122368677 683 689 -1
687 -6.166814647023896 -172.84658162192423 618.509135961558 684 690 -1
688 -24.56430067389027 -167.8677549854945 579.5166320780286 685 691 -1
689 -27.144077111552203 -163.41975480105984 583.6241521637139 686 692 -1
690 -6.117233501290603 -172.8873617888402 618.6781520014359 687 693 -1
691 -24.57381105495326 -167.98412189010156 579.3786394286128 688 694 -1
692 -27.285223917961734 -163.32031595063287 583.7185471904365 689 695 -1
693 -6.0669124780052925 -172.9282199994407 618.8469303593112 690 696 -1
694 -24.583857836057636 -168.09958480915813 579.239927309717 691 697 -1
695 -27.42644449915981 -163.22179692008132 583.8137925475206 692 698 -1
696 -6.015849965363683 -172.9691547502796 619.0154672963865 693 699 -1
697 -24.594427158098796 -168.214134635395 579.1004988300945 694 700 -1
698 -27.567722660898124 -163.12418591328253 583.9098836796508 695 701 -1
699 -5.964043402786414 -173.0101646165401 619.1837587211973 696 702 -1
700 -24.605505285138406 -168.32776160545257 578.9603565440563 697 703 -1
701 -27.70904242489999 -163.02747118261317 584.0068162441546 698 704 -1
702 -5.911493787462151 -173.05124780753596 619.3518016961618 699 705 -1
703 -24.617078188002324 -168.44045594970623 578.8195029810325 700 706 -1
704 -27.850388018002736 -162.93164103384174 584.1045861093532 701 707 -1
705 -5.858198974835331 -173.09240283804226 619.5195922166595 702 708 -1
706 -24.629131400636137 -168.5522081522377 578.6779408425774 703 709 -1
707 -27.99174385992061 -162.83668406147427 584.2031895752262 704 710 -1
708 -5.804156709899715 -173.1336282139787 619.6871261945117 705 711 -1
709 -24.6416500264626 -168.6630089582653 578.5356729986871 706 712 -1
710 -28.133094529241955 -162.74258926143582 584.3026234874142 707 713 -1
711 -5.749367327895435 -173.17492219008963 619.8544004072768 708 714 -1
712 -24.654618745107836 -168.7728493811334 578.3927024841065 709 715 -1
713 -28.27442479616388 -162.6493442444764 584.4028834953559 710 716 -1
714 -5.693828771677143 -173.21628323447703 620.0214107788996 711 717 -1
715 -24.66802181947829 -168.88172070885443 578.2490324946432 712 718 -1
716 -28.415719602543817 -162.55693757582344 584.50396629788 713 719 -1
717 -5.637537963040838 -173.25770988458567 620.1881528204525 714 720 -1
718 -24.681843103170962 -168.98961451020088 578.104666383508 715 721 -1
719 -28.55696404087094 -162.4653578922053 584.6058687954966 716 722 -1
720 -5.580495125309495 -173.29920037900214 620.354623188485 717 723 -1
721 -24.696066048198603 -169.0965226403423 577.9596076576985 718 724 -1
722 -28.698143343505965 -162.37459390437144 584.7085880883933 719 725 -1
723 -5.52269840653822 -173.34075312752933 620.520817768712 720 726 -1
724 -24.710673713012362 -169.20243724603037 577.8138599744456 721 727 -1
725 -28.83924287194951 -162.28463439928967 584.8121214743993 722 728 -1
726 -5.4641442106639415 -173.38236666135106 620.6867317520864 723 729 -1
727 -24.7256487708039 -169.30735077032955 577.6674271377383 724 730 -1
728 -28.98024810614227 -162.1954682420355 584.9164664469165 725 731 -1
729 -5.404831692654715 -173.42403927315024 620.8523613008075 726 732 -1
730 -24.740973606665797 -169.41125568569592 577.5203129140729 727 733 -1
731 -29.12114463379538 -162.10708437739225 585.0216206928263 728 734 -1
732 -5.344759236458976 -173.46576930775103 621.0177022587753 729 735 -1
733 -24.756630458306137 -169.5141439805454 577.372520699785 730 736 -1
734 -29.26191813975205 -162.01947183117815 585.1275820903745 731 737 -1
735 -5.283924602393633 -173.5075551427276 621.1827501904124 732 738 -1
736 -24.772600495734196 -169.6160101285838 577.2240554787494 733 739 -1
737 -29.402554395378164 -161.9326197113158 585.2343487070359 734 740 -1
738 -5.2223239640838015 -173.54939524717076 621.3474999860339 735 741 -1
739 -24.78886492548878 -169.71684780105625 577.0749216165515 736 742 -1
740 -29.54303924798092 -161.8465172086599 585.3419187973627 737 743 -1
741 -5.1599561190417615 -173.5912878847509 621.5119475024961 738 744 -1
742 -24.805404885749933 -169.816649879642 576.9251229102543 739 745 -1
743 -29.683358610253315 -161.76115359759672 585.4502908008159 740 746 -1
744 -5.096818877556682 -173.63323137539984 621.6760881686737 741 747 -1
745 -24.822200896556495 -169.91541045003086 576.7746638753395 742 748 -1
746 -29.823498449740313 -161.67651823643033 585.5594633395815 743 749 -1
747 -5.032909606220791 -173.67522405034313 621.8399171831132 744 750 -1
748 -24.83923286382067 -170.01312525384742 576.6235499871511 745 751 -1
749 -29.963444778324586 -161.59260056756906 585.6694352163743 746 752 -1
750 -4.968225571510902 -173.71726422675943 622.0034296448035 747 753 -1
751 -24.856481069619726 -170.10978713676198 576.4717848452955 748 754 -1
752 -30.10318364172703 -161.50939011752376 585.7802054122238 749 755 -1
753 -4.902762766571238 -173.7593502729974 622.1666200590589 750 756 -1
754 -24.87392478305203 -170.20539256775933 576.3193742260187 751 757 -1
755 -30.242701109018313 -161.4268764967316 585.8917730842462 752 758 -1
756 -4.8365193636378105 -173.80148040671585 622.3294837672479 753 759 -1
757 -24.891543352823863 -170.29993644245278 576.1663228597479 754 760 -1
758 -30.381983228535173 -161.34504949039717 586.0041376707567 755 761 -1
759 -4.7694925000343895 -173.84365288749552 622.492015623554 756 762 -1
760 -24.90931577589421 -170.3934141303168 576.0126357029691 757 763 -1
761 -30.521015944577506 -161.2638992120084 586.1172990809038 758 764 -1
762 -4.701679040696319 -173.88586596688288 622.6542102988794 759 765 -1
763 -24.927220639005082 -170.48582223736898 575.8583183766793 760 766 -1
764 -30.65978548020695 -161.18341509022196 586.231256487119 761 767 -1
765 -4.633075748437013 -173.92811787726114 622.8160623478901 762 768 -1
766 -24.94523640718782 -170.57715644627893 575.703375888999 763 769 -1
767 -30.798277890724936 -161.10358706926593 586.3460097326531 764 770 -1
768 -4.56367928355566 -173.97040683075068 622.9775662053936 765 771 -1
769 -24.963341165196127 -170.6674136987054 575.5478139199007 766 772 -1
770 -30.936479202002353 -161.0244051739977 586.4615588254163 767 773 -1
771 -4.493486203459812 -174.01273101808258 623.1387161826226 768 774 -1
772 -24.981512766336607 -170.75659132531234 575.3916382983497 769 775 -1
773 -31.07437539994415 -160.94585950890448 586.5779039356037 770 776 -1
774 -4.4224929623040445 -174.05508860744513 623.299506463419 771 777 -1
775 -24.99972888061809 -170.8446853045143 575.2348540357758 772 778 -1
776 -31.211952419925773 -160.86794025700235 586.6950453932844 773 779 -1
777 -4.350695910648105 -174.097477743302 623.4599311003179 774 780 -1
778 -25.01796683836182 -170.93169509539467 575.0774680311223 775 781 -1
779 -31.349196136196316 -160.79063767864056 586.8129836859442 776 782 -1
780 -4.278091295139372 -174.13989654518087 623.6199840105273 777 783 -1
781 -25.036203821983506 -171.01761680593506 574.9194852662528 778 784 -1
782 -31.486092351240625 -160.71394211021982 586.9317194559785 779 785 -1
783 -4.204675130479345 -174.18234311047777 623.7796589115931 780 786 -1
784 -25.054416761830677 -171.10244952396644 574.7609123172999 781 787 -1
785 -31.622626785095186 -160.63784396283336 587.0512534981294 782 788 -1
786 -4.1304437162303005 -174.22481549649598 623.9389495601895 783 789 -1
787 -25.072582446571566 -171.1861924265349 574.6017557398325 784 790 -1
788 -31.758785064611654 -160.5623337208367 587.1715867568572 785 791 -1
789 -4.05539296736134 -174.267311741888 624.0978494357549 786 792 -1
790 -25.090677355786347 -171.26884300289566 574.4420211501682 787 793 -1
791 -31.894552712660698 -160.48740194035514 587.2927203236402 788 794 -1
792 -3.9795184751051957 -174.30982986027746 624.2563517579787 789 795 -1
793 -25.10867787515886 -171.35040094466106 574.2817153004742 790 796 -1
794 -32.02991513727206 -160.41303924773393 587.4146554341935 791 797 -1
795 -3.9028160844695696 -174.35236782369242 624.4144497613065 792 798 -1
796 -25.126560288004494 -171.4308663941612 574.1208451273102 793 799 -1
797 -32.16485762070229 -160.3392363379406 587.537393465599 794 800 -1
798 -3.825281413698869 -174.39492357481782 624.5721364603816 795 801 -1
799 -25.144300668642728 -171.51023906368752 573.9594173068413 796 802 -1
800 -32.29936530842658 -160.2659839729236 587.6609359333352 797 803 -1
801 -3.7469099758637667 -174.43749502200427 624.7294047032295 798 804 -1
802 -25.161874712409638 -171.5885176554071 573.7974379924817 799 805 -1
803 -32.433422775473126 -160.19327346382286 587.7852852225612 800 806 -1
804 -3.66769717887266 -174.4800800377797 624.8862471663043 801 807 -1
805 -25.179258366591274 -171.66570375306804 573.6349147724522 802 808 -1
806 -32.56701491278785 -160.12109557499335 587.9104429633194 803 809 -1
807 -3.58763832554618 -174.52267645732158 625.0426563494051 804 810 -1
808 -25.196427343803215 -171.7417982218047 573.4718548455431 805 811 -1
809 -32.700126661297524 -160.0494409225485 588.0364105705593 806 812 -1
810 -3.5067286137609166 -174.56528207688734 625.1986245704608 807 813 -1
811 -25.21335722012283 -171.81680203240387 573.308265451976 808 814 -1
812 -32.83274249974601 -159.9783005195161 588.1631900863738 809 815 -1
813 -3.424963136668204 -174.60789465220273 625.3541439601802 810 816 -1
814 -25.23002348046505 -171.89071646324084 573.1441539790424 811 817 -1
815 -32.96484671327311 -159.90766543710004 588.2907836745486 812 818 -1
816 -3.3423367157635107 -174.65051189725867 625.5092063667311 813 819 -1
817 -25.24640126845171 -171.96354217978404 572.9795275354716 814 820 -1
818 -33.09642338182608 -159.83752680291283 588.4191936167455 815 821 -1
819 -3.258842776582162 -174.69313148038145 625.6638027334632 816 822 -1
820 -25.262466126829302 -172.03528190513032 572.8143942140316 817 823 -1
821 -33.22745636846044 -159.76787579920713 588.548422308498 818 824 -1
822 -3.1744775365978213 -174.73575101624624 625.817925354415 819 825 -1
823 -25.27819339825855 -172.10593797035784 572.6487619279497 820 826 -1
824 -33.3579293075294 -159.69870366111115 588.6784722550009 821 827 -1
825 -3.0892356692974805 -174.7783680797793 625.9715655483468 822 828 -1
826 -25.293558350304142 -172.17551284260054 572.4826386734987 823 829 -1
827 -33.48782449846195 -159.63000252625682 588.8093475911951 824 830 -1
828 -3.003111626382763 -174.8209801955548 626.1247143503135 825 831 -1
829 -25.308536231918776 -172.24400927818655 572.3160326070373 826 832 -1
830 -33.61712568035395 -159.5617631703777 588.9410501041501 827 833 -1
831 -2.916097549198948 -174.86358481090895 626.2773613093538 828 834 -1
832 -25.323102288527657 -172.31143031882291 572.1489520478992 829 835 -1
833 -33.745816054269966 -159.49397670198852 589.0735821258835 830 836 -1
834 -2.828190045553865 -174.90617935784178 626.4294983188333 831 837 -1
835 -25.337231777290913 -172.37777928775608 571.981405481335 832 838 -1
836 -33.87387820770809 -159.42663454922683 589.2069465586928 833 839 -1
837 -2.739383358139198 -174.94876119996255 626.5811157733697 834 840 -1
838 -25.35089993626941 -172.4430596845404 571.8134015187684 835 841 -1
839 -34.00129443812203 -159.35972818439683 589.341146389779 836 842 -1
840 -2.649668503223872 -174.99132758127038 626.7322019727425 837 843 -1
841 -25.364081885531256 -172.50727496992127 571.6449488167129 838 844 -1
842 -34.12804593497147 -159.2932496170025 589.4761856791525 839 845 -1
843 -2.5590424988908804 -175.03387578884266 626.882748531393 840 846 -1
844 -25.376753250855657 -172.57042983951686 571.4760566112633 841 847 -1
845 -34.254115122014376 -159.22719129215866 589.6120672725139 842 848 -1
846 -2.4674975135563715 -175.07640295957503 627.0327440067351 843 849 -1
847 -25.388889492119628 -172.6325286987817 571.3067340782114 844 850 -1
848 -34.37949351762211 -159.16154709184747 589.7487861263196 845 851 -1
849 -2.3750271583914837 -175.1189061897691 627.1821775834097 846 852 -1
850 -25.40046615962244 -172.69357621550526 571.1369905740141 847 853 -1
851 -34.50417361901131 -159.096312488232 589.886337089446 848 854 -1
852 -2.2816257868077274 -175.16138253216715 627.3310386834471 849 855 -1
853 -25.411458910526736 -172.75357731600238 570.9668356384902 850 856 -1
854 -34.62814753642999 -159.0314831047651 590.024715445891 851 857 -1
855 -2.1872852680624426 -175.20382889450536 627.4793149583768 852 858 -1
856 -25.42184352550814 -172.81253718132345 570.7962789973749 853 859 -1
857 -34.751405893151215 -158.96705529453874 590.1639181227376 854 860 -1
858 -2.0920004057539443 -175.24624220535375 627.6269956421919 855 861 -1
859 -25.431595925612942 -172.8704612434852 570.6253305646984 856 862 -1
860 -34.87394355737286 -158.90302297108275 590.3039371612941 857 863 -1
861 -1.9957631441523904 -175.2886192205545 627.7740679180704 858 864 -1
862 -25.440692189322508 -172.92735518172228 570.454000444959 859 865 -1
863 -34.99575320246012 -158.83938124365724 590.4447671679335 860 866 -1
864 -1.8985668976769352 -175.33095666807387 627.920519628402 861 867 -1
865 -25.449108569821046 -172.98322491875993 570.2822989350561 862 868 -1
866 -35.11682563390801 -158.7761261146275 590.5864047540144 863 869 -1
867 -1.8004055899766873 -175.37325122505234 628.0663386937376 864 870 -1
868 -25.45682151246152 -173.03807661710363 570.1102365259536 865 871 -1
869 -35.237154053449146 -158.7132522340648 590.7288438510408 866 872 -1
870 -1.701269323507583 -175.41549930303572 628.2115102112978 867 873 -1
871 -25.46380767242281 -173.0919166753457 569.937823904038 868 874 -1
872 -35.356732578317775 -158.65075376140692 590.872077461422 869 875 -1
873 -1.6011534773214906 -175.45769747732913 628.3560224823627 870 876 -1
874 -25.470043671632215 -173.1447513875339 569.7650718413457 871 877 -1
875 -35.47555251741946 -158.5886261956633 591.0161015519757 872 878 -1
876 -1.5 -175.5 628.5 873 -1 -1
877 -25.47550668959908 -173.19658771286333 569.5919914588112 874 879 -1
878 -35.59360604805343 -158.52686450085136 591.1609111076193 875 880 -1
879 -25.480174273749544 -173.2474329476736 569.4185941063291 877 881 -1
880 -35.7108881983516 -158.46546225001043 591.3064982335335 878 882 -1
881 -25.484024091896416 -173.29729439364397 569.244891258264 879 883 -1
882 -35.82738976889104 -158.40441492503032 591.4528592918899 880 884 -1
883 -25.48703411194214 -173.34617957025142 569.0708945858094 881 885 -1
884 -35.94310392276672 -158.34371683159526 591.5999882375162 882 886 -1
885 -25.48918262041613 -173.3940962110595 568.896615955868 883 887 -1
886 -36.05802559510234 -158.28336147352084 591.7478773568282 884 888 -1
887 -25.490448241090483 -173.44105225997686 568.7220674294123 885 889 -1
888 -36.17214403460626 -158.22334471409752 591.896524328641 886 890 -1
889 -25.49080995364752 -173.48705586747406 568.5472612592941 887 891 -1
890 -36.285455462090404 -158.16365940455586 592.0459202291507 888 892 -1
891 -25.490246884558697 -173.5321151612075 568.3722098314192 889 893 -1
892 -36.397951984338896 -158.10430007008634 592.1960600091562 890 894 -1
893 -25.488740434490886 -173.57623820739354 568.1969256432786 891 895 -1
894 -36.509625322239685 -158.0452612823414 592.3469388964992 892 896 -1
895 -25.486311857274934 -173.61943455230193 568.0214210980527 893 897 -1
896 -36.62047178386235 -157.9865358009249 592.4985480399596 894 898 -1
897 -25.483014606044062 -173.66171353737943 567.8457074316842 895 899 -1
898 -36.73047957914996 -157.92811935789186 592.6508856809426 896 900 -1
899 -25.478903062370883 -173.70308490282554 567.6697949763368 897 901 -1
900 -36.83964691224774 -157.870003943189 592.8039413699044 898 902 -1
901 -25.474031346732144 -173.74355866158774 567.4936931944478 899 903 -1
902 -36.94796325114765 -157.81218464063042 592.9577121442704 900 904 -1
903 -25.468452573297437 -173.7831440912653 567.3174105366013 901 905 -1
904 -37.055424391484465 -157.754654249921 593.1121896809854 902 906 -1
905 -25.46222138407756 -173.8218530231218 567.140955154112 903 907 -1
906 -37.16202195534267 -157.6974069362666 593.2673691138533 904 908 -1
907 -25.455391124890628 -173.85969637799374 566.9643342425459 905 909 -1
908 -37.26775013519246 -157.6404359508145 593.4232434569478 906 910 -1
909 -25.448014559944628 -173.89668489282153 566.7875542616505 907 911 -1
910 -37.37260189006013 -157.5837348845077 593.5798067046109 908 912 -1
911 -25.44014393442241 -173.93282905354934 566.6106209851158 909 913 -1
912 -37.4765706285373 -157.52729712821807 593.7370524781438 910 914 -1
913 -25.43183219811421 -173.96814144538544 566.4335399679844 911 915 -1
914 -37.579649815934744 -157.4711159965423 593.8949743370262 912 916 -1
915 -25.42313103354931 -174.00263336178145 566.2563159864221 913 917 -1
916 -37.68183290879607 -157.415184754473 594.0535658375712 914 918 -1
917 -25.414091381255744 -174.03631517295213 566.0789531747602 915 919 -1
918 -37.783113035958195 -157.35949669225005 594.2128207511624 916 920 -1
919 -25.404764864328975 -174.0692000929204 565.9014557139272 917 921 -1
920 -37.88348454501731 -157.30404472896478 594.3727319529073 918 922 -1
921 -25.395201696677198 -174.10129892279284 565.7238269852068 919 923 -1
922 -37.982939374770346 -157.24882233711185 594.533294016661 920 924 -1
923 -25.3854520181604 -174.13262337648595 565.5460701860334 921 925 -1
924 -38.08147361707109 -157.1938219148658 594.6944985745163 922 926 -1
925 -25.375565605314037 -174.16318599344567 565.3681883559223 923 927 -1
926 -38.17907715749023 -157.13903727880574 594.8563415387125 924 928 -1
927 -25.365591449584212 -174.19299696497146 565.1901839048448 925 929 -1
928 -38.275748157150865 -157.08446029031512 595.0188131453427 926 930 -1
929 -25.35557842973934 -174.22206992244426 565.0120596030838 927 931 -1
930 -38.37147518838035 -157.03008488349428 595.1819100600128 928 932 -1
931 -25.34557478223897 -174.2504143638857 564.8338173932419 929 933 -1
932 -38.46625626860709 -156.97590290909395 595.3456226500465 930 934 -1
933 -25.33562821255699 -174.27804415631073 564.6554598114633 931 935 -1
934 -38.56008272964054 -156.92190757182206 595.5099456587313 932 936 -1
935 -25.325786316923075 -174.3049686796259 564.4769885970677 933 937 -1
936 -38.652948465076165 -156.8680914826916 595.6748721124045 934 938 -1
937 -25.316095644712586 -174.331201403817 564.29840611656 935 939 -1
938 -38.744849480626364 -156.81444685465925 595.8403937425348 936 940 -1
939 -25.306602976742678 -174.35675229143183 564.1197141790701 937 941 -1
940 -38.83577465554996 -156.7609670699633 596.0065065892023 938 942 -1
941 -25.29735401937228 -174.3816336231104 563.940915010906 939 943 -1
942 -38.92572266836454 -156.70764380707755 596.1732007270389 940 944 -1
943 -25.28839426990827 -174.40585660254203 563.7620107464428 941 945 -1
944 -39.014685156646074 -156.65446987344131 596.3404704507406 942 946 -1
945 -25.27976919487055 -174.42943167096027 563.5830035158968 943 947 -1
946 -39.10265507464284 -156.60143777457682 596.5083091857013 944 948 -1
947 -25.271522791932313 -174.4523710506492 563.4038958824872 945 949 -1
948 -39.18962906150938 -156.54853947785844 596.6767082557989 946 950 -1
949 -25.263699533466337 -174.47468518083818 563.2246903100718 947 951 -1
950 -39.275597764904056 -156.49576770243314 596.8456623127344 948 952 -1
951 -25.25634335471099 -174.49638473336515 563.045389516338 949 953 -1
952 -39.36055654154165 -156.4431144984758 597.0151633343236 950 954 -1
953 -25.249496890720014 -174.51748129680658 562.8659966045918 951 955 -1
954 -39.444500818867645 -156.39057191610055 597.1852032884324 952 956 -1
955 -25.24320287138174 -174.53798556982684 562.6865148128489 953 957 -1
956 -39.52742109702385 -156.33813246686648 597.3557766822966 954 958 -1
957 -25.237504403944527 -174.55790741633592 562.506947560923 955 959 -1
958 -39.60931344348179 -156.28578803633783 597.5268750554379 956 960 -1
959 -25.232442640729566 -174.57725808188346 562.3272988010764 957 961 -1
960 -39.69017291297801 -156.23353061693382 597.6984904915755 958 962 -1
961 -25.22805871783538 -174.59604817541762 562.1475727418027 959 963 -1
962 -39.769990708352 -156.18135245672067 597.8706169258793 960 964 -1
963 -25.224393432737585 -174.61428807378311 561.9677739351486 961 965 -1
964 -39.848761902353374 -156.12924544051384 598.043246315828 962 966 -1
965 -25.22148707294265 -174.6319880765794 561.7879073221991 963 967 -1
966 -39.92648202493257 -156.07720142660858 598.2163704076746 964 968 -1
967 -25.2193797269753 -174.64915820495963 561.6079782324947 965 969 -1
968 -40.003143837230795 -156.02521240508497 598.3899822089771 966 970 -1
969 -25.218110605490793 -174.66580865093536 561.4279924586383 967 971 -1
970 -40.078739703463064 -155.97327030115483 598.5640748024531 968 972 -1
971 -25.217717958741392 -174.68194974366696 561.2479562605953 969 973 -1
972 -40.15326730445718 -155.92136755217763 598.7386390839839 970 974 -1
973 -25.218239834871447 -174.69759148873837 561.0678763341144 971 975 -1
974 -40.22673184667376 -155.86950583276197 598.9136655807353 972 976 -1
975 -25.219713673988505 -174.71274382406585 560.8877598558188 973 977 -1
976 -40.29914350720247 -155.8176932669102 599.0891448238023 974 978 -1
977 -25.222176283282224 -174.72741662211087 560.7076144965765 975 979 -1
978 -40.37051703119184 -155.76593789125278 599.2650657092673 976 980 -1
979 -25.225663810400274 -174.74161969210516 560.5274484329807 977 981 -1
980 -40.44086706845672 -155.71424766415012 599.4414174940732 978 982 -1
981 -25.230211715127638 -174.75536278225118 560.3472703568417 979 983 -1
982 -40.510207468448975 -155.6626305374455 599.6181900744505 980 984 -1
983 -25.23585473943241 -174.76865558186333 560.1670894825949 981 985 -1
984 -40.57854986887126 -155.61109463106266 599.7953745379791 982 986 -1
985 -25.242626875958475 -174.78150772341573 559.9869155525237 983 987 -1
986 -40.64591076722554 -155.55964764161862 599.972960251043 984 988 -1
987 -25.250561335063026 -174.7939287844635 559.8067588397005 985 989 -1
988 -40.71230554389601 -155.50829727900725 600.1509373429346 986 990 -1
989 -25.259691541467326 -174.80592794317027 559.6266301816994 987 991 -1
990 -40.777749210614495 -155.4570512397229 600.3292963781175 988 992 -1
991 -25.27004855960214 -174.81751487425424 559.4465409200218 989 993 -1
992 -40.8422553008909 -155.4059173796658 600.5080287807025 990 994 -1
993 -25.281662844864233 -174.82869908229927 559.2665029185052 991 995 -1
994 -40.90584014520081 -155.3549032032421 600.6871251295779 992 996 -1
995 -25.294564151847286 -174.8394899435142 559.0865285652965 993 997 -1
996 -40.968520547861154 -155.30401607752378 600.8665760989677 994 998 -1
997 -25.308781271306923 -174.8498967859348 558.9066307578245 995 999 -1
998 -41.03031247621997 -155.25326342791874 601.0463729630868 996 1000 -1
999 -25.32434472217431 -174.8599281625742 558.7268230976913 997 1001 -1
1000 -41.09123159486616 -155.20265270074117 601.2265073723422 998 1002 -1
1001 -25.34127917611512 -174.86959393146523 558.5471193587514 999 1003 -1
1002 -41.15129292059428 -155.15219145713348 601.4069714754304 1000 1004 -1
1003 -25.359610144502394 -174.8789033327014 558.3675338840366 1001 1005 -1
1004 -41.21051500226637 -155.10188659365807 601.5877563189774 1002 1006 -1
1005 -25.379365831154015 -174.8878646595176 558.1880818457377 1003 1007 -1
1006 -41.26891457360493 -155.05174526248427 601.7688538987096 1004 1008 -1
1007 -25.400567125366603 -174.89648767981942 558.0087782807396 1005 1009 -1
1008 -41.32650853328499 -155.00177454864587 601.9502563887603 1006 1010 -1
1009 -25.423238161628294 -174.904781051637 557.8296390637889 1007 1011 -1
1010 -41.38331264198369 -154.95198178042114 602.1319566261242 1008 1012 -1
1011 -25.44740082256498 -174.9127536595116 557.6506803742751 1009 1013 -1
1012 -41.43934463508814 -154.902373832299 602.3139469326625 1010 1014 -1
1013 -25.4730749975953 -174.92041449983833 557.4719186547003 1011 1015 -1
1014 -41.49462270910909 -154.85295739758328 602.4962196861965 1012 1016 -1
1015 -25.500280446780884 -174.92777229094239 557.2933708297026 1013 1017 -1
1016 -41.54916432215873 -154.8037393008076 602.6787677622492 1014 1018 -1
1017 -25.529035929593324 -174.93483566433096 557.1150541869386 1015 1019 -1
1018 -41.60298704976684 -154.75472630426657 602.8615842057501 1016 1020 -1
1019 -25.55935605511165 -174.94161372001844 556.9369858334807 1017 1021 -1
1020 -41.65610692238683 -154.70592563879308 603.0446628454237 1018 1022 -1
1021 -25.59126024555443 -174.9481144083084 556.7591841174742 1019 1023 -1
1022 -41.70854326930667 -154.6573435169879 603.2279964820359 1020 1024 -1
1023 -25.624760253010887 -174.95434674907705 556.5816665470003 1021 1025 -1
1024 -41.760314181248994 -154.60898645838265 603.4115785743945 1022 1026 -1
1025 -25.659868933442056 -174.96031925235548 556.404451179748 1023 1027 -1
1026 -41.811437622205155 -154.5608609904492 603.5954028179168 1024 1028 -1
1027 -25.696598445610785 -174.96604026094843 556.2275563290538 1025 1029 -1
1028 -41.86193142157549 -154.51297367147464 603.7794631420796 1026 1030 -1
1029 -25.7349610052634 -174.97151785598263 556.0510007211961 1027 1031 -1
1030 -41.91181251612287 -154.46533143585958 603.9637539924762 1028 1032 -1
1031 -25.774964617121153 -174.97676047731915 555.874802553966 1029 1033 -1
1032 -41.961100584105225 -154.41794008891813 604.1482689550488 1030 1034 -1
1033 -25.816616799600123 -174.9817763454052 555.6989801977836 1031 1035 -1
1034 -42.009815554213425 -154.37080605618974 604.3330019015038 1032 1036 -1
1035 -25.85992419954614 -174.98657353035478 555.5235521005083 1033 1037 -1
1036 -42.057981814073536 -154.32393598164984 604.5179457769434 1034 1038 -1
1037 -25.904892070469312 -174.99116002394896 555.3485366333272 1035 1039 -1
1038 -42.105624033210034 -154.27733677715892 604.7030937318582 1036 1040 -1
1039 -25.951524269240245 -174.9955437346973 555.1739520429649 1037 1041 -1
1040 -42.15276724343916 -154.23101520561372 604.8884389871317 1038 1042 -1
1041 -26.0 -175.0 555.0 1039 -1 -1
1042 -42.19943765516957 -154.18497730015088 605.0739744806882 1040 1043 -1
1043 -42.24566064297599 -154.13922949193605 605.2596936523407 1042 1044 -1
1044 -42.29146162549111 -154.09377815453178 605.4455900893144 1043 1045 -1
1045 -42.336865323002755 -154.04863021991426 605.6316578439246 1044 1046 -1
1046 -42.381897767052585 -154.00379163414817 605.8178905542211 1045 1047 -1
1047 -42.42658479289575 -153.95926836580358 606.004282055134 1046 1048 -1
1048 -42.47095192381806 -153.9150665877583 606.1908264336554 1047 1049 -1
1049 -42.51502457788342 -153.87119257263902 606.3775179385302 1048 1050 -1
1050 -42.55882782790322 -153.82765311608964 606.5643511206392 1049 1051 -1
1051 -42.60238793583188 -153.78445346542605 606.7513199807402 1050 1052 -1
1052 -42.645730432159354 -153.7415996380976 606.9384189536382 1051 1053 -1
1053 -42.68888083581276 -153.69909761915252 607.1256425366497 1052 1054 -1
1054 -42.73186433857929 -153.65695416860356 607.3129855311769 1053 1055 -1
1055 -42.77470675476766 -153.6151747403968 607.5004423433211 1054 1056 -1
1056 -42.81743367537253 -153.57376495294048 607.6880075041362 1055 1057 -1
1057 -42.860070529413484 -153.53273068583934 607.8756756624525 1056 1058 -1
1058 -42.90264265433849 -153.4920783747324 608.0634416177334 1057 1059 -1
1059 -42.94517552210374 -153.45181395245746 608.2513000255036 1058 1060 -1
1060 -42.98769455649099 -153.4119426202825 608.4392453848251 1059 1061 -1
1061 -43.03022502962696 -153.372470184569 608.6272723374742 1060 1062 -1
1062 -43.072792239765256 -153.33340293912806 608.8153755854829 1061 1063 -1
1063 -43.11542152345 -153.2947470319684 609.0035497421757 1062 1064 -1
1064 -43.15813791951703 -153.25650741260756 609.191789186323 1063 1065 -1
1065 -43.20096647826204 -153.2186898374327 609.380088395506 1064 1066 -1
1066 -43.243933329680736 -153.1813007263423 609.5684416536839 1065 1067 -1
1067 -43.28706739411857 -153.14434622293692 609.7568424540938 1066 1068 -1
1068 -43.330397591507335 -153.10783141343148 609.9452839716308 1067 1069 -1
1069 -43.373953004500876 -153.07176218967192 610.1337593776831 1068 1070 -1
1070 -43.417763256100336 -153.0361454740144 610.3222617689793 1069 1071 -1
1071 -43.46185710006759 -153.00098671451195 610.5107840024328 1070 1072 -1
1072 -43.50626294976666 -152.96629118657683 610.6993188180865 1071 1073 -1
1073 -43.55100942713304 -152.93206474854526 610.8878588351616 1072 1074 -1
1074 -43.59612643192391 -152.8983149506178 611.0763964682479 1073 1075 -1
1075 -43.64164103294144 -152.86504588428153 611.264923971158 1074 1076 -1
1076 -43.68758136445393 -152.83226332020314 611.4534334303457 1075 1077 -1
1077 -43.73397644111253 -152.7999740993819 611.6419166591684 1076 1078 -1
1078 -43.780854011575734 -152.76818377972012 611.8303652997507 1077 1079 -1
1079 -43.82824086309958 -152.7368972094078 612.0187708594426 1078 1080 -1
1080 -43.876164972756555 -152.70612062382156 612.2071245088601 1079 1081 -1
1081 -43.92465473304923 -152.67586070847838 612.3954170815724 1080 1082 -1
1082 -43.9737354156244 -152.64612152620919 612.5836394926919 1081 1083 -1
1083 -44.023434052144324 -152.61690896587228 612.7717821986566 1082 1084 -1
1084 -44.073779186304904 -152.58823026042464 612.9598351208509 1083 1085 -1
1085 -44.12479459256502 -152.56008891427237 613.1477885478369 1084 1086 -1
1086 -44.176506653401404 -152.5324908052434 613.3356321056601 1085 1087 -1
1087 -44.22894312242844 -152.50544295815533 613.5233548310234 1086 1088 -1
1088 -44.282126489046014 -152.47894861773509 613.710946317328 1087 1089 -1
1089 -44.336083022398 -152.45301407778302 613.898395177903 1088 1090 -1
1090 -44.39083822612479 -152.4276451943866 614.0856897743529 1089 1091 -1
1091 -44.44641374569491 -152.4028453380037 614.2728188829587 1090 1092 -1
1092 -44.50283655178057 -152.37862175381784 614.4597698274539 1091 1093 -1
1093 -44.56012784481612 -152.3549779312864 614.6465307513821 1092 1094 -1
1094 -44.61831039469375 -152.33191866711113 614.8330891157597 1093 1095 -1
1095 -44.67740923345445 -152.30945038497876 615.0194314372479 1094 1096 -1
1096 -44.73744231088826 -152.28757517340492 615.2055455366584 1095 1097 -1
1097 -44.798435999679924 -152.26630065511316 615.3914167656731 1096 1098 -1
1098 -44.86040674513139 -152.2456284378921 615.577032577754 1097 1099 -1
1099 -44.923378201585145 -152.22556480263324 615.7623781623969 1098 1100 -1
1100 -44.987368154096025 -152.20611264128272 615.9474398649926 1099 1101 -1
1101 -45.052397177357335 -152.18727673929357 616.1322028625573 1100 1102 -1
1102 -45.11848318133236 -152.16906049392404 616.3166526767388 1101 1103 -1
1103 -45.185644849575546 -152.15146796383658 616.5007741976478 1102 1104 -1
1104 -45.253898704005984 -152.13450215683676 616.6845525683729 1103 1105 -1
1105 -45.32326303351908 -152.11816729188425 616.8679719631865 1104 1106 -1
1106 -45.393751147830635 -152.1024649700844 617.0510177815023 1105 1107 -1
1107 -45.465382760401546 -152.08740058346666 617.23367286836 1106 1108 -1
1108 -45.538167113468006 -152.07297388915595 617.415923269801 1107 1109 -1
1109 -45.61212362740049 -152.05919047255642 617.5977510674212 1108 1110 -1
1110 -45.68726160334807 -152.04605054768575 617.779141579235 1109 1111 -1
1111 -45.76359318707715 -152.03355610336598 617.9600787709132 1110 1112 -1
1112 -45.84113462337909 -152.02171150544154 618.1405446022281 1111 1113 -1
1113 -45.919891696000555 -152.01051569300301 618.3205247577828 1112 1114 -1
1114 -46.0 -152.0 618.5 1113 1115 1116
1115 -45.97966880051137 -152.12100215811603 618.6416273460144 1114 1117 -1
1116 -46.04431195788152 -151.83451541977365 618.6301115942126 1114 1118 -1
1117 -45.959569273973734 -152.2409889664041 618.7841555971464 1115 1119 -1
1118 -46.09157895243264 -151.6700576539569 618.7606190785756 1116 1120 -1
1119 -45.93967613128863 -152.36001027001774 618.9275198966848 1117 1121 -1
1120 -46.14178872326842 -151.50675752248907 618.8914808041302 1118 1122 -1
1121 -45.91999128179469 -152.47806745075152 619.0717077629273 1119 1123 -1
1122 -46.19490030781952 -151.34463314832038 619.0226585856179 1120 1124 -1
1123 -45.900516213147405 -152.59516404408257 619.216705153218 1121 1125 -1
1124 -46.25087182192416 -151.18370095493015 619.1541150505458 1122 1126 -1
1125 -45.881252570166545 -152.71130305823687 619.3624987678927 1123 1127 -1
1126 -46.30966060226017 -151.02397570484112 619.2858136785409 1124 1128 -1
1127 -45.86220201183025 -152.8264876639061 619.5090754456417 1125 1129 -1
1128 -46.37122351109559 -150.86547061910997 619.4177188444875 1126 1130 -1
1129 -45.84336597403392 -152.94072225402115 619.6564213101103 1127 1131 -1
1130 -46.43551767027328 -150.7081977137026 619.5497958660452 1128 1132 -1
1131 -45.82474571349743 -153.0540122145272 619.8045220001134 1129 1133 -1
1132 -46.50249763206964 -150.5521664959466 619.6820108612875 1130 1134 -1
1133 -45.8063425081514 -153.1663630397072 619.9533633928089 1131 1135 -1
1134 -46.572118919832235 -150.39738555720194 619.814330985706 1132 1136 -1
1135 -45.788157542901146 -153.2777808379588 620.1029312036588 1133 1137 -1
1136 -46.644336903453876 -150.24386208737212 619.9467243490011 1134 1138 -1
1137 -45.7701919095368 -153.38827232620176 620.2532110048936 1135 1139 -1
1138 -46.71910690426505 -150.09160193537474 620.0791600187606 1136 1140 -1
1139 -45.7524466068317 -153.49784482340456 620.4041882435981 1137 1141 -1
1140 -46.79638429304505 -149.94060967111974 620.2116080195187 1138 1142 -1
1141 -45.73492254082225 -153.60650624327837 620.5558482593668 1139 1143 -1
1142 -46.876124581159516 -149.7908886484834 620.344039327585 1140 1144 -1
1143 -45.71762052526236 -153.71426508618828 620.7081763014818 1141 1145 -1
1144 -46.95828350488896 -149.64244106881006 620.4764258620306 1142 1146 -1
1145 -45.70054128224478 -153.82113043033166 620.8611575455715 1143 1147 -1
1146 -47.042817103061246 -149.49526804451443 620.6087404722043 1144 1148 -1
1147 -45.68368544298176 -153.9271119222359 621.0147771097087 1145 1149 -1
1148 -47.129681788142534 -149.34936966240204 620.74095692215 1146 1150 -1
1149 -45.667053548736405 -154.0322197666284 621.1690200699157 1147 1151 -1
1150 -47.21883441097872 -149.2047450463635 620.8730498722701 1148 1152 -1
1151 -45.65064605189609 -154.13646471573136 621.3238714750421 1149 1153 -1
1152 -47.31023231940714 -149.06139241914323 621.004994858575 1150 1154 -1
1153 -45.63446331717916 -154.23985805803437 621.4793163609899 1151 1155 -1
1154 -47.40383341098396 -148.9193091629167 621.1367682698271 1152 1156 -1
1155 -45.618505815005626 -154.34241090094397 621.6353402448972 1153 1157 -1
1156 -47.499596180089156 -148.77849187845558 621.2683473228876 1154 1158 -1
1157 -45.602773577413934 -154.44413618723803 621.7919277450434 1155 1159 -1
1158 -47.597479759687545 -148.63893644268478 621.39971003653 1156 1160 -1
1159 -45.58726670499397 -154.5450467822082 621.949063908969 1157 1161 -1
1160 -47.697443958030874 -148.50063806447835 621.5308352039875 1158 1162 -1
1161 -45.5719852250591 -154.64515600677453 622.106733843252 1159 1163 -1
1162 -47.799449290594275 -148.3635913385631 621.6617023644628 1160 1164 -1
1163 -45.55692918196284 -154.74447732272316 622.2649229196808 1161 1165 -1
1164 -47.903457007539295 -148.22779029743486 621.7922917738218 1162 1166 -1
1165 -45.542098554381 -154.84302463415162 622.4236165710173 1163 1167 -1
1166 -48.00942997544926 -148.09322901020224 621.9225842341388 1164 1168 -1
1167 -45.52749294555736 -154.9408133105908 622.5827996380738 1165 1169 -1
1168 -48.11733057118965 -147.95990028945658 622.0525613837409 1166 1170 -1
1169 -45.51311207303848 -155.03785849594894 622.7424574717434 1167 1171 -1
1170 -48.227122002190704 -147.82779653883944 622.1822054999352 1168 1172 -1
1171 -45.49895589740266 -155.1341747510297 622.9025761344194 1169 1173 -1
1172 -48.338768644618966 -147.69691001509247 622.3114994003595 1170 1174 -1
1173 -45.48502373107767 -155.2297789246514 623.0631405882671 1171 1175 -1
1174 -48.45223568970717 -147.56723264030836 622.4404264669951 1172 1176 -1
1175 -45.471315040678775 -155.32468751254635 623.2241363713036 1173 1177 -1
1176 -48.56749019934677 -147.43875675449235 622.5689703767902 1174 1178 -1
1177 -45.45782964508281 -155.41891613241117 623.385549891991 1175 1179 -1
1178 -48.684498656207005 -147.31147350539666 622.6971155921982 1176 1180 -1
1179 -45.44456656927342 -155.51248299399023 623.5473662978759 1177 1181 -1
1180 -48.803228070225146 -147.1853735967881 622.8248471428318 1178 1182 -1
1181 -45.43152524619596 -155.60540522960767 623.7095717262481 1179 1183 -1
1182 -48.92364692728956 -147.06044797789124 622.9521503621329 1180 1184 -1
1183 -45.41870508494925 -155.69770024354946 623.872152461817 1181 1185 -1
1184 -49.04572614492492 -146.9366885786174 623.0790105460723 1182 1186 -1
1185 -45.40610499576308 -155.7893869991001 624.0350941726448 1183 1187 -1
1186 -49.169434598310716 -146.8140851917822 623.2054141284374 1184 1188 -1
1187 -45.39372452307642 -155.88048288306598 624.1983837651529 1185 1189 -1
1188 -49.29474289137885 -146.69262813154597 623.3313476853141 1186 1190 -1
1189 -45.3815624012859 -155.9710076246461 624.3620070631448 1187 1191 -1
1190 -49.421623975159406 -146.57230874824393 623.4567976436355 1188 1192 -1
1191 -45.369617907140466 -156.060979671544 624.5259509318555 1189 1193 -1
1192 -49.55005005778958 -146.4531172330074 623.5817511791764 1190 1194 -1
1193 -45.35788992124901 -156.15041864630507 624.6902018338915 1191 1195 -1
1194 -49.67999361005649 -146.3350433421962 623.7061959432891 1192 1196 -1
1195 -45.34637741786019 -156.23934407732415 624.8547465605358 1193 1197 -1
1196 -49.81143008619599 -146.21807844824517 623.8301190801384 1194 1198 -1
1197 -45.33507934300929 -156.32777571522368 625.0195720388833 1195 1199 -1
1198 -49.94433380234543 -146.1022125228361 623.9535085965839 1196 1200 -1
1199 -45.32399446084184 -156.41573386409956 625.1846651370151 1197 1201 -1
1200 -50.078679619991554 -145.98743538571824 624.076352809465 1198 1202 -1
1201 -45.313121711738724 -156.50323857791867 625.3500131099644 1199 1203 -1
1202 -50.21444572276147 -145.87373885438294 624.1986391989849 1200 1204 -1
1203 -45.30245973212496 -156.59031069246987 625.5156030096389 1201 1205 -1
1204 -50.351607734687875 -145.7611123001387 624.3203566724166 1202 1206 -1
1205 -45.292007394703155 -156.67697068600523 625.6814223148046 1203 1207 -1
1206 -50.49014350792697 -145.64954630269568 624.4414936860343 1204 1208 -1
1207 -45.28176328107995 -156.7632397380881 625.8474583303235 1205 1209 -1
1208 -50.630033008482 -145.53903262613338 624.5620381521145 1206 1210 -1
1209 -45.27172614266227 -156.84913882280816 626.0136986821213 1207 1211 -1
1210 -50.771253719503555 -145.42956065592375 624.6819794552422 1208 1212 -1
1211 -45.26189457021253 -156.93468932686122 626.1801309643872 1209 1213 -1
1212 -50.913786545776986 -145.32112202016145 624.8013058096542 1210 1214 -1
1213 -45.25226714799286 -157.01991274704258 626.3467428972034 1211 1215 -1
1214 -51.0576121119536 -145.21370772735818 624.9200058651951 1212 1216 -1
1215 -45.242842531523266 -157.10483058712038 626.5135223722245 1213 1217 -1
1216 -51.20271065928332 -145.1073080803497 625.0380688075498 1214 1218 -1
1217 -45.233619099225514 -157.18946485322755 626.6804571707878 1215 1219 -1
1218 -51.34906553341953 -145.00191548464355 625.1554825528193 1216 1220 -1
1219 -45.22459561915471 -157.27383711817612 626.8475354658605 1217 1221 -1
1220 -51.49665819665147 -144.89752047980886 625.2722362569202 1218 1222 -1
1221 -45.21577025362665 -157.357969823843 627.014745097586 1219 1223 -1
1222 -51.6454714065039 -144.79411429239317 625.3883186945643 1220 1224 -1
1223 -45.20714185813611 -157.4418846742366 627.1820744433622 1221 1225 -1
1224 -51.795490512093416 -144.6916899294252 625.5037174143289 1222 1226 -1
1225 -45.19870851924395 -157.52560431190898 627.3495114861923 1223 1227 -1
1226 -51.946698295920804 -144.59023799395018 625.6184216397219 1224 1228 -1
1227 -45.190468889105254 -157.60915086227143 627.517044604017 1225 1229 -1
1228 -52.099079638456146 -144.48975049269896 625.7324196259964 1226 1230 -1
1229 -45.182421271244344 -157.6925468625599 627.6846620461337 1227 1231 -1
1230 -52.25262132314867 -144.39022071921696 625.8456986193554 1228 1232 -1
1231 -45.17456400894976 -157.77581485206795 627.8523521471063 1229 1233 -1
1232 -52.40730821235104 -144.29164010932544 625.9582472125094 1230 1234 -1
1233 -45.16689564727949 -157.85897732741168 628.0201033441263 1231 1235 -1
1234 -52.56312678157533 -144.1940011674602 626.0700531565153 1232 1236 -1
1235 -45.159414263947255 -157.94205707807893 628.1879039686041 1233 1237 -1
1236 -52.720064560361116 -144.0972970306434 626.1811036179041 1234 1238 -1
1237 -45.15211849466238 -158.0250767034236 628.3557425206675 1235 1239 -1
1238 -52.87810950590841 -144.0015209637528 626.2913855424649 1236 1240 -1
1239 -45.145006413065836 -158.10805904180754 628.5236073950316 1237 1241 -1
1240 -53.037249039251435 -143.90666555838075 626.4008863378041 1238 1242 -1
1241 -45.138076400884536 -158.191026864011 628.6914870596388 1239 1243 -1
1242 -53.19747184772283 -143.81272425844384 626.5095925855073 1240 1244 -1
1243 -45.1313268269555 -158.27400301276396 628.8593699604635 1241 1245 -1
1244 -53.358767107108335 -143.71969072395075 626.6174905326873 1242 1246 -1
1245 -45.12475575819314 -158.35701030582945 629.0272445466175 1243 1247 -1
1246 -53.52112454931671 -143.6275589020253 626.7245660029421 1244 1248 -1
1247 -45.1183617510682 -158.44007168599225 629.1950992156892 1245 1249 -1
1248 -53.684534585467645 -143.53632314615342 626.8308042512314 1246 1250 -1
1249 -45.11214280186261 -158.52320994509407 629.3629223975125 1247 1251 -1
1250 -53.84898728850861 -143.4459773609951 626.9361907568239 1248 1252 -1
1251 -45.10609723065434 -158.6064479719263 629.5307024540384 1249 1253 -1
1252 -54.01447367859287 -143.3565161097151 627.0407101658534 1250 1254 -1
1253 -45.10022335284262 -158.6898086957325 629.6984276821985 1251 1255 -1
1254 -54.180985211514354 -143.26793419284147 627.1443466493254 1252 1256 -1
1255 -45.09451918482433 -158.77331478649802 629.8660864413516 1253 1257 -1
1256 -54.34851376842881 -143.18022665277053 627.247083871996 1254 1258 -1
1257 -45.08898318702503 -158.8569892907347 630.0336668506349 1255 1259 -1
1258 -54.51705164559289 -143.093388778448 627.348904960066 1256 1260 -1
1259 -45.083613360268714 -158.94085478440576 630.2011571684346 1257 1261 -1
1260 -54.68659154407594 -143.00741611026535 627.4497924675976 1258 1262 -1
1261 -45.07840791790032 -159.0249340001585 630.3685454910085 1259 1263 -1
1262 -54.85712682134871 -142.92230467230408 627.5497280844631 1260 1264 -1
1263 -45.07336517787812 -159.10924981528578 630.5358197409334 1261 1265 -1
1264 -55.028651140186106 -142.83805068409902 627.6486929093788 1262 1266 -1
1265 -45.0684830902727 -159.1938244943401 630.7029680232898 1263 1267 -1
1266 -55.20115806585242 -142.75465022443436 627.7466678256948 1264 1268 -1
1267 -45.0637600241302 -159.27868091404673 630.869978019438 1265 1269 -1
1268 -55.37464181669835 -142.67209989762267 627.8436327162732 1266 1270 -1
1269 -45.05919400466526 -159.36384130069115 631.0368375912342 1267 1271 -1
1270 -55.54909739921918 -142.59039697033435 627.9395662238348 1268 1272 -1
1271 -45.054783142531235 -159.44932791415394 631.203534437186 1269 1273 -1
1272 -55.724520245715574 -142.5095390753063 628.0344460374774 1270 1274 -1
1273 -45.05052575498945 -159.53516341469657 631.3700558925653 1271 1275 -1
1274 -55.90090480247006 -142.42952299231345 628.1282504354161 1272 1276 -1
1275 -45.0464197317889 -159.6213693752583 631.5363896678514 1273 1277 -1
1276 -56.07824827367346 -142.35034794637158 628.220954007127 1274 1278 -1
1277 -45.04246337551984 -159.7079682561618 631.702522840765 1275 1279 -1
1278 -56.256545324035685 -142.2720109851384 628.3125336184632 1276 1280 -1
1279 -45.038654699955224 -159.79498167774423 631.8684427206244 1277 1281 -1
1280 -56.4357938345752 -142.1945120552923 628.4029616340257 1278 1282 -1
1281 -45.034991762803685 -159.88243120620004 632.0341364410936 1279 1283 -1
1282 -56.615989691662676 -142.11784944498476 628.4922120118418 1280 1284 -1
1283 -45.031472823877806 -159.9703389262928 632.1995906456334 1281 1285 -1
1284 -56.797130082309344 -142.04202270957708 628.5802562780574 1282 1286 -1
1285 -45.02809573960795 -160.05872546971426 632.36479251002 1283 1287 -1
1286 -56.97921259479811 -141.96703191153006 628.6670644685406 1284 1288 -1
1287 -45.02485879087135 -160.14761273741672 632.5297283013639 1285 1289 -1
1288 -57.16223523484491 -141.8928776683387 628.7526049764703 1286 1290 -1
1289 -45.021759893814306 -160.23702118341348 632.6943848031256 1287 1291 -1
1290 -57.34619561610402 -141.8195604651332 628.8368455580792 1288 1292 -1
1291 -45.018797146395066 -160.32697172419748 632.8587482932086 1289 1293 -1
1292 -57.53109204189921 -141.74708165584144 628.9197517457735 1290 1294 -1
1293 -45.01596864601016 -160.41748512444812 633.0228048561116 1291 1295 -1
1294 -57.71692315889222 -141.6754432005893 629.0012871395979 1292 1296 -1
1295 -45.01327229095318 -160.50858107181162 633.1865408856326 1293 1297 -1
1296 -57.9036873028658 -141.60464712281936 629.0814142394439 1294 1298 -1
1297 -45.01070632233234 -160.60028058562412 633.3499417470276 1295 1299 -1
1298 -58.09138306231776 -141.53469606525437 629.1600934860744 1296 1300 -1
1299 -45.00826851007298 -160.69260226015095 633.5129938527372 1297 1301 -1
1300 -58.28001011271053 -141.46559411463775 629.2372816824557 1298 1302 -1
1301 -45.005957098957566 -160.7855667513509 633.675682148391 1299 1303 -1
1302 -58.469566767714795 -141.39734463444714 629.312935714113 1300 1304 -1
1303 -45.00376987719425 -160.8791921527288 633.8379927087094 1301 1305 -1
1304 -58.660053021817795 -141.3299531240911 629.3870073508748 1302 1306 -1
1305 -45.001704999031084 -160.97349821844398 633.9999103326165 1303 1307 -1
1306 -58.851467352011525 -141.263424360245 629.4594483487373 1304 1308 -1
1307 -44.9997603101299 -161.06850272334358 634.161420622495 1305 1309 -1
1308 -59.04380912482547 -141.19776471037196 629.5302060866746 1306 1310 -1
1309 -44.99793389028448 -161.1642244976564 634.3225082211989 1307 1311 -1
1310 -59.237077499537335 -141.1329812299241 629.5992250935051 1308 1312 -1
1311 -44.99622359794232 -161.26068072902405 634.4831583858892 1309 1313 -1
1312 -59.43127134954993 -141.0690817049424 629.666446869684 1310 1314 -1
1313 -44.99462748374122 -161.35788949857982 634.6433554811709 1311 1315 -1
1314 -59.626389173063835 -141.00607469809344 629.7318096982721 1312 1316 -1
1315 -44.99314337297185 -161.4558670610812 634.8030846055361 1313 1317 -1
1316 -59.82242961477546 -140.94397021640847 629.7952470948619 1314 1318 -1
1317 -44.99176933391017 -161.55463100139744 634.9623296720878 1315 1319 -1
1318 -60.0193903784285 -140.8827788332842 629.8566895210513 1316 1320 -1
1319 -44.990503111942424 -161.65419621192032 635.1210758765328 1317 1321 -1
1320 -60.217269011319964 -140.82251266700197 629.9160621299733 1318 1322 -1
1321 -44.989342840863316 -161.75458011983835 635.2793064463933 1319 1323 -1
1322 -60.41606184367103 -140.7631845525911 629.9732864583564 1320 1324 -1
1323 -44.9882862123806 -161.85579634681412 635.4370066164734 1321 1325 -1
1324 -60.61576474140298 -140.7048090788695 630.028277927186 1322 1326 -1
1325 -44.98733125458392 -161.95786076056092 635.5941598055132 1323 1327 -1
1326 -60.81637227321677 -140.64740205373934 630.0809468854629 1324 1328 -1
1327 -44.98647580562219 -162.06078727001633 635.750750288763 1325 1329 -1
1328 -61.01787773359412 -140.59098089027444 630.1311975453403 1326 1330 -1
1329 -44.98571768337944 -162.16458909836086 635.9067624044504 1327 1331 -1
1330 -61.22027314965377 -140.53556507592717 630.1789266106662 1328 1332 -1
1331 -44.985054926819174 -162.26928107162118 636.0621790140846 1329 1333 -1
1332 -61.42354795634806 -140.48117518172123 630.2240256058466 1330 1334 -1
1333 -44.98448524204538 -162.3748744422533 636.2169849652153 1331 1335 -1
1334 -61.627689657501556 -140.4278341895387 630.2663773840427 1332 1336 -1
1335 -44.98400649570568 -162.48138142349706 636.371164074801 1333 1337 -1
1336 -61.832682984308455 -140.37556723466548 630.3058565665843 1334 1338 -1
1337 -44.98361666337303 -162.58881491341305 636.5246992628106 1335 1339 -1
1338 -62.03850928448596 -140.3244016761532 630.3423292161739 1336 1340 -1
1339 -44.98331347985024 -162.6971847876316 636.6775751437696 1337 1341 -1
1340 -62.245146472438705 -140.27436810337915 630.3756498997362 1338 1342 -1
1341 -44.9830947863427 -162.80650144540672 636.8297755830331 1339 1343 -1
1342 -62.452567136948254 -140.22549894109548 630.4056654476667 1340 1344 -1
1343 -44.98295842738234 -162.91677476876484 636.9812844152618 1341 1345 -1
1344 -62.660738756336315 -140.17783014941304 630.4322101441402 1342 1346 -1
1345 -44.98290231885444 -163.02801496797434 637.1320848209637 1343 1347 -1
1346 -62.86962241894338 -140.13140116577028 630.4551057478224 1344 1348 -1
1347 -44.98292420898359 -163.14022963879793 637.2821615031179 1345 1349 -1
1348 -63.079171586517255 -140.0862551275537 630.4741608073296 1346 1350 -1
1349 -44.98302193172056 -163.25342676511252 637.4314985074063 1347 1351 -1
1350 -63.28933059272955 -140.04243890408506 630.4891706385323 1348 1352 -1
1351 -44.9831933196166 -163.3676136864986 637.580079980907 1349 1353 -1
1352 -63.5 -140.0 630.5 1350 -1 -1
1353 -44.983436204373525 -163.48279708446748 637.7278901957663 1351 1354 -1
1354 -44.98374841783847 -163.59898297433827 637.8749135699729 1353 1355 -1
1355 -44.98412779305453 -163.71617669815154 638.0211346885999 1354 1356 -1
1356 -44.98457216536589 -163.8343829186765 638.1665383254482 1355 1357 -1
1357 -44.985079373575886 -163.95360561456397 638.3111094650275 1356 1358 -1
1358 -44.98564726115574 -164.0738480766963 638.4548333247982 1357 1359 -1
1359 -44.98627367750171 -164.1951129057786 638.5976953776034 1358 1360 -1
1360 -44.986956479237996 -164.3174020112126 638.7396813742071 1359 1361 -1
1361 -44.987693531562144 -164.44071661128987 638.880777365859 1360 1362 -1
1362 -44.98848270962964 -164.56505723473353 639.0209697268003 1361 1363 -1
1363 -44.98932194434901 -164.69042467364517 639.1602443146551 1362 1364 -1
1364 -44.99020911524618 -164.81681777225376 639.2985884675197 1363 1365 -1
1365 -44.99114211522222 -164.94423461348399 639.4359900081088 1364 1366 -1
1366 -44.99211890975621 -165.0726739210897 639.5724359480123 1365 1367 -1
1367 -44.993137457999715 -165.20213333012813 639.707914088048 1366 1368 -1
1368 -44.99419568188526 -165.33260840623674 639.842414037842 1367 1369 -1
1369 -44.99529164907167 -165.46409742177414 639.9759226079001 1368 1370 -1
1370 -44.996423287945746 -165.59659373871304 640.1084312674787 1369 1371 -1
1371 -44.99758869999846 -165.73009438180085 640.2399277269259 1370 1372 -1
1372 -44.99878589762563 -165.86459254407094 640.3704034273693 1371 1373 -1
1373 -45.0 -166.0 640.5 1372 -1 -1
