0 59.0 -133.0 -372.0 -1 1 -1
1 58.5 -133.0 -372.0 0 2 -1
2 58.0 -132.5 -371.5 1 3 -1
3 57.5 -132.0 -371.0 2 4 -1
4 57.0 -131.5 -371.0 3 5 -1
5 56.5 -131.5 -371.0 4 6 -1
6 56.0 -131.5 -370.5 5 7 -1
7 55.5 -131.0 -370.0 6 8 -1
8 55.0 -131.0 -369.5 7 9 -1
9 54.5 -131.0 -369.0 8 10 -1
10 54.0 -131.0 -368.5 9 11 -1
11 53.5 -131.0 -368.0 10 12 -1
12 53.5 -131.0 -367.5 11 13 -1
13 53.0 -131.0 -367.0 12 14 -1
14 52.5 -131.0 -366.5 13 15 -1
15 52.0 -131.0 -366.0 14 16 -1
16 52.0 -131.0 -365.5 15 17 -1
17 51.5 -131.0 -365.0 16 18 -1
18 51.5 -131.0 -364.5 17 19 -1
19 51.0 -131.0 -364.0 18 20 -1
20 51.0 -131.0 -363.5 19 21 -1
21 50.5 -131.0 -363.0 20 22 -1
22 50.0 -131.5 -362.5 21 23 -1
23 49.5 -131.5 -362.0 22 24 -1
24 50.0 -132.0 -361.5 23 25 -1
25 49.5 -132.0 -361.0 24 26 -1
26 49.5 -132.5 -360.5 25 27 -1
27 49.0 -132.5 -360.0 26 28 -1
28 49.0 -133.0 -359.5 27 29 -1
29 49.0 -133.0 -359.0 28 30 -1
30 49.0 -133.0 -358.5 29 31 -1
31 48.5 -133.5 -358.0 30 32 -1
32 48.0 -134.0 -357.5 31 33 -1
33 48.0 -134.5 -357.0 32 34 -1
34 48.0 -135.0 -356.5 33 35 -1
35 47.5 -135.5 -356.5 34 36 -1
36 47.5 -136.0 -356.0 35 37 -1
37 47.0 -136.5 -355.5 36 38 -1
38 47.0 -136.5 -355.0 37 39 -1
39 46.5 -137.0 -354.5 38 40 -1
40 46.0 -137.5 -354.0 39 41 -1
41 46.0 -138.0 -354.0 40 42 -1
42 46.0 -138.5 -353.5 41 43 -1
43 45.5 -139.0 -353.0 42 44 -1
44 45.5 -139.0 -352.5 43 45 -1
45 45.0 -139.5 -352.0 44 46 -1
46 45.0 -140.0 -352.0 45 47 -1
47 44.5 -140.5 -351.5 46 48 -1
48 44.0 -141.0 -351.0 47 49 -1
49 44.0 -141.5 -350.5 48 50 -1
50 43.5 -142.0 -350.5 49 51 -1
51 43.0 -142.5 -350.5 50 52 -1
52 43.0 -143.0 -350.0 51 53 -1
53 43.0 -143.5 -349.5 52 54 -1
54 42.5 -144.0 -349.5 53 55 -1
55 42.0 -144.5 -349.5 54 56 -1
56 42.0 -145.0 -349.0 55 57 -1
57 41.5 -145.5 -349.0 56 58 -1
58 41.5 -146.0 -348.5 57 59 -1
59 41.0 -146.5 -348.5 58 60 -1
60 40.5 -147.0 -348.5 59 61 -1
61 40.0 -147.5 -348.5 60 62 -1
62 40.0 -148.0 -348.0 61 63 -1
63 39.5 -148.5 -348.0 62 64 -1
64 39.0 -149.0 -347.5 63 65 -1
65 38.5 -149.5 -347.5 64 66 -1
66 38.0 -150.0 -347.5 65 67 -1
67 37.5 -150.5 -347.0 66 68 -1
68 37.0 -151.0 -347.5 67 69 -1
69 36.5 -151.5 -347.5 68 70 -1
70 36.0 -152.0 -347.5 69 71 -1
71 35.5 -152.5 -348.0 70 72 -1
72 35.0 -153.0 -348.0 71 73 -1
73 34.5 -153.5 -348.0 72 74 -1
74 34.0 -154.0 -348.0 73 75 -1
75 33.5 -154.5 -348.0 74 76 -1
76 33.0 -155.0 -348.0 75 77 -1
77 32.5 -155.5 -348.5 76 78 -1
78 32.0 -156.0 -348.0 77 79 -1
79 31.5 -156.0 -348.5 78 80 -1
80 31.0 -156.5 -348.5 79 81 -1
81 30.5 -157.0 -349.0 80 82 -1
82 30.0 -157.0 -348.5 81 83 -1
83 29.5 -157.5 -349.0 82 84 -1
84 29.0 -158.0 -349.5 83 85 -1
85 28.5 -158.0 -349.5 84 86 -1
86 28.0 -158.5 -349.5 85 87 -1
87 27.5 -158.5 -349.5 86 88 -1
88 27.0 -159.0 -350.0 87 89 -1
89 26.5 -159.5 -350.5 88 90 -1
90 26.0 -159.5 -350.0 89 91 -1
91 25.5 -160.0 -350.5 90 92 -1
92 25.0 -160.0 -350.5 91 93 -1
93 24.5 -160.5 -350.5 92 94 -1
94 24.0 -161.0 -351.0 93 95 -1
95 23.5 -161.0 -350.5 94 96 -1
96 23.0 -161.5 -351.0 95 97 -1
97 22.5 -161.5 -350.5 96 98 -1
98 22.0 -162.0 -350.5 97 99 -1
99 21.5 -162.0 -350.5 98 100 -1
100 21.0 -162.5 -350.5 99 101 -1
101 20.5 -162.5 -350.5 100 102 -1
102 20.0 -162.5 -350.5 101 103 -1
103 19.5 -162.5 -350.0 102 104 -1
104 19.0 -162.5 -350.0 103 105 -1
105 18.5 -163.0 -350.0 104 106 -1
106 18.0 -163.5 -350.0 105 107 -1
107 17.5 -163.5 -350.0 106 108 -1
108 17.0 -164.0 -350.0 107 109 -1
109 16.5 -163.5 -349.5 108 110 -1
110 16.0 -164.0 -349.5 109 111 -1
111 15.5 -164.0 -349.0 110 112 -1
112 15.0 -164.0 -349.0 111 113 -1
113 14.5 -164.5 -349.0 112 114 -1
114 14.0 -164.5 -349.0 113 115 -1
115 13.5 -164.5 -348.5 114 116 -1
116 13.0 -165.0 -348.5 115 117 -1
117 12.5 -165.0 -348.0 116 118 -1
118 12.0 -165.5 -348.0 117 119 -1
119 11.5 -165.5 -347.5 118 120 -1
120 11.0 -165.5 -347.5 119 121 -1
121 10.5 -165.5 -347.0 120 122 -1
122 10.0 -166.0 -347.0 121 123 -1
123 9.5 -166.0 -346.5 122 124 -1
124 9.0 -166.0 -346.5 123 125 -1
125 8.5 -166.0 -346.0 124 126 -1
126 8.0 -166.0 -346.0 125 127 -1
127 7.5 -166.0 -345.5 126 128 -1
128 7.0 -166.0 -345.5 127 129 -1
129 6.5 -166.0 -345.0 128 130 -1
130 6.0 -166.0 -345.0 129 131 -1
131 5.5 -166.0 -344.5 130 132 -1
132 5.0 -166.0 -344.5 131 133 -1
133 4.5 -166.0 -344.0 132 134 -1
134 4.0 -166.0 -344.0 133 135 -1
135 3.5 -166.5 -344.0 134 136 -1
136 3.0 -166.5 -344.0 135 137 -1
137 2.5 -166.5 -344.0 136 138 -1
138 2.0 -166.5 -344.0 137 139 -1
139 1.5 -166.5 -344.0 138 140 -1
140 1.0 -166.5 -343.5 139 141 -1
141 0.5 -166.5 -343.5 140 142 -1
142 0.0 -166.5 -343.5 141 143 -1
143 -0.5 -166.0 -343.0 142 144 -1
144 -1.0 -166.0 -343.0 143 145 -1
145 -1.5 -166.0 -343.0 144 146 -1
146 -2.0 -166.0 -343.0 145 147 -1
147 -2.5 -166.0 -343.0 146 148 -1
148 -3.0 -166.0 -343.0 147 149 -1
149 -3.5 -165.5 -342.5 148 150 -1
150 -4.0 -166.0 -342.5 149 151 -1
151 -4.5 -166.0 -342.5 150 152 -1
152 -5.0 -166.0 -342.5 151 153 -1
153 -5.5 -166.0 -342.5 152 154 -1
154 -6.0 -165.5 -342.0 153 155 -1
155 -6.5 -165.5 -342.0 154 156 -1
156 -7.0 -165.5 -342.0 155 157 -1
157 -7.5 -165.5 -342.5 156 158 -1
158 -8.0 -165.0 -342.0 157 159 -1
159 -8.5 -165.0 -342.0 158 160 -1
160 -9.0 -165.0 -342.5 159 161 -1
161 -9.5 -164.5 -342.5 160 162 -1
162 -10.0 -164.0 -342.5 161 163 -1
163 -10.5 -164.0 -342.5 162 164 -1
164 -11.0 -164.0 -343.0 163 165 -1
165 -11.5 -164.0 -343.0 164 166 -1
166 -12.0 -163.5 -343.0 165 167 -1
167 -12.5 -163.0 -343.0 166 168 -1
168 -13.0 -163.0 -343.5 167 169 -1
169 -13.5 -163.0 -343.5 168 170 -1
170 -14.0 -162.5 -343.5 169 171 -1
171 -14.5 -162.0 -343.5 170 172 -1
172 -15.0 -162.0 -344.0 171 173 174
173 -15.0 -162.5 -344.5 172 175 -1
174 -15.5 -161.0 -343.5 172 176 -1
175 -15.0 -162.5 -345.0 173 177 -1
176 -16.0 -160.5 -343.0 174 178 -1
177 -15.0 -163.0 -345.5 175 179 -1
178 -16.0 -160.5 -342.5 176 180 -1
179 -15.0 -163.5 -346.0 177 181 -1
180 -16.5 -160.0 -342.0 178 182 -1
181 -14.5 -164.0 -346.5 179 183 -1
182 -17.0 -159.5 -342.0 180 184 -1
183 -14.5 -164.0 -347.0 181 185 -1
184 -17.5 -159.0 -341.5 182 186 -1
185 -14.5 -164.0 -347.5 183 187 -1
186 -18.0 -159.0 -341.5 184 188 -1
187 -14.5 -164.0 -348.0 185 189 -1
188 -18.5 -158.5 -341.0 186 190 -1
189 -14.5 -164.0 -348.5 187 191 -1
190 -18.5 -158.0 -340.5 188 192 -1
191 -14.5 -164.5 -349.0 189 193 -1
192 -19.0 -157.5 -340.0 190 194 -1
193 -14.5 -164.5 -349.5 191 195 -1
194 -19.0 -157.5 -339.5 192 196 -1
195 -14.0 -164.5 -350.0 193 197 -1
196 -19.5 -157.0 -339.0 194 198 -1
197 -14.0 -164.5 -350.5 195 199 -1
198 -20.0 -156.5 -338.5 196 200 -1
199 -14.0 -164.5 -351.0 197 201 -1
200 -20.5 -156.5 -338.0 198 202 -1
201 -14.0 -165.0 -351.5 199 203 -1
202 -21.0 -156.0 -337.5 200 204 -1
203 -14.0 -165.0 -352.0 201 205 -1
204 -21.0 -156.0 -337.0 202 206 -1
205 -13.5 -165.0 -352.5 203 207 -1
206 -21.5 -155.5 -336.5 204 208 -1
207 -13.5 -165.0 -353.0 205 209 -1
208 -22.0 -155.0 -336.0 206 210 -1
209 -13.5 -165.0 -353.5 207 211 -1
210 -22.5 -154.5 -335.5 208 212 -1
211 -13.5 -165.5 -354.0 209 213 -1
212 -22.5 -154.0 -335.5 210 214 -1
213 -13.5 -165.5 -354.5 211 215 -1
214 -23.0 -153.5 -335.0 212 216 -1
215 -13.5 -166.0 -355.0 213 217 -1
216 -23.5 -153.0 -334.5 214 218 -1
217 -13.5 -166.0 -355.5 215 219 -1
218 -24.0 -152.5 -334.0 216 220 -1
219 -13.5 -166.0 -356.0 217 221 -1
220 -24.0 -152.5 -333.5 218 222 -1
221 -13.5 -166.5 -356.5 219 223 -1
222 -24.5 -152.0 -333.0 220 224 -1
223 -13.5 -166.5 -357.0 221 225 -1
224 -25.0 -152.0 -333.0 222 226 -1
225 -13.0 -166.0 -357.5 223 227 -1
226 -25.5 -151.5 -332.5 224 228 -1
227 -13.0 -166.5 -358.0 225 229 -1
228 -26.0 -151.0 -332.0 226 230 -1
229 -13.0 -166.5 -358.5 227 231 -1
230 -26.5 -150.5 -331.5 228 232 -1
231 -13.0 -167.0 -359.0 229 233 -1
232 -27.0 -150.0 -331.0 230 234 -1
233 -13.0 -167.0 -359.5 231 235 -1
234 -27.5 -149.5 -330.5 232 236 -1
235 -13.0 -167.5 -360.0 233 237 -1
236 -27.5 -149.0 -330.0 234 238 -1
237 -13.0 -167.5 -360.5 235 239 -1
238 -28.0 -148.5 -329.5 236 240 -1
239 -13.0 -167.5 -361.0 237 241 -1
240 -28.5 -148.0 -329.5 238 242 -1
241 -13.0 -168.0 -361.5 239 243 -1
242 -29.0 -148.0 -329.5 240 244 -1
243 -13.0 -168.0 -362.0 241 245 -1
244 -29.5 -147.5 -329.0 242 246 -1
245 -12.5 -168.0 -362.5 243 247 -1
246 -29.0 -147.0 -328.5 244 248 -1
247 -13.0 -168.5 -363.0 245 249 -1
248 -29.5 -146.5 -328.0 246 250 -1
249 -13.0 -168.5 -363.5 247 251 -1
250 -29.5 -146.5 -327.5 248 252 -1
251 -13.0 -168.5 -364.0 249 253 -1
252 -29.5 -146.0 -327.0 250 254 -1
253 -12.5 -168.5 -364.5 251 255 -1
254 -30.0 -145.5 -327.0 252 256 -1
255 -12.5 -168.5 -365.0 253 257 -1
256 -30.5 -145.0 -326.5 254 258 -1
257 -13.0 -169.0 -365.5 255 259 -1
258 -30.5 -145.0 -326.0 256 260 -1
259 -13.0 -169.0 -366.0 257 261 -1
260 -31.0 -144.5 -325.5 258 262 -1
261 -13.0 -169.0 -366.5 259 263 -1
262 -31.5 -144.0 -325.0 260 264 -1
263 -13.5 -169.0 -367.0 261 265 -1
264 -32.0 -143.5 -324.5 262 266 -1
265 -13.5 -169.0 -367.5 263 267 -1
266 -32.0 -143.0 -324.0 264 268 -1
267 -13.5 -169.0 -368.0 265 269 -1
268 -32.5 -142.5 -323.5 266 270 -1
269 -13.5 -169.0 -368.5 267 271 -1
270 -32.5 -142.0 -323.0 268 272 -1
271 -14.0 -169.0 -369.0 269 273 -1
272 -33.0 -141.5 -322.5 270 274 -1
273 -13.5 -169.0 -369.5 271 275 -1
274 -33.0 -141.5 -322.0 272 276 -1
275 -14.0 -169.0 -370.0 273 277 -1
276 -33.5 -141.0 -321.5 274 278 -1
277 -14.5 -169.0 -370.5 275 279 -1
278 -34.0 -140.5 -321.0 276 280 -1
279 -14.0 -168.5 -371.0 277 281 -1
280 -34.5 -140.0 -320.5 278 282 -1
281 -14.0 -168.5 -371.5 279 283 -1
282 -35.0 -139.5 -320.0 280 284 -1
283 -14.0 -168.5 -372.0 281 285 -1
284 -35.0 -139.0 -319.5 282 286 -1
285 -14.5 -168.5 -372.5 283 287 -1
286 -35.0 -139.0 -319.0 284 288 -1
287 -14.5 -168.5 -373.0 285 289 -1
288 -35.5 -138.5 -318.5 286 290 -1
289 -15.0 -169.0 -373.5 287 291 -1
290 -36.0 -138.0 -318.0 288 292 -1
291 -15.0 -169.0 -374.0 289 293 -1
292 -36.5 -137.5 -317.5 290 294 -1
293 -15.0 -168.5 -374.5 291 295 -1
294 -37.0 -137.0 -317.5 292 296 -1
295 -15.5 -169.0 -375.0 293 297 -1
296 -37.5 -136.5 -317.0 294 298 -1
297 -15.0 -168.5 -375.5 295 299 -1
298 -38.0 -136.0 -316.5 296 300 -1
299 -15.0 -168.5 -376.0 297 301 -1
300 -38.5 -135.5 -316.5 298 302 -1
301 -15.0 -168.5 -376.5 299 303 -1
302 -39.0 -135.0 -316.0 300 304 305
303 -15.0 -168.5 -377.0 301 306 -1
304 -39.0 -135.5 -315.5 302 307 -1
305 -39.0 -134.5 -316.0 302 308 -1
306 -15.0 -168.5 -377.5 303 309 -1
307 -39.0 -135.5 -315.0 304 310 -1
308 -39.0 -134.0 -316.0 305 311 -1
309 -15.0 -168.0 -378.0 306 312 -1
310 -39.0 -135.5 -314.5 307 313 -1
311 -39.0 -133.5 -316.5 308 314 -1
312 -15.0 -168.0 -378.5 309 315 -1
313 -39.0 -135.5 -314.0 310 316 -1
314 -39.0 -133.0 -316.5 311 317 -1
315 -15.0 -167.5 -379.0 312 318 -1
316 -39.5 -136.0 -313.5 313 319 -1
317 -39.0 -132.5 -316.5 314 320 -1
318 -15.0 -167.5 -379.5 315 321 -1
319 -39.5 -136.0 -313.0 316 322 -1
320 -39.5 -132.0 -316.5 317 323 -1
321 -15.0 -167.5 -380.0 318 324 -1
322 -39.5 -136.0 -312.5 319 325 -1
323 -39.5 -131.5 -316.5 320 326 -1
324 -15.0 -167.5 -380.5 321 327 -1
325 -40.0 -136.0 -312.0 322 328 -1
326 -40.0 -131.0 -316.5 323 329 -1
327 -15.0 -167.5 -381.0 324 330 -1
328 -40.5 -135.5 -311.5 325 331 -1
329 -40.5 -130.5 -316.0 326 332 -1
330 -15.0 -167.5 -381.5 327 333 -1
331 -41.0 -135.0 -311.0 328 334 -1
332 -41.0 -130.5 -315.5 329 335 -1
333 -15.0 -167.5 -382.0 330 336 -1
334 -41.5 -135.0 -310.5 331 337 -1
335 -41.5 -130.0 -315.5 332 338 -1
336 -14.5 -167.0 -382.5 333 339 -1
337 -42.0 -135.0 -310.0 334 340 -1
338 -42.0 -130.0 -315.0 335 341 -1
339 -14.5 -167.0 -383.0 336 342 -1
340 -42.5 -135.0 -309.5 337 343 -1
341 -42.5 -129.5 -314.5 338 344 -1
342 -14.5 -167.0 -383.5 339 345 -1
343 -43.0 -135.0 -309.0 340 346 -1
344 -43.0 -129.5 -314.0 341 347 -1
345 -14.5 -167.0 -384.0 342 348 -1
346 -43.5 -135.5 -308.0 343 349 -1
347 -43.5 -129.0 -314.0 344 350 -1
348 -15.0 -167.0 -384.5 345 351 -1
349 -44.0 -135.5 -307.5 346 352 -1
350 -44.0 -128.5 -314.5 347 353 -1
351 -15.0 -166.5 -385.0 348 354 -1
352 -44.0 -136.0 -307.0 349 355 -1
353 -44.5 -128.5 -314.5 350 356 357
354 -15.0 -166.5 -385.5 351 358 -1
355 -44.5 -136.0 -306.5 352 359 -1
356 -45.0 -129.0 -314.5 353 360 -1
357 -45.0 -128.0 -315.0 353 361 -1
358 -15.0 -166.5 -386.0 354 362 -1
359 -44.5 -136.5 -306.0 355 363 -1
360 -45.5 -129.0 -314.5 356 364 -1
361 -45.5 -127.5 -315.0 357 365 -1
362 -15.0 -166.0 -386.5 358 366 -1
363 -44.5 -137.0 -305.5 359 367 -1
364 -46.0 -129.5 -314.5 360 368 -1
365 -46.0 -127.0 -315.5 361 369 -1
366 -15.0 -166.0 -387.0 362 370 -1
367 -45.0 -137.0 -305.0 363 371 -1
368 -46.5 -130.0 -314.5 364 372 -1
369 -46.5 -126.5 -315.5 365 373 -1
370 -14.5 -166.0 -387.5 366 374 -1
371 -45.0 -137.5 -304.5 367 375 -1
372 -47.0 -130.5 -314.5 368 376 -1
373 -47.0 -126.0 -316.0 369 377 -1
374 -14.5 -166.0 -388.0 370 378 -1
375 -45.5 -138.0 -304.0 371 379 -1
376 -47.5 -131.0 -314.5 372 380 -1
377 -47.5 -126.0 -316.0 373 381 -1
378 -14.5 -165.5 -388.5 374 382 -1
379 -45.5 -138.0 -303.5 375 383 -1
380 -48.0 -131.5 -314.5 376 -1 -1
381 -48.0 -125.5 -316.5 377 384 -1
382 -15.0 -165.5 -389.0 378 385 -1
383 -45.5 -138.5 -303.0 379 386 -1
384 -48.5 -125.5 -316.5 381 387 -1
385 -14.5 -165.0 -389.5 382 388 -1
386 -46.0 -139.0 -302.5 383 389 -1
387 -49.0 -125.5 -317.0 384 390 -1
388 -15.0 -165.5 -390.0 385 391 -1
389 -46.0 -139.5 -302.0 386 392 -1
390 -49.5 -125.5 -317.0 387 393 -1
391 -14.5 -165.0 -390.5 388 394 -1
392 -46.5 -140.0 -301.5 389 395 -1
393 -50.0 -125.5 -317.5 390 396 -1
394 -15.0 -165.0 -391.0 391 397 -1
395 -46.5 -140.5 -301.0 392 398 -1
396 -50.0 -125.0 -318.0 393 399 -1
397 -15.0 -165.0 -391.5 394 400 -1
398 -47.0 -141.0 -300.5 395 401 -1
399 -50.5 -125.0 -318.5 396 402 -1
400 -15.0 -164.5 -392.0 397 403 -1
401 -47.0 -141.5 -300.0 398 404 -1
402 -50.5 -124.5 -319.0 399 405 -1
403 -15.0 -164.5 -392.5 400 406 -1
404 -46.5 -141.5 -299.5 401 407 -1
405 -51.0 -124.0 -319.5 402 408 -1
406 -15.0 -164.5 -393.0 403 409 -1
407 -47.0 -142.0 -299.0 404 410 -1
408 -51.5 -123.5 -320.0 405 411 -1
409 -15.5 -164.5 -393.5 406 412 -1
410 -47.0 -142.5 -298.5 407 413 -1
411 -52.0 -123.0 -320.0 408 414 -1
412 -15.5 -164.5 -394.0 409 415 -1
413 -47.5 -143.0 -298.0 410 416 -1
414 -52.5 -122.5 -320.5 411 417 -1
415 -15.5 -164.5 -394.5 412 418 -1
416 -48.0 -143.5 -298.0 413 419 -1
417 -53.0 -122.0 -321.0 414 420 -1
418 -15.5 -164.5 -395.0 415 421 -1
419 -48.0 -144.0 -297.5 416 422 -1
420 -53.5 -121.5 -321.0 417 423 -1
421 -15.5 -164.5 -395.5 418 424 -1
422 -48.0 -144.5 -297.0 419 425 -1
423 -54.0 -121.5 -321.0 420 426 -1
424 -16.0 -164.5 -396.0 421 427 -1
425 -48.0 -145.0 -296.5 422 428 -1
426 -54.5 -121.0 -321.5 423 429 -1
427 -16.0 -164.5 -396.5 424 430 -1
428 -47.5 -145.0 -296.0 425 431 -1
429 -55.0 -121.0 -321.0 426 432 -1
430 -15.5 -164.0 -397.0 427 433 -1
431 -47.5 -145.5 -295.5 428 434 -1
432 -55.5 -120.5 -321.0 429 435 -1
433 -15.5 -164.0 -397.5 430 436 -1
434 -47.5 -146.0 -295.0 431 437 -1
435 -56.0 -120.0 -321.0 432 438 -1
436 -16.0 -164.0 -398.0 433 439 -1
437 -48.0 -146.5 -294.5 434 440 -1
438 -56.0 -119.5 -321.5 435 441 -1
439 -16.0 -164.0 -398.5 436 442 -1
440 -48.0 -147.0 -294.0 437 443 -1
441 -56.5 -119.0 -321.5 438 444 -1
442 -16.0 -164.0 -399.0 439 445 -1
443 -48.0 -147.5 -293.5 440 446 -1
444 -57.0 -119.0 -321.5 441 447 -1
445 -16.0 -164.0 -399.5 442 448 -1
446 -47.5 -147.5 -293.0 443 449 -1
447 -57.5 -118.5 -321.5 444 450 -1
448 -16.0 -163.5 -400.0 445 451 -1
449 -47.0 -147.5 -292.5 446 452 -1
450 -58.0 -118.0 -321.5 447 453 -1
451 -16.0 -163.5 -400.5 448 454 -1
452 -47.5 -148.0 -292.0 449 455 -1
453 -58.5 -117.5 -321.5 450 456 -1
454 -16.0 -163.5 -401.0 451 457 -1
455 -48.0 -148.5 -291.5 452 458 -1
456 -59.0 -117.0 -321.5 453 459 -1
457 -16.5 -163.5 -401.5 454 460 -1
458 -48.0 -149.0 -291.0 455 461 -1
459 -59.5 -116.5 -321.5 456 462 -1
460 -16.0 -163.5 -402.0 457 463 -1
461 -48.0 -149.5 -290.5 458 464 -1
462 -59.5 -116.0 -321.5 459 465 -1
463 -16.5 -163.5 -402.5 460 466 -1
464 -48.5 -150.0 -290.0 461 467 -1
465 -60.0 -115.5 -321.0 462 468 -1
466 -16.5 -163.5 -403.0 463 -1 -1
467 -48.5 -150.5 -289.5 464 469 -1
468 -60.5 -115.0 -321.0 465 470 -1
469 -48.5 -151.0 -289.0 467 471 -1
470 -61.0 -114.5 -321.0 468 472 -1
471 -48.5 -151.5 -288.5 469 473 -1
472 -61.5 -114.0 -321.0 470 474 -1
473 -49.0 -152.0 -288.0 471 475 -1
474 -62.0 -113.5 -320.5 472 476 -1
475 -48.5 -152.0 -287.5 473 477 -1
476 -62.5 -113.0 -320.5 474 478 -1
477 -48.5 -152.5 -287.0 475 479 -1
478 -63.0 -112.5 -320.5 476 480 -1
479 -48.0 -153.0 -286.5 477 481 -1
480 -63.5 -112.0 -320.5 478 482 -1
481 -48.0 -153.5 -286.5 479 483 -1
482 -64.0 -112.0 -320.0 480 484 -1
483 -47.5 -154.0 -286.5 481 485 -1
484 -64.5 -111.5 -319.5 482 486 -1
485 -48.0 -154.5 -286.5 483 487 -1
486 -65.0 -111.5 -320.0 484 488 -1
487 -48.5 -155.0 -286.5 485 489 -1
488 -65.5 -111.0 -319.5 486 490 -1
489 -49.0 -155.5 -286.5 487 491 -1
490 -65.5 -110.5 -319.5 488 492 -1
491 -49.5 -156.0 -286.5 489 493 -1
492 -66.0 -110.0 -319.5 490 494 -1
493 -50.0 -156.5 -286.0 491 495 -1
494 -66.5 -109.5 -319.0 492 496 -1
495 -50.5 -157.0 -286.0 493 497 -1
496 -67.0 -109.0 -318.5 494 498 -1
497 -51.0 -157.5 -286.0 495 499 -1
498 -67.5 -108.5 -318.0 496 500 -1
499 -51.5 -158.0 -286.0 497 501 -1
500 -68.0 -108.0 -317.5 498 502 -1
501 -52.0 -158.5 -286.0 499 503 -1
502 -68.5 -108.0 -317.0 500 504 -1
503 -52.5 -159.0 -286.0 501 505 -1
504 -69.0 -107.5 -316.5 502 506 -1
505 -52.5 -159.5 -286.0 503 507 -1
506 -69.0 -107.0 -316.0 504 508 -1
507 -53.0 -160.0 -286.0 505 509 -1
508 -69.5 -106.5 -315.5 506 510 -1
509 -53.5 -160.5 -286.0 507 511 -1
510 -70.0 -106.0 -315.0 508 512 -1
511 -54.0 -161.0 -286.0 509 513 -1
512 -70.5 -106.0 -314.5 510 514 -1
513 -54.0 -161.5 -286.5 511 515 -1
514 -71.0 -105.5 -314.0 512 516 -1
515 -54.5 -162.0 -287.0 513 517 -1
516 -71.0 -105.0 -313.5 514 518 -1
517 -55.0 -162.0 -286.5 515 519 -1
518 -71.5 -105.0 -313.0 516 520 -1
519 -55.5 -162.5 -287.0 517 521 -1
520 -71.5 -104.5 -312.5 518 522 -1
521 -55.5 -163.0 -287.5 519 523 -1
522 -71.5 -104.0 -312.0 520 524 -1
523 -56.0 -163.5 -287.5 521 525 -1
524 -71.5 -103.5 -311.5 522 526 -1
525 -56.0 -164.0 -287.5 523 527 -1
526 -72.0 -103.5 -311.0 524 528 -1
527 -55.5 -164.5 -288.0 525 -1 -1
528 -72.0 -103.5 -310.5 526 529 -1
529 -72.0 -103.0 -310.0 528 530 -1
530 -72.5 -103.0 -309.5 529 531 -1
531 -72.5 -102.5 -309.0 530 532 -1
532 -72.5 -102.5 -308.5 531 533 -1
533 -73.0 -102.5 -308.0 532 534 -1
534 -73.0 -102.5 -307.5 533 535 -1
535 -73.5 -102.5 -307.0 534 536 -1
536 -74.0 -102.5 -306.5 535 -1 -1
